8.0395829418396959e-13 8.5716410168920981e+05 2.9536717178486433e+05 1.1257147756053450e+17 1.9902302777339374e+27
7.8559746834753246e-13 8.5868345015714166e+05 2.9597522332984093e+05 1.1329880051321475e+17 2.0155864230159512e+27
7.6765596765250801e-13 8.6021852399807249e+05 2.9658307165551098e+05 1.1403100067233789e+17 2.0416757019089781e+27
7.5012421553758558e-13 8.6176931741806003e+05 2.9719060909455799e+05 1.1476802286630325e+17 2.0686183180923808e+27
7.3299285415128468e-13 8.6333553471819474e+05 2.9779763535535045e+05 1.1550969402071974e+17 2.0964053823513135e+27
7.1625273935704306e-13 8.6491686544483027e+05 2.9840393858519173e+05 1.1625582498041584e+17 2.1250078502780182e+27
6.9989493585237990e-13 8.6651308175543335e+05 2.9900931540372234e+05 1.1700624098108395e+17 2.1545237951412014e+27
6.8391071239955609e-13 8.6812409339673375e+05 2.9961360126484151e+05 1.1776081744686040e+17 2.1849476807939225e+27
6.6829153716511489e-13 8.6975003181755496e+05 3.0021670616336033e+05 1.1851952194088944e+17 2.2162630373971445e+27
6.5302907316589952e-13 8.7139070273448236e+05 3.0081847272808186e+05 1.1928222480522565e+17 2.2485343987455461e+27
6.3811517381904706e-13 8.7304578518023691e+05 3.0141868303679320e+05 1.2004871844524698e+17 2.2818490649618669e+27
6.2354187859361313e-13 8.7471493582561880e+05 3.0201710374624061e+05 1.2081877581078832e+17 2.3161356164011437e+27
6.0930140876152718e-13 8.7639808167063235e+05 3.0261356518605346e+05 1.2159225651906472e+17 2.3516516484242867e+27
5.9538616324556484e-13 8.7809500863961666e+05 3.0320790443007404e+05 1.2236902313828128e+17 2.3878237677275635e+27
5.8178871456214496e-13 8.7980561031697411e+05 3.0379989919484500e+05 1.2314885996707446e+17 2.4253522367328928e+27
5.6850180485680912e-13 8.8152974605730281e+05 3.0438940234386607e+05 1.2393165227738938e+17 2.4639893692099150e+27
5.5551834203020698e-13 8.8326731164250907e+05 3.0497625296802761e+05 1.2471725657026136e+17 2.5037631997280116e+27
5.4283139595259256e-13 8.8501791482842865e+05 3.0556019703565439e+05 1.2550540378269746e+17 2.5448080078130983e+27
5.3043419476474946e-13 8.8678146800148510e+05 3.0614106543543335e+05 1.2629594396949298e+17 2.5869994053636038e+27
5.1832012126339740e-13 8.8855780435669608e+05 3.0671868015267240e+05 1.2708870552797445e+17 2.6305948821668186e+27
5.0648270936916735e-13 8.9034651252966735e+05 3.0729277101583168e+05 1.2788339025618120e+17 2.6753330536458931e+27
4.9491564067522283e-13 8.9214746303696837e+05 3.0786316156797385e+05 1.2867983752582765e+17 2.7215126417999037e+27
4.8361274107470329e-13 8.9396066368956736e+05 3.0842968592575262e+05 1.2947789449355870e+17 2.7690377007974201e+27
4.7256797746521049e-13 8.9578588802407146e+05 3.0899215058929962e+05 1.3027736083603898e+17 2.8180185308234923e+27
4.6177545452852868e-13 8.9762267459350557e+05 3.0955030595338781e+05 1.3107794420374747e+17 2.8684570183196384e+27
4.5122941158391827e-13 8.9947054886755638e+05 3.1010384410072240e+05 1.3187928795253326e+17 2.9203873271208703e+27
4.4092421951325472e-13 9.0132959349284961e+05 3.1065259527812095e+05 1.3268124449062797e+17 2.9738537416041058e+27
4.3085437775639206e-13 9.0319979423529969e+05 3.1119638322074903e+05 1.3348364629423768e+17 3.0289776789747971e+27
4.2101451137516242e-13 9.0508112947017211e+05 3.1173504617808678e+05 1.3428633750017262e+17 3.0857738145901933e+27
4.1139936818441155e-13 9.0697312833974662e+05 3.1226833939905127e+05 1.3508901695256390e+17 3.1442543700400119e+27
4.0200381594855675e-13 9.0887543777098914e+05 3.1279600350787269e+05 1.3589137891183765e+17 3.2044418890963686e+27
3.9282283964218600e-13 9.1078782932058687e+05 3.1331780681811413e+05 1.3669316161233363e+17 3.2664653081525933e+27
3.8385153877319545e-13 9.1271020893998654e+05 3.1383354286603659e+05 1.3749414451292936e+17 3.3303236481872244e+27
3.7508512476708503e-13 9.1464253612839268e+05 3.1434303768190159e+05 1.3829414797939184e+17 3.3961354409934952e+27
3.6651891841097572e-13 9.1658434836846963e+05 3.1484605125710391e+05 1.3909286103998570e+17 3.4639280924159801e+27
3.5814834735600098e-13 9.1853517574418918e+05 3.1534229564595787e+05 1.3988991935045565e+17 3.5336966103570889e+27
3.4996894367675177e-13 9.2049483870093978e+05 3.1583153988423746e+05 1.4068505575193586e+17 3.6055723505244439e+27
3.4197634148644563e-13 9.2246317696445470e+05 3.1631356320651475e+05 1.4147801462153853e+17 3.6796793902160700e+27
3.3416627460656126e-13 9.2443984407262260e+05 3.1678810915771424e+05 1.4226847327816456e+17 3.7558613404311316e+27
3.2653457428970620e-13 9.2642452598370216e+05 3.1725493768330192e+05 1.4305613542538666e+17 3.8343775806799740e+27
3.1907716699447724e-13 9.2841684669209202e+05 3.1771373664175236e+05 1.4384059035819557e+17 3.9154277188920426e+27
3.1179007221113923e-13 9.3041665313625103e+05 3.1816425415031920e+05 1.4462156091001024e+17 3.9986114332959091e+27
3.0466940033697372e-13 9.3242411506835336e+05 3.1860630172598327e+05 1.4539885876602698e+17 4.0844082001110434e+27
2.9771135060013152e-13 9.3443897591197665e+05 3.1903965815713850e+05 1.4617220129734570e+17 4.1728142073596073e+27
2.9091220903091890e-13 9.3646099216806120e+05 3.1946410481709318e+05 1.4694131019707805e+17 4.2638768970550095e+27
2.8426834647940371e-13 9.3848952584615478e+05 3.1987937577073259e+05 1.4770579017831283e+17 4.3576392380199839e+27
2.7777621667829500e-13 9.4052412728897796e+05 3.2028516939000838e+05 1.4846523561000246e+17 4.4542458214951657e+27
2.7143235435007391e-13 9.4256458263384819e+05 3.2068121526877646e+05 1.4921930775114906e+17 4.5537045063047175e+27
2.6523337335734285e-13 9.4461072844707663e+05 3.2106724526202178e+05 1.4996767865320742e+17 4.6562058649955097e+27
2.5917596489541772e-13 9.4666255160078860e+05 3.2144302729759231e+05 1.5071008240243034e+17 4.7616817503062838e+27
2.5325689572620839e-13 9.4871997455980175e+05 3.2180837441697996e+05 1.5144628950464083e+17 4.8704416984278368e+27
2.4747300645241784e-13 9.5078207953747141e+05 3.2216299948494823e+05 1.5217582072807414e+17 4.9824053227734124e+27
2.4182120983117104e-13 9.5284838718547719e+05 3.2250658353664738e+05 1.5289824618603898e+17 5.0970067991983557e+27
2.3629848912614671e-13 9.5491913653989625e+05 3.2283885869748099e+05 1.5361325723819302e+17 5.2164524018058448e+27
2.3090189649734352e-13 9.5699400514622952e+05 3.2315959386340238e+05 1.5432057111887027e+17 5.3388140187278451e+27
2.2562855142762949e-13 9.5907251533016260e+05 3.2346852288256679e+05 1.5501978284197210e+17 5.4646394016424576e+27
2.2047563918521709e-13 9.6115437590470188e+05 3.2376535980328068e+05 1.5571051105596160e+17 5.5944184336842255e+27
2.1544040932125280e-13 9.6323946639629686e+05 3.2404984170387051e+05 1.5639242835029645e+17 5.7280904115572985e+27
2.1052017420172673e-13 9.6532770569523307e+05 3.2432175562783366e+05 1.5706526990233136e+17 5.8657904191945522e+27
2.0571230757290243e-13 9.6741839690727380e+05 3.2458087850351242e+05 1.5772864485139904e+17 6.0075245016453567e+27
2.0101424315950971e-13 9.6951101443301945e+05 3.2482691692958784e+05 1.5838211692646074e+17 6.1534620539673121e+27
1.9642347329496030e-13 9.7160511434444110e+05 3.2505959272705409e+05 1.5902527828948630e+17 6.3037032460867529e+27
1.9193754758283432e-13 9.7370020096224546e+05 3.2527856241254101e+05 1.5965763893162509e+17 6.4584257306890075e+27
1.8755407158894795e-13 9.7579621248676965e+05 3.2548347922961379e+05 1.6027878645699014e+17 6.6177147726945947e+27
1.8327070556328355e-13 9.7789335965712543e+05 3.2567406859203830e+05 1.6088843949594160e+17 6.7817145678062838e+27
1.7908516319110873e-13 9.7999142913256516e+05 3.2585013191715197e+05 1.6148632007145366e+17 6.9506229402580777e+27
1.7499521037262478e-13 9.8208964593176043e+05 3.2601143280101463e+05 1.6207200187540531e+17 7.1245556619882261e+27
1.7099866403047436e-13 9.8418779620872124e+05 3.2615771342101035e+05 1.6264513631372714e+17 7.3036355235275196e+27
1.6709339094449448e-13 9.8628516107809206e+05 3.2628871855228697e+05 1.6320528730809331e+17 7.4878528485173957e+27
1.6327730661307397e-13 9.8838136975081614e+05 3.2640411576983542e+05 1.6375199501297344e+17 7.6776182518582767e+27
1.5954837414051565e-13 9.9047632997497963e+05 3.2650356873718003e+05 1.6428485536519734e+17 7.8729006088883786e+27
1.5590460314981504e-13 9.9256999605711980e+05 3.2658678847708186e+05 1.6480352584265779e+17 8.0739955474046658e+27
1.5234404872026269e-13 9.9466214060132473e+05 3.2665356183039467e+05 1.6530771076770608e+17 8.2810396868277758e+27
1.4886481034931015e-13 9.9675222085222998e+05 3.2670366350325482e+05 1.6579703907429014e+17 8.4940893990034610e+27
1.4546503093815020e-13 9.9884006196929200e+05 3.2673687199215480e+05 1.6627121793679818e+17 8.7134677830115623e+27
1.4214289580045901e-13 1.0009247531999303e+06 3.2675301335024799e+05 1.6672985442015478e+17 8.9390925777774894e+27
1.3889663169377659e-13 1.0030058080138064e+06 3.2675175710959657e+05 1.6717247183724650e+17 9.1713344090500508e+27
1.3572450587301461e-13 1.0050831961625362e+06 3.2673271077001264e+05 1.6759862564193795e+17 9.4100488720990113e+27
1.3262482516557153e-13 1.0071571690131860e+06 3.2669557982454955e+05 1.6800804128899338e+17 9.6559999668120771e+27
1.2959593506757878e-13 1.0092275827550859e+06 3.2664027137592033e+05 1.6840058248468691e+17 9.9089279805952292e+27
1.2663621886078123e-13 1.0112929276251051e+06 3.2656679424013116e+05 1.6877592481595962e+17 1.0169079113525337e+28
1.2374409674958667e-13 1.0133525606503703e+06 3.2647480925974157e+05 1.6913355669895738e+17 1.0436691914963874e+28
1.2091802501782780e-13 1.0154063874776283e+06 3.2636387208466930e+05 1.6947296591743274e+17 1.0711626315144549e+28
1.1815649520477777e-13 1.0174545173930094e+06 3.2623361093253718e+05 1.6979377407426003e+17 1.0994825918644386e+28
1.1545803329998362e-13 1.0194967742137969e+06 3.2608377787084342e+05 1.7009568150694464e+17 1.1285841817790466e+28
1.1282119895649331e-13 1.0215326954676904e+06 3.2591420773804362e+05 1.7037841010116365e+17 1.1585171326993203e+28
1.1024458472204377e-13 1.0235620353286228e+06 3.2572467059263546e+05 1.7064166639391629e+17 1.1892841720101935e+28
1.0772681528781416e-13 1.0255844543798944e+06 3.2551506478650792e+05 1.7088527537052422e+17 1.2209157476760788e+28
1.0526654675433147e-13 1.0275989386338245e+06 3.2528531453802087e+05 1.7110893373408374e+17 1.2534214370424878e+28
1.0286246591414157e-13 1.0296051089289571e+06 3.2503509385555511e+05 1.7131221979899581e+17 1.2868322563093104e+28
1.0051328955086642e-13 1.0316028460725388e+06 3.2476403052758082e+05 1.7149471774261648e+17 1.3211434402547763e+28
9.8217763754265583e-14 1.0335920707302809e+06 3.2447182459966681e+05 1.7165611737831133e+17 1.3564402165898779e+28
9.5974663250940560e-14 1.0355726784595116e+06 3.2415830864139518e+05 1.7179624110549990e+17 1.3926649034057613e+28
9.3782790750328011e-14 1.0375437168255756e+06 3.2382358126294357e+05 1.7191499746048758e+17 1.4299122414641779e+28
9.1640976305625656e-14 1.0395045461807436e+06 3.2346742347311391e+05 1.7201202951522141e+17 1.4681397300814611e+28
8.9548076689313450e-14 1.0414548457847909e+06 3.2308949384622934e+05 1.7208692974967933e+17 1.5073704308848700e+28
8.7502974782940347e-14 1.0433945042960398e+06 3.2268942609459296e+05 1.7213932072149398e+17 1.5476785840907127e+28
8.5504578980841602e-14 1.0453233482142206e+06 3.2226694999332493e+05 1.7216891801817232e+17 1.5890761383996349e+28
8.3551822607479450e-14 1.0472411629730004e+06 3.2182190123394458e+05 1.7217554500677091e+17 1.6315542983370796e+28
8.1643663348086941e-14 1.0491474250788647e+06 3.2135420556268620e+05 1.7215904762768515e+17 1.6751408260536537e+28
7.9779082692314898e-14 1.0510419345708760e+06 3.2086365509376937e+05 1.7211921363615411e+17 1.7198885690639624e+28
7.7957085390588123e-14 1.0529244598500486e+06 3.2035014279850043e+05 1.7205593719875622e+17 1.7657895807007407e+28
7.6176698922872544e-14 1.0547944661452379e+06 3.1981367282182258e+05 1.7196915109052253e+17 1.8128705710581288e+28
7.4436972979579387e-14 1.0566517707727940e+06 3.1925407613357168e+05 1.7185870508162045e+17 1.8611930727414474e+28
7.2736978954321352e-14 1.0584961099029137e+06 3.1867142250065040e+05 1.7172467515968864e+17 1.9107459513678104e+28
7.1075809448253324e-14 1.0603263689726482e+06 3.1806598611218022e+05 1.7156714043510832e+17 1.9615376360195635e+28
6.9452577785735583e-14 1.0621420930072353e+06 3.1743752850144968e+05 1.7138581006264685e+17 2.0135213938679250e+28
6.7866417541055714e-14 1.0639429156640109e+06 3.1678574734747619e+05 1.7118035453695094e+17 2.0668224858463783e+28
6.6316482075959181e-14 1.0657286292733373e+06 3.1611029957739136e+05 1.7095045124638816e+17 2.1213796370650883e+28
6.4801944087744509e-14 1.0674989463406915e+06 3.1541094292223564e+05 1.7069586889852598e+17 2.1773269751076196e+28
6.3321995167676364e-14 1.0692536202499734e+06 3.1468743865467090e+05 1.7041639414311952e+17 2.2345784613698511e+28
6.1875845369483762e-14 1.0709925748525606e+06 3.1393950125970080e+05 1.7011182217892224e+17 2.2932368560858266e+28
6.0462722787715319e-14 1.0727157592143323e+06 3.1316698018345679e+05 1.6978209753438394e+17 2.3532673237439170e+28
5.9081873145721601e-14 1.0744232255301336e+06 3.1236986859400931e+05 1.6942734621209622e+17 2.4148225017713750e+28
5.7732559393047217e-14 1.0761142399843908e+06 3.1154881109998620e+05 1.6904814989319747e+17 2.4776912488393602e+28
5.6414061312020209e-14 1.0777882201154465e+06 3.1070393732310447e+05 1.6864460166875398e+17 2.5420717918072252e+28
5.5125675133322412e-14 1.0794449509806188e+06 3.0983512707300548e+05 1.6821664806880054e+17 2.6078895471452742e+28
5.3866713160343085e-14 1.0810840752756218e+06 3.0894252444755129e+05 1.6776446214479645e+17 2.6751807514202219e+28
5.2636503402109189e-14 1.0827049862489740e+06 3.0802626283521822e+05 1.6728814226034474e+17 2.7439215570517633e+28
5.1434389214598862e-14 1.0843073516031180e+06 3.0708618947219383e+05 1.6678757654682710e+17 2.8141515865778358e+28
5.0259728950248755e-14 1.0858908664322568e+06 3.0612213397138799e+05 1.6626265028336784e+17 2.8859393944581304e+28
4.9111895615462751e-14 1.0874553781366327e+06 3.0513386819343612e+05 1.6571323788290099e+17 2.9592763156558901e+28
4.7990276535945624e-14 1.0890007191807916e+06 3.0412129206604068e+05 1.6513934600223258e+17 3.0340985129954066e+28
4.6894273029677714e-14 1.0905267897748989e+06 3.0308436781188799e+05 1.6454106908775664e+17 3.1104655871969635e+28
4.5823300087358381e-14 1.0920333334931687e+06 3.0202343595883914e+05 1.6391881694978813e+17 3.1884834203286507e+28
4.4776786060149089e-14 1.0935198821137794e+06 3.0093869579951675e+05 1.6327282704856826e+17 3.2680295276016682e+28
4.3754172354546191e-14 1.0949862885592862e+06 2.9983011197530752e+05 1.6260318418907389e+17 3.3491414811513797e+28
4.2754913134222209e-14 1.0964324354526154e+06 2.9869776597667387e+05 1.6191010369968742e+17 3.4319050914240047e+28
4.1778475028678120e-14 1.0978579074380528e+06 2.9754208859201026e+05 1.6119404937858534e+17 3.5161985386587936e+28
4.0824336848547811e-14 1.0992624097668042e+06 2.9636312906810979e+05 1.6045516276895574e+17 3.6020806965040713e+28
3.9891989307404462e-14 1.1006458001273586e+06 2.9516088579995488e+05 1.5969357009645651e+17 3.6896095430825568e+28
3.8980934749921996e-14 1.1020078947141119e+06 2.9393551835373894e+05 1.5890955335328656e+17 3.7787352841613757e+28
3.8090686886242321e-14 1.1033483643562039e+06 2.9268729459925886e+05 1.5810345327621690e+17 3.8694117785632371e+28
3.7220770532411519e-14 1.1046670388563487e+06 2.9141624441562837e+05 1.5727543141476387e+17 3.9615811356951012e+28
3.6370721356742348e-14 1.1059638314963940e+06 2.9012242060252669e+05 1.5642569410558701e+17 4.0554662920240856e+28
3.5540085631969392e-14 1.1072385585891239e+06 2.8880614603308809e+05 1.5555468213419069e+17 4.1509017550464233e+28
3.4728419993065977e-14 1.1084909559672959e+06 2.8746770438655204e+05 1.5466277305325619e+17 4.2479449510075782e+28
3.3935291200589816e-14 1.1097209097594325e+06 2.8610716622539150e+05 1.5375018852544838e+17 4.3465323120587558e+28
3.3160275909435640e-14 1.1109283893305724e+06 2.8472464906247769e+05 1.5281721975864186e+17 4.4466696855339794e+28
3.2402960442867525e-14 1.1121132181361576e+06 2.8332068477055698e+05 1.5186449800429091e+17 4.5483211201657635e+28
3.1662940571711986e-14 1.1132752076556606e+06 2.8189561580599623e+05 1.5089245597925728e+17 4.6515344477220892e+28
3.0939821298595029e-14 1.1144140574555909e+06 2.8044955081585312e+05 1.4990135134339869e+17 4.7561641114416196e+28
3.0233216647105607e-14 1.1155298981062307e+06 2.7898262713697861e+05 1.4889148596103677e+17 4.8623699291150260e+28
2.9542749455774224e-14 1.1166225791058482e+06 2.7749520929871086e+05 1.4786335445103190e+17 4.9700267532457810e+28
2.8868051176757726e-14 1.1176919667910528e+06 2.7598757854053052e+05 1.4681736840292509e+17 5.0790618150110613e+28
2.8208761679120653e-14 1.1187380460227183e+06 2.7445989976719738e+05 1.4575386280126627e+17 5.1895437840517123e+28
2.7564529056609296e-14 1.1197608872979856e+06 2.7291237688718643e+05 1.4467323225667213e+17 5.3013894811741659e+28
2.6935009439816838e-14 1.1207605047458427e+06 2.7134571191653394e+05 1.4357629021316045e+17 5.4146780372202187e+28
2.6319866812637211e-14 1.1217366840575882e+06 2.6976057568976586e+05 1.4246375216271763e+17 5.5292898160417792e+28
2.5718772832910860e-14 1.1226893539835361e+06 2.6815716116590088e+05 1.4133595169938765e+17 5.6451033397402053e+28
2.5131406657167638e-14 1.1236184858903494e+06 2.6653567630589078e+05 1.4019324583820933e+17 5.7622579047351571e+28
2.4557454769370657e-14 1.1245240971414815e+06 2.6489641108425043e+05 1.3903607016122426e+17 5.8804177884327661e+28
2.3996610813572847e-14 1.1254061388885719e+06 2.6323976777941908e+05 1.3786494278552008e+17 6.0000001665647765e+28
2.3448575430394285e-14 1.1262646357705076e+06 2.6156599142883497e+05 1.3668025864277627e+17 6.1204860721765884e+28
2.2913056097234067e-14 1.1270996597719474e+06 2.5987533557942606e+05 1.3548243319973800e+17 6.2421845095144128e+28
2.2389766972132404e-14 1.1279113783751188e+06 2.5816812457245748e+05 1.3427196175282872e+17 6.3648802326195661e+28
2.1878428741197178e-14 1.1286998505348368e+06 2.5644514757803263e+05 1.3304969796866738e+17 6.4885588130703307e+28
2.1378768469516348e-14 1.1294651160902889e+06 2.5470683389705978e+05 1.3181617662568021e+17 6.6131702617042379e+28
2.0890519455474319e-14 1.1302072835923864e+06 2.5295347317808820e+05 1.3057183203059306e+17 6.7387214800303588e+28
2.0413421088395478e-14 1.1309265328070980e+06 2.5118537843457653e+05 1.2931713276786882e+17 6.8650260137174595e+28
1.9947218709439593e-14 1.1316231142472930e+06 2.4940317886156836e+05 1.2805281873672536e+17 6.9920669843079457e+28
1.9491663475673367e-14 1.1322970839712236e+06 2.4760780605769120e+05 1.2677981112350480e+17 7.1198998198466201e+28
1.9046512227246311e-14 1.1329485278292289e+06 2.4579959602800140e+05 1.2549854746564875e+17 7.2483422047569199e+28
1.8611527357600804e-14 1.1335775735480536e+06 2.4397887187168430e+05 1.2420946063268043e+17 7.3772846640164343e+28
1.8186476686645556e-14 1.1341843951486959e+06 2.4214597080527007e+05 1.2291300237120458e+17 7.5069760974782315e+28
1.7771133336825583e-14 1.1347691836670819e+06 2.4030141928125409e+05 1.2160977505556034e+17 7.6368185224971598e+28
1.7365275612023216e-14 1.1353321144658581e+06 2.3844569457212611e+05 1.2030032580507496e+17 7.7670977597650646e+28
1.6968686879223694e-14 1.1358734063829903e+06 2.3657914730181277e+05 1.1898510669848088e+17 7.8977181564382575e+28
1.6581155452884349e-14 1.1363933108574280e+06 2.3470214113220695e+05 1.1766458761340258e+17 8.0284974261370713e+28
1.6202474481943860e-14 1.1368921979824300e+06 2.3281508862146884e+05 1.1633929372458848e+17 8.1596088408798062e+28
1.5832441839412017e-14 1.1373704346288748e+06 2.3091902932140522e+05 1.1501022099299403e+17 8.2907569037462826e+28
1.5470860014481690e-14 1.1378282275027807e+06 2.2901462621658560e+05 1.1367802082754694e+17 8.4218158260786770e+28
1.5117536007103770e-14 1.1382658734291021e+06 2.2710225581305753e+05 1.1234312650027202e+17 8.5528978382028697e+28
1.4772281224970779e-14 1.1386834618015287e+06 2.2518229591677719e+05 1.1100597197019101e+17 8.6836800380351077e+28
1.4434911382852522e-14 1.1390814899070186e+06 2.2325513841551315e+05 1.0966700664687109e+17 8.8141692816846277e+28
1.4105246404230745e-14 1.1394602399519489e+06 2.2132138196941017e+05 1.0832683350156317e+17 8.9446770020234541e+28
1.3783110325180794e-14 1.1398200386782214e+06 2.1938152463194760e+05 1.0698596164469026e+17 9.0745595827070072e+28
1.3468331200447878e-14 1.1401612210868890e+06 2.1743595600995707e+05 1.0564481843765120e+17 9.2040530264836623e+28
1.3160741011668400e-14 1.1404841782552220e+06 2.1548507142042700e+05 1.0430383781214584e+17 9.3329788491086022e+28
1.2860175577687812e-14 1.1407893631167787e+06 2.1352927931249992e+05 1.0296347107523762e+17 9.4612406754807495e+28
1.2566474466926146e-14 1.1410773358742639e+06 2.1156935965253820e+05 1.0162444805447278e+17 9.5888430052713506e+28
1.2279480911744954e-14 1.1413485127643198e+06 2.0960614659170626e+05 1.0028749189716384e+17 9.7158274368018945e+28
1.1999041724770400e-14 1.1416032985468309e+06 2.0764003876361507e+05 9.8952995659915136e+16 9.8415502248200062e+28
1.1725007217126900e-14 1.1418421093774932e+06 2.0567143504324779e+05 9.7621351741733888e+16 9.9667741521341526e+28
1.1457231118538169e-14 1.1420654237325841e+06 2.0370073836394821e+05 9.6292956739422480e+16 1.0090506611602725e+29
1.1195570499253468e-14 1.1422737925832104e+06 2.0172844556984122e+05 9.4968281267469024e+16 1.0213356909754378e+29
1.0939885693756198e-14 1.1424677652820426e+06 1.9975540642919776e+05 9.3648027097071152e+16 1.0334934096338697e+29
1.0690040226215535e-14 1.1426478078094400e+06 1.9778207901616019e+05 9.2332590335756512e+16 1.0455284283050287e+29
1.0445900737640148e-14 1.1428143659184419e+06 1.9580880241651466e+05 9.1022278148076832e+16 1.0574200170018211e+29
1.0207336914695582e-14 1.1429679622741663e+06 1.9383584421909673e+05 8.9717354756537504e+16 1.0691863162517871e+29
9.9742214201477500e-15 1.1431092192594330e+06 1.9186359830369300e+05 8.8418180987696960e+16 1.0807985098311896e+29
9.7464298248943204e-15 1.1432388568292295e+06 1.8989276466458233e+05 8.7125335599451904e+16 1.0922354982288069e+29
9.5238405415489943e-15 1.1433575002837852e+06 1.8792416010036363e+05 8.5839440431950976e+16 1.1035233606634892e+29
9.3063347595421789e-15 1.1434657375684374e+06 1.8595817457753140e+05 8.4560808506565584e+16 1.1146514747456607e+29
9.0937963817038467e-15 1.1435641902593228e+06 1.8399532263445182e+05 8.3289835832601104e+16 1.1255786310184615e+29
8.8861119622950472e-15 1.1436534540304483e+06 1.8203610878348703e+05 8.2026894264910384e+16 1.1363454713815802e+29
8.6831706464543330e-15 1.1437341229417562e+06 1.8008090314676540e+05 8.0772257062603760e+16 1.1468998896684961e+29
8.4848641110271021e-15 1.1438067825807997e+06 1.7813000165554177e+05 7.9526142623861648e+16 1.1572732615957151e+29
8.2910865067466053e-15 1.1438721235255320e+06 1.7618371611553073e+05 7.8288786775981136e+16 1.1674231936161893e+29
8.1017344017351153e-15 1.1439308636227129e+06 1.7424241008937711e+05 7.7060460780399584e+16 1.1773751635193099e+29
7.9167067262954120e-15 1.1439838637461537e+06 1.7230679849915992e+05 7.5841670266391888e+16 1.1871156989960662e+29
7.7359047189634282e-15 1.1440318509516462e+06 1.7037754239426088e+05 7.4632849473290640e+16 1.1966270594378133e+29
7.5592318737926421e-15 1.1440754771311262e+06 1.6845498164597296e+05 7.3434208332439984e+16 1.2059275434602735e+29
7.3865938888424051e-15 1.1441154351555852e+06 1.6653938649424596e+05 7.2245908016591824e+16 1.2149878175122523e+29
7.2178986158429975e-15 1.1441524620798882e+06 1.6463100614824361e+05 7.1068099148810208e+16 1.2238265530234282e+29
7.0530560110097832e-15 1.1441873715687480e+06 1.6273017257950295e+05 6.9900989828704896e+16 1.2324155984163448e+29
6.8919780869811397e-15 1.1442210478332024e+06 1.6083746266581820e+05 6.8744949079093824e+16 1.2406832885631299e+29
6.7345788658535760e-15 1.1442544913211560e+06 1.5895368261224311e+05 6.7600458842959856e+16 1.2488518010278798e+29
6.5807743332898606e-15 1.1442882675728311e+06 1.5707915191191068e+05 6.6467670933825936e+16 1.2567378622062036e+29
6.4304823936749431e-15 1.1443231268072310e+06 1.5521411123675740e+05 6.5346678854306920e+16 1.2643167006199779e+29
6.2836228262960381e-15 1.1443597964972791e+06 1.5335863765922966e+05 6.4237478179180736e+16 1.2716536988174325e+29
6.1401172425237023e-15 1.1443991162125608e+06 1.5151299289295002e+05 6.3140186170383176e+16 1.2787386325832739e+29
5.9998890439705759e-15 1.1444419676078607e+06 1.4967747479473986e+05 6.2054942530717744e+16 1.2855548132338369e+29
5.8628633816057044e-15 1.1444892802438471e+06 1.4785259130729787e+05 6.0982009931874496e+16 1.2921281377527707e+29
5.7289671158028247e-15 1.1445419055146654e+06 1.4603867966279425e+05 5.9921529741601064e+16 1.2984183680732850e+29
5.5981287773008504e-15 1.1446007105164859e+06 1.4423599528215866e+05 5.8873589348770184e+16 1.3044458161981967e+29
5.4702785290559493e-15 1.1446665780564263e+06 1.4244481973012231e+05 5.7838288584651192e+16 1.3102103593475171e+29
5.3453481289650542e-15 1.1447403917656054e+06 1.4066543024761067e+05 5.6815718547489320e+16 1.3157032064780586e+29
5.2232708934404756e-15 1.1448230522903022e+06 1.3889805772089120e+05 5.5805938188437432e+16 1.3209204581020575e+29
5.1039816618164203e-15 1.1449154648726860e+06 1.3714291332648834e+05 5.4808991144014072e+16 1.3258861106939588e+29
4.9874167615685985e-15 1.1450185604323419e+06 1.3540015854216536e+05 5.3824890667002088e+16 1.3305651379511894e+29
4.8735139743278304e-15 1.1451333123896418e+06 1.3366999582243254e+05 5.2853674328985064e+16 1.3349750462948444e+29
4.7622125026701672e-15 1.1452607360821327e+06 1.3195262932199563e+05 5.1895380081821880e+16 1.3391185228165124e+29
4.6534529376651431e-15 1.1454018893863787e+06 1.3024840230480570e+05 5.0950124593845312e+16 1.3430070471544165e+29
4.5471772271654456e-15 1.1455577825735048e+06 1.2855761003934922e+05 5.0017984487844784e+16 1.3465587626785536e+29
4.4433286448206034e-15 1.1457294295197662e+06 1.2688043067337443e+05 4.9098964665899600e+16 1.3499830791906390e+29
4.3418517597983386e-15 1.1459178483147814e+06 1.2521704559614786e+05 4.8193070372923408e+16 1.3530522502451330e+29
4.2426924071975897e-15 1.1461240948371538e+06 1.2356767868123959e+05 4.7300327324770944e+16 1.3558775603081331e+29
4.1457976591370770e-15 1.1463492060385672e+06 1.2193249500604927e+05 4.6420723726013632e+16 1.3584508459525974e+29
4.0511157965041552e-15 1.1465942544459088e+06 1.2031164206762501e+05 4.5554236156336480e+16 1.3607488179891976e+29
3.9585962813490184e-15 1.1468602913413167e+06 1.1870528619932095e+05 4.4700850365901144e+16 1.3628171001258863e+29
3.8681897299092095e-15 1.1471484344968975e+06 1.1711360229503499e+05 4.3860552908948144e+16 1.3646460832108997e+29
3.7798478862502085e-15 1.1474597882599204e+06 1.1553671632049973e+05 4.3033300995050208e+16 1.3661970682925512e+29
3.6935235965081540e-15 1.1477953992466945e+06 1.1397474868450023e+05 4.2219048134485776e+16 1.3674983639995557e+29
3.6091707837206704e-15 1.1481564774640559e+06 1.1242791889976923e+05 4.1417799640849736e+16 1.3685704916792133e+29
3.5267444232325131e-15 1.1485440587815738e+06 1.1089639154689641e+05 4.0629523062771024e+16 1.3694228788334890e+29
3.4462005186630304e-15 1.1489592522338484e+06 1.0938026106950630e+05 3.9854145100680952e+16 1.3700315691827487e+29
3.3674960784223519e-15 1.1494031149957967e+06 1.0787960090415113e+05 3.9091578054658912e+16 1.3704026557132228e+29
3.2905890927639030e-15 1.1498767554037420e+06 1.0639434075353564e+05 3.8341658885625544e+16 1.3705858639535959e+29
3.2154385113611301e-15 1.1503813300901093e+06 1.0492451148913805e+05 3.7604282600652488e+16 1.3704741037263331e+29
3.1420042213961282e-15 1.1509179716855460e+06 1.0347018039176667e+05 3.6879361794986160e+16 1.3701961067296516e+29
3.0702470261488918e-15 1.1514878629941670e+06 1.0203137705950203e+05 3.6166786395793776e+16 1.3696958283823913e+29
3.0001286240753394e-15 1.1520921972610513e+06 1.0060794268249848e+05 3.5466352563107928e+16 1.3689792841773216e+29
2.9316115883633456e-15 1.1527322566235384e+06 9.9199885862676208e+04 3.4777949068351756e+16 1.3680508387949511e+29
2.8646593469555428e-15 1.1534093298491512e+06 9.7807251598216360e+04 3.4101483200750876e+16 1.3669389876803278e+29
2.7992361630283719e-15 1.1541247235564105e+06 9.6430068963988044e+04 3.3436852958403856e+16 1.3655903228183336e+29
2.7353071159170559e-15 1.1548797691485221e+06 9.5068314438634101e+04 3.2783930707899036e+16 1.3640840319561975e+29
2.6728380824761013e-15 1.1556758442776874e+06 9.3722005872301597e+04 3.2142611153044148e+16 1.3623659055498563e+29
2.6117957188654957e-15 1.1565143155799250e+06 9.2391165873144331e+04 3.1512791424697980e+16 1.3604858945529969e+29
2.5521474427529691e-15 1.1573965909098210e+06 9.1075822009766183e+04 3.0894370968529360e+16 1.3584163461584856e+29
2.4938614159226217e-15 1.1583240233622424e+06 8.9776078243558339e+04 3.0287285399967828e+16 1.3561799688308538e+29
2.4369065272807395e-15 1.1592979718882218e+06 8.8491956747737291e+04 2.9691425775464412e+16 1.3537723072800789e+29
2.3812523762498158e-15 1.1603197754631860e+06 8.7223455820240066e+04 2.9106670076871424e+16 1.3512271956469226e+29
2.3268692565417277e-15 1.1613907562493195e+06 8.5970543766003597e+04 2.8532878530195348e+16 1.3485095617065058e+29
2.2737281403015041e-15 1.1625124889285532e+06 8.4732846242576459e+04 2.7969752119004132e+16 1.3456500358631410e+29
2.2218006626133126e-15 1.1636866223796399e+06 8.3510229648422668e+04 2.7417120399981608e+16 1.3426263561180535e+29
2.1710591063601611e-15 1.1649147612522824e+06 8.2302678467193386e+04 2.6874870309341932e+16 1.3394900977467041e+29
2.1214763874295099e-15 1.1661985387626132e+06 8.1110173333228333e+04 2.6342887453237560e+16 1.3362082385424372e+29
2.0730260402566669e-15 1.1675395792831820e+06 7.9932723033281640e+04 2.5821070555085652e+16 1.3327583463539966e+29
2.0256822036983470e-15 1.1689395151543466e+06 7.8770321603092569e+04 2.5309309979045460e+16 1.3292010996121688e+29
1.9794196072289361e-15 1.1703999835703629e+06 7.7622935722764305e+04 2.4807483030715156e+16 1.3255524277962662e+29
1.9342135574518784e-15 1.1719226222313691e+06 7.6490528078346164e+04 2.4315464643614716e+16 1.3217823163096253e+29
1.8900399249192402e-15 1.1735091778481766e+06 7.5372986078441725e+04 2.3833094693433936e+16 1.3178771839390511e+29
1.8468751312522100e-15 1.1751615210491340e+06 7.4270116364919770e+04 2.3360182567162380e+16 1.3139019829099223e+29
1.8046961365557400e-15 1.1768814857621822e+06 7.3181868159760823e+04 2.2896604607292016e+16 1.3098186751999823e+29
1.7634804271206827e-15 1.1786708834974826e+06 7.2108191888234636e+04 2.2442237540313908e+16 1.3056344602576607e+29
1.7232060034067163e-15 1.1805315388333448e+06 7.1049020306317034e+04 2.1996949395946580e+16 1.3013735046381213e+29
1.6838513682997199e-15 1.1824655485683477e+06 7.0004147781928783e+04 2.1560549920774596e+16 1.2970011526712938e+29
1.6453955156373893e-15 1.1844749257205382e+06 6.8973476582281495e+04 2.1132901014157216e+16 1.2925830525824761e+29
1.6078179189968424e-15 1.1865616778446431e+06 6.7956947068662324e+04 2.0713881558668464e+16 1.2881089427114602e+29
1.5710985207382948e-15 1.1887277936839694e+06 6.6954496811737379e+04 2.0303368614524160e+16 1.2835221694023194e+29
1.5352177212990160e-15 1.1909754390171089e+06 6.5965951249727674e+04 1.9901190005939872e+16 1.2788916722144067e+29
1.5001563687317299e-15 1.1933071059327284e+06 6.4991078631937038e+04 1.9507157448757340e+16 1.2741945823391057e+29
1.4658957484819409e-15 1.1957250243748398e+06 6.4029808359120761e+04 1.9121152887738712e+16 1.2694591638359211e+29
1.4324175733987857e-15 1.1982314400608498e+06 6.3082070007155380e+04 1.8743057901127620e+16 1.2646674426659262e+29
1.3997039739739272e-15 1.2008286030672181e+06 6.2147770877701427e+04 1.8372742359258932e+16 1.2598180288271513e+29
1.3677374888034679e-15 1.2035196997345432e+06 6.1226471126693570e+04 1.8009936508062432e+16 1.2549647341333470e+29
1.3365010552676013e-15 1.2063078041557302e+06 6.0317960106733881e+04 1.7654478508079058e+16 1.2500295341031132e+29
1.3059780004232072e-15 1.2091956954464875e+06 5.9422164538288424e+04 1.7306264405418188e+16 1.2450677293132338e+29
1.2761520321043861e-15 1.2121862660958327e+06 5.8539010543305834e+04 1.6965190744046852e+16 1.2400637543937321e+29
1.2470072302262402e-15 1.2152824622063751e+06 5.7668413231066545e+04 1.6631149908866660e+16 1.2350628732567220e+29
1.2185280382873081e-15 1.2184873944986416e+06 5.6810256671176176e+04 1.6304023359925810e+16 1.2300354257225010e+29
1.1906992550660171e-15 1.2218042148484273e+06 5.5964457858436821e+04 1.5983707149387278e+16 1.2249527288456768e+29
1.1635060265067758e-15 1.2252360720387639e+06 5.5130936717673743e+04 1.5670098957628732e+16 1.2199486521069536e+29
1.1369338377914151e-15 1.2287861967395623e+06 5.4309611597990748e+04 1.5363096034015736e+16 1.2149322642402346e+29
1.1109685055916584e-15 1.2324580131204193e+06 5.3500360664057538e+04 1.5062579949174166e+16 1.2098651286486295e+29
1.0855961704985305e-15 1.2362553107875162e+06 5.2703015632743598e+04 1.4768417377256478e+16 1.2048268735288116e+29
1.0608032896247057e-15 1.2401816607489930e+06 5.1917489749949273e+04 1.4480508184726742e+16 1.1998073661135740e+29
1.0365766293757621e-15 1.2442406751101778e+06 5.1143698271470676e+04 1.4198752959048898e+16 1.1947929033453349e+29
1.0129032583865274e-15 1.2484359978486917e+06 5.0381554620525079e+04 1.3923050325292892e+16 1.1898297630399839e+29
9.8977054061878349e-16 1.2527723502315027e+06 4.9630761874426651e+04 1.3653218117511408e+16 1.1848827496272827e+29
9.6716612861656596e-16 1.2572558470482586e+06 4.8890895813960895e+04 1.3389039864513112e+16 1.1799372661039643e+29
9.4507795691550233e-16 1.2618912377146462e+06 4.8161870724609929e+04 1.3130431532882686e+16 1.1750323280773208e+29
9.2349423560270548e-16 1.2666834013579190e+06 4.7443605152353426e+04 1.2877311694138298e+16 1.1701786945821325e+29
9.0240344402369017e-16 1.2716374243637437e+06 4.6736017080743579e+04 1.2629600040960186e+16 1.1653728411453276e+29
8.8179432463306952e-16 1.2767581957061086e+06 4.6039080983495500e+04 1.2387238372463452e+16 1.1606141676344922e+29
8.6165587698563285e-16 1.2820502822410669e+06 4.5352817143935172e+04 1.2150182271181946e+16 1.1559047936246388e+29
8.4197735186470735e-16 1.2875188916248654e+06 4.4677141142907196e+04 1.1918348448449532e+16 1.1512686901244305e+29
8.2274824554458266e-16 1.2931696945303124e+06 4.4011945917186982e+04 1.1691646271073056e+16 1.1467459536104105e+29
8.0395829418396960e-16 1.2990085507511743e+06 4.3357135790141685e+04 1.1469990445509492e+16 1.1422210207113330e+29
