8.0395829418396959e-13 8.6317934630546672e+05 2.9683136125502369e+05 1.1433930076083926e+17 2.0730448930625384e+27
7.8559746834753246e-13 8.6470695338175131e+05 2.9744657801476883e+05 1.1508183112813704e+17 2.0990949646064881e+27
7.6765596765250801e-13 8.6625071612117358e+05 2.9806180672476825e+05 1.1582958562848701e+17 2.1259761761286861e+27
7.5012421553758558e-13 8.6781066789710033e+05 2.9867694699988991e+05 1.1658251997101976e+17 2.1538313894975636e+27
7.3299285415128468e-13 8.6938647631432395e+05 2.9929179998524638e+05 1.1734046397324838e+17 2.1824728046984181e+27
7.1625273935704306e-13 8.7097784555339569e+05 2.9990615616971324e+05 1.1810323236319018e+17 2.2120304302489713e+27
6.9989493585237990e-13 8.7258455824691139e+05 3.0051981677640846e+05 1.1887065708807843e+17 2.2424687540146329e+27
6.8391071239955609e-13 8.7420652568613645e+05 3.0113262033188296e+05 1.1964261899986970e+17 2.2738911733861766e+27
6.6829153716511489e-13 8.7584387286667689e+05 3.0174448298516264e+05 1.2041909571599208e+17 2.3061672017470325e+27
6.5302907316589952e-13 8.7749642299132468e+05 3.0235525111159799e+05 1.2119996384956429e+17 2.3395109291235972e+27
6.3811517381904706e-13 8.7916386027064861e+05 3.0296470950418437e+05 1.2198502013160198e+17 2.3739337531059346e+27
6.2354187859361313e-13 8.8084583547589555e+05 3.0357262764099252e+05 1.2277404174548526e+17 2.4092941792387026e+27
6.0930140876152718e-13 8.8254225948223495e+05 3.0417884101616067e+05 1.2356689632358955e+17 2.4458079383137107e+27
5.9538616324556484e-13 8.8425302595811523e+05 3.0478319119659305e+05 1.2436345366615635e+17 2.4833654020588931e+27
5.8178871456214496e-13 8.8597786026484345e+05 3.0538545995436067e+05 1.2516350402438978e+17 2.5221566595800341e+27
5.6850180485680912e-13 8.8771675244710629e+05 3.0598550571563956e+05 1.2596694150403926e+17 2.5619907243042239e+27
5.5551834203020698e-13 8.8946957360096159e+05 3.0658317220955848e+05 1.2677363003142019e+17 2.6031082367684896e+27
5.4283139595259256e-13 8.9123592624763621e+05 3.0717820907357917e+05 1.2758330560634371e+17 2.6454626145224613e+27
5.3043419476474946e-13 8.9301572982826841e+05 3.0777045229709422e+05 1.2839582621963798e+17 2.6890970645214088e+27
5.1832012126339740e-13 8.9480882000308624e+05 3.0835972901262611e+05 1.2921102812637514e+17 2.7340137935097948e+27
5.0648270936916735e-13 8.9661475832317362e+05 3.0894577150998620e+05 1.3002861625780272e+17 2.7802682876835377e+27
4.9491564067522283e-13 8.9843350356790668e+05 3.0952841132018465e+05 1.3084844164503712e+17 2.8279816056780914e+27
4.8361274107470329e-13 9.0026499506167509e+05 3.1010748751536018e+05 1.3167035912061690e+17 2.8770831537362450e+27
4.7256797746521049e-13 9.0210902650439448e+05 3.1068281181761599e+05 1.3249417604601397e+17 2.9276531047512983e+27
4.6177545452852868e-13 9.0396513285855018e+05 3.1125413777524600e+05 1.3331960409913966e+17 2.9797619367186713e+27
4.5122941158391827e-13 9.0583284732915531e+05 3.1182116108845611e+05 1.3414629061012933e+17 3.0333969463368510e+27
4.4092421951325472e-13 9.0771226427736285e+05 3.1238372073535289e+05 1.3497410053162610e+17 3.0885972280820837e+27
4.3085437775639206e-13 9.0960336990905832e+05 3.1294164829932631e+05 1.3580287759676366e+17 3.1455815938859161e+27
4.2101451137516242e-13 9.1150614108016260e+05 3.1349478853889025e+05 1.3663247555548546e+17 3.2042094719184736e+27
4.1139936818441155e-13 9.1342011659134645e+05 3.1404290059447847e+05 1.3746259795517096e+17 3.2646061920934531e+27
4.0200381594855675e-13 9.1534494555521908e+05 3.1458572962624585e+05 1.3829294445770245e+17 3.3268242699374700e+27
3.9282283964218600e-13 9.1728040239846171e+05 3.1512304934520595e+05 1.3912326022077514e+17 3.3908348476548524e+27
3.8385153877319545e-13 9.1922635002331249e+05 3.1565466371289606e+05 1.3995333845079949e+17 3.4568455794131745e+27
3.7508512476708503e-13 9.2118280381786043e+05 3.1618040386511234e+05 1.4078300683439877e+17 3.5248923906920433e+27
3.6651891841097572e-13 9.2314932072708348e+05 3.1670003362540941e+05 1.4161195841920563e+17 3.5948653419273595e+27
3.5814834735600098e-13 9.2512536553476122e+05 3.1721327000187495e+05 1.4243983373145741e+17 3.6669516769921115e+27
3.4996894367675177e-13 9.2711080241332669e+05 3.1771988972689735e+05 1.4326637513702555e+17 3.7412197090399366e+27
3.4197634148644563e-13 9.2910543105896830e+05 3.1821967718118639e+05 1.4409133254382198e+17 3.8177059260116418e+27
3.3416627460656126e-13 9.3110896762818238e+05 3.1871238349120202e+05 1.4491439211503722e+17 3.8964928521602784e+27
3.2653457428970620e-13 9.3312109125206922e+05 3.1919777449496515e+05 1.4573526357671750e+17 3.9775815232238307e+27
3.1907716699447724e-13 9.3514130409937969e+05 3.1967554245064309e+05 1.4655353908545789e+17 4.0611357493872089e+27
3.1179007221113923e-13 9.3716959920926299e+05 3.2014544592258020e+05 1.4736895358895088e+17 4.1471586490394906e+27
3.0466940033697372e-13 9.3920608961349062e+05 3.2060730676739058e+05 1.4818133153777878e+17 4.2357214151587925e+27
2.9771135060013152e-13 9.4125054258598736e+05 3.2106091068075522e+05 1.4899039740800899e+17 4.3270634243135398e+27
2.9091220903091890e-13 9.4330266043184744e+05 3.2150604620649375e+05 1.4979588004233382e+17 4.4210482501888188e+27
2.8426834647940371e-13 9.4536183554198057e+05 3.2194244750145829e+05 1.5059738028947264e+17 4.5178270994373565e+27
2.7777621667829500e-13 9.4742762202565139e+05 3.2236981991682056e+05 1.5139449746949741e+17 4.6176565165651189e+27
2.7143235435007391e-13 9.4949975871081976e+05 3.2278789949570433e+05 1.5218689747455830e+17 4.7203117708396734e+27
2.6523337335734285e-13 9.5157813373353472e+05 3.2319642725286511e+05 1.5297426048977754e+17 4.8261633445503352e+27
2.5917596489541772e-13 9.5366245115115691e+05 3.2359518141626765e+05 1.5375633072544077e+17 4.9351113248038738e+27
2.5325689572620839e-13 9.5575336210307409e+05 3.2398398205993982e+05 1.5453288447045549e+17 5.0474125493269381e+27
2.4747300645241784e-13 9.5784928728076816e+05 3.2436253972281254e+05 1.5530343229466109e+17 5.1630345054105948e+27
2.4182120983117104e-13 9.5994981392679340e+05 3.2473054235594027e+05 1.5606754690142410e+17 5.2821545103656416e+27
2.3629848912614671e-13 9.6205518084944552e+05 3.2508773081359302e+05 1.5682492540461334e+17 5.4045027658599500e+27
2.3090189649734352e-13 9.6416521688887035e+05 3.2543388304802345e+05 1.5757529129624979e+17 5.5307830274626302e+27
2.2562855142762949e-13 9.6627934832546907e+05 3.2576873444643582e+05 1.5831823378821549e+17 5.6608330011859292e+27
2.2047563918521709e-13 9.6839726690814353e+05 3.2609200356813095e+05 1.5905336927520294e+17 5.7944844215044485e+27
2.1544040932125280e-13 9.7051885611349577e+05 3.2640343602435343e+05 1.5978037381277318e+17 5.9325166146176330e+27
2.1052017420172673e-13 9.7264397332458268e+05 3.2670282504235179e+05 1.6049898307197430e+17 6.0745480632757027e+27
2.0571230757290243e-13 9.7477193669653370e+05 3.2698994408331608e+05 1.6120879139217600e+17 6.2207188720699591e+27
2.0101424315950971e-13 9.7690218430139590e+05 3.2726449926171999e+05 1.6190935047056790e+17 6.3712561376429000e+27
1.9642347329496030e-13 9.7903423564364645e+05 3.2752621153177944e+05 1.6260023978558970e+17 6.5262850964255073e+27
1.9193754758283432e-13 9.8116758508433704e+05 3.2777474148915068e+05 1.6328096071388592e+17 6.6856614530538485e+27
1.8755407158894795e-13 9.8330213722915761e+05 3.2800974399526243e+05 1.6395109007031603e+17 6.8498759959337239e+27
1.8327070556328355e-13 9.8543808917848184e+05 3.2823095507883339e+05 1.6461034818712205e+17 7.0189684593264607e+27
1.7908516319110873e-13 9.8757518246018700e+05 3.2843817233887513e+05 1.6525843877833261e+17 7.1930494046357055e+27
1.7499521037262478e-13 9.8971261158348480e+05 3.2863114946245874e+05 1.6589490560336646e+17 7.3722680832063307e+27
1.7099866403047436e-13 9.9185009048834699e+05 3.2880962342858879e+05 1.6651937682981971e+17 7.5566413121832543e+27
1.6709339094449448e-13 9.9398687004973902e+05 3.2897332535027270e+05 1.6713137946038131e+17 7.7465723377084464e+27
1.6327730661307397e-13 9.9612251682785701e+05 3.2912191245962412e+05 1.6773041950590557e+17 7.9418843467882704e+27
1.5954837414051565e-13 9.9825689819287823e+05 3.2925504077022884e+05 1.6831606191283597e+17 8.1429142196730024e+27
1.5590460314981504e-13 1.0003899086166162e+06 3.2937241387086315e+05 1.6888793276480950e+17 8.3497949870253501e+27
1.5234404872026269e-13 1.0025212310894101e+06 3.2947379066412983e+05 1.6944567703385462e+17 8.5626439393126598e+27
1.4886481034931015e-13 1.0046502467441714e+06 3.2955891878299729e+05 1.6998886242097904e+17 8.7817922444506467e+27
1.4546503093815020e-13 1.0067766882059644e+06 3.2962754525612207e+05 1.7051712851097802e+17 9.0071731731012169e+27
1.4214289580045901e-13 1.0088995229692193e+06 3.2967944085412368e+05 1.7102997962348064e+17 9.2391167940146500e+27
1.3889663169377659e-13 1.0110181289951964e+06 3.2971421524527395e+05 1.7152682650620125e+17 9.4775610141774487e+27
1.3572450587301461e-13 1.0131323404426379e+06 3.2973140866271179e+05 1.7200709994530557e+17 9.7228616297788487e+27
1.3262482516557153e-13 1.0152422273695527e+06 3.2973062655102712e+05 1.7247035564707203e+17 9.9749155961757561e+27
1.2959593506757878e-13 1.0173474761720666e+06 3.2971155205423560e+05 1.7291616507036813e+17 1.0234459922146945e+28
1.2663621886078123e-13 1.0194476039687014e+06 3.2967389382347447e+05 1.7334407439270077e+17 1.0501370343457940e+28
1.2374409674958667e-13 1.0215422572696359e+06 3.2961729951913713e+05 1.7375360520636547e+17 1.0775949646645744e+28
1.2091802501782780e-13 1.0236312396154254e+06 3.2954140117238724e+05 1.7414429575059520e+17 1.1058507861796089e+28
1.1815649520477777e-13 1.0257144579969583e+06 3.2944587325821782e+05 1.7451575716874416e+17 1.1348593326673609e+28
1.1545803329998362e-13 1.0277917499956099e+06 3.2933045574750914e+05 1.7486766485817949e+17 1.1647499338745897e+28
1.1282119895649331e-13 1.0298626285716831e+06 3.2919497150086064e+05 1.7519970850314502e+17 1.1954873010923411e+28
1.1024458472204377e-13 1.0319268385038365e+06 3.2903917625920882e+05 1.7551156557988611e+17 1.2270781886696061e+28
1.0772681528781416e-13 1.0339840700989276e+06 3.2886294910682243e+05 1.7580303045826707e+17 1.2595398108315638e+28
1.0526654675433147e-13 1.0360332941789281e+06 3.2866619181291532e+05 1.7607376352400579e+17 1.2929630609532646e+28
1.0286246591414157e-13 1.0380741684192084e+06 3.2844856896975520e+05 1.7632332394519034e+17 1.3272725204205912e+28
1.0051328955086642e-13 1.0401065295756415e+06 3.2820972757486737e+05 1.7655129780936374e+17 1.3625188865359791e+28
9.8217763754265583e-14 1.0421303021900044e+06 3.2794937320127938e+05 1.7675736103844362e+17 1.3987704808970352e+28
9.5974663250940560e-14 1.0441453845418092e+06 3.2766732998122304e+05 1.7694132082883507e+17 1.4360457395952721e+28
9.3782790750328011e-14 1.0461507931733006e+06 3.2736368778828735e+05 1.7710306000859491e+17 1.4743006387214267e+28
9.1640976305625656e-14 1.0481458966092543e+06 3.2703821517702710e+05 1.7724219431737360e+17 1.5136148538673592e+28
8.9548076689313450e-14 1.0501303842868079e+06 3.2669056978409050e+05 1.7735830656033750e+17 1.5539721329662272e+28
8.7502974782940347e-14 1.0521041311303917e+06 3.2632039770991454e+05 1.7745101459492032e+17 1.5954118339864152e+28
8.5504578980841602e-14 1.0540669921969697e+06 3.2592743019507080e+05 1.7752002922342429e+17 1.6379765880192312e+28
8.3551822607479450e-14 1.0560187499683639e+06 3.2551152166712901e+05 1.7756518610373565e+17 1.6816610945449230e+28
8.1643663348086941e-14 1.0579587629324438e+06 3.2507264358205866e+05 1.7758634038762566e+17 1.7265540871140158e+28
7.9779082692314898e-14 1.0598867875328481e+06 3.2461056701644737e+05 1.7758323844901395e+17 1.7726245177876011e+28
7.7957085390588123e-14 1.0618026305051083e+06 3.2412516244165035e+05 1.7755574240550035e+17 1.8198666064217833e+28
7.6176698922872544e-14 1.0637073767069154e+06 3.2361639677490626e+05 1.7750374137553811e+17 1.8679184880047844e+28
7.4436972979579387e-14 1.0655959372066031e+06 3.2308408580689220e+05 1.7742706249439555e+17 1.9180838349427125e+28
7.2736978954321352e-14 1.0674729646076986e+06 3.2252829026940686e+05 1.7732576814949958e+17 1.9691168982833521e+28
7.1075809448253324e-14 1.0693356779747885e+06 3.2194927726526011e+05 1.7719991767189274e+17 2.0213916987346200e+28
6.9452577785735583e-14 1.0711836118710535e+06 3.2134678968847520e+05 1.7704918904484646e+17 2.0749998485116038e+28
6.7866417541055714e-14 1.0730164139500107e+06 3.2072052084842685e+05 1.7687323957342230e+17 2.1299099067265577e+28
6.6316482075959181e-14 1.0748338532808975e+06 3.2007013389077468e+05 1.7667173722716074e+17 2.1861497859735610e+28
6.4801944087744509e-14 1.0766356729034700e+06 3.1939538043492171e+05 1.7644443911176077e+17 2.2438034401609917e+28
6.3321995167676364e-14 1.0784216069192439e+06 3.1869603071001946e+05 1.7619113505266682e+17 2.3028603548715776e+28
6.1875845369483762e-14 1.0801915029262172e+06 3.1797186478041217e+05 1.7591165318696205e+17 2.3633218987896975e+28
6.0462722787715319e-14 1.0819452637917090e+06 3.1722272734621202e+05 1.7560591590032637e+17 2.4252858964777894e+28
5.9081873145721601e-14 1.0836828969330911e+06 3.1644857519511349e+05 1.7527399907465002e+17 2.4887138843143927e+28
5.7732559393047217e-14 1.0854036914729704e+06 3.1564995614068146e+05 1.7491639895186496e+17 2.5536368251793212e+28
5.6414061312020209e-14 1.0871071012728973e+06 3.1482695428278262e+05 1.7453316838044880e+17 2.6199956931986964e+28
5.5125675133322412e-14 1.0887928852875251e+06 3.1397943775811413e+05 1.7412424214439894e+17 2.6879857866593519e+28
5.3866713160343085e-14 1.0904607074717165e+06 3.1310756681440782e+05 1.7368980794040797e+17 2.7574199582204931e+28
5.2636503402109189e-14 1.0921098977927610e+06 3.1221148416992190e+05 1.7322996013302090e+17 2.8284301367415603e+28
5.1434389214598862e-14 1.0937401096234617e+06 3.1129102037856047e+05 1.7274456473379475e+17 2.9010125340737051e+28
5.0259728950248755e-14 1.0953510539258535e+06 3.1034598885548027e+05 1.7223348608920794e+17 2.9751501928451157e+28
4.9111895615462751e-14 1.0969425433278787e+06 3.0937615399059828e+05 1.7169658274046854e+17 3.0508527757600670e+28
4.7990276535945624e-14 1.0985144186306442e+06 3.0838140089983575e+05 1.7113384568606854e+17 3.1281992955688137e+28
4.6894273029677714e-14 1.1000665922052532e+06 3.0736167776785279e+05 1.7054535837138963e+17 3.2071604992094993e+28
4.5823300087358381e-14 1.1015987239731820e+06 3.0631734546602529e+05 1.6993155104462682e+17 3.2877942147163998e+28
4.4776786060149089e-14 1.1031103674986835e+06 3.0524861712136166e+05 1.6929267077069226e+17 3.3700604659378108e+28
4.3754172354546191e-14 1.1046013136810625e+06 3.0415542768713587e+05 1.6862876700881523e+17 3.4540309796748759e+28
4.2754913134222209e-14 1.1060714469953103e+06 3.0303782921120984e+05 1.6794002743475782e+17 3.5395867736860306e+28
4.1778475028678120e-14 1.1075203279177183e+06 3.0189618476911297e+05 1.6722686309338464e+17 3.6268398214470656e+28
4.0824336848547811e-14 1.1089476971776248e+06 3.0073051902702940e+05 1.6648939945275971e+17 3.7157598843972685e+28
3.9891989307404462e-14 1.1103533939060054e+06 2.9954081599114178e+05 1.6572775728252595e+17 3.8062958645304257e+28
3.8980934749921996e-14 1.1117372475695729e+06 2.9832725793233496e+05 1.6494225077595360e+17 3.8986177325919024e+28
3.8090686886242321e-14 1.1130988743638266e+06 2.9709016113767732e+05 1.6413326469340774e+17 3.9925029640272837e+28
3.7220770532411519e-14 1.1144380876064715e+06 2.9582953615159227e+05 1.6330094409492160e+17 4.0881813156730109e+28
3.6370721356742348e-14 1.1157547690426926e+06 2.9454541446976428e+05 1.6244547903993290e+17 4.1854051189904841e+28
3.5540085631969392e-14 1.1170487275698711e+06 2.9323808622557571e+05 1.6156729118594310e+17 4.2843171775338534e+28
3.4728419993065977e-14 1.1183197075080911e+06 2.9190780284929217e+05 1.6066674024873965e+17 4.3849809002569065e+28
3.3935291200589816e-14 1.1195675801828115e+06 2.9055462006975646e+05 1.5974404531494262e+17 4.4872475702726572e+28
3.3160275909435640e-14 1.1207923129505287e+06 2.8917864268116793e+05 1.5879950077306403e+17 4.5910758441900075e+28
3.2402960442867525e-14 1.1219937406428526e+06 2.8778043989381025e+05 1.5783379075511667e+17 4.6966414671526584e+28
3.1662940571711986e-14 1.1231715607552230e+06 2.8636036612640799e+05 1.5684736856388720e+17 4.8037500202805412e+28
3.0939821298595029e-14 1.1243256527464513e+06 2.8491851313695585e+05 1.5584048637435334e+17 4.9124021018613421e+28
3.0233216647105607e-14 1.1254560231308690e+06 2.8345500250242860e+05 1.5481344384399261e+17 5.0226837199891454e+28
2.9542749455774224e-14 1.1265623477574016e+06 2.8197020338540548e+05 1.5376675656322093e+17 5.1345015995651083e+28
2.8868051176757726e-14 1.1276447062913787e+06 2.8046439037420991e+05 1.5270084275942352e+17 5.2478643306264064e+28
2.8208761679120653e-14 1.1287029964459583e+06 2.7893771583911934e+05 1.5161604103045395e+17 5.3627275412018407e+28
2.7564529056609296e-14 1.1297372666953213e+06 2.7739036760790582e+05 1.5051274739134595e+17 5.4790156865193721e+28
2.6935009439816838e-14 1.1307475407989940e+06 2.7582305003894534e+05 1.4939180580772291e+17 5.5968854605909815e+28
2.6319866812637211e-14 1.1317335738548927e+06 2.7423643111900712e+05 1.4825395183654989e+17 5.7160862203599240e+28
2.5718772832910860e-14 1.1326953098483481e+06 2.7263069263004459e+05 1.4709952681174288e+17 5.8365859990997540e+28
2.5131406657167638e-14 1.1336327037478844e+06 2.7100603182632313e+05 1.4592889747903062e+17 5.9584807036234556e+28
2.4557454769370657e-14 1.1345457792584354e+06 2.6936276186465396e+05 1.4474254380899386e+17 6.0816306149942958e+28
2.3996610813572847e-14 1.1354345755572584e+06 2.6770134751767013e+05 1.4354105379665768e+17 6.2061157567200853e+28
2.3448575430394285e-14 1.1362987844396932e+06 2.6602202852587320e+05 1.4232483392492174e+17 6.3317670593377111e+28
2.2913056097234067e-14 1.1371387649626136e+06 2.6432504473189602e+05 1.4109430307118354e+17 6.4585118870138642e+28
2.2389766972132404e-14 1.1379545645010157e+06 2.6261070914339728e+05 1.3984996617395354e+17 6.5863819930703919e+28
2.1878428741197178e-14 1.1387462374106096e+06 2.6087978856908355e+05 1.3859268767710560e+17 6.7154002212744880e+28
2.1378768469516348e-14 1.1395138213654431e+06 2.5913269960171319e+05 1.3732301507348160e+17 6.8453957148363827e+28
2.0890519455474319e-14 1.1402574121283616e+06 2.5736972458007981e+05 1.3604139887852224e+17 6.9763110161261118e+28
2.0413421088395478e-14 1.1409772123063426e+06 2.5559117320098222e+05 1.3474833107238848e+17 7.1080929302771736e+28
1.9947218709439593e-14 1.1416734288651897e+06 2.5379771819671639e+05 1.3344462272841427e+17 7.2409285221381549e+28
1.9491663475673367e-14 1.1423461690846928e+06 2.5199038009350933e+05 1.3213129873888667e+17 7.3744038496216116e+28
1.9046512227246311e-14 1.1429954706985676e+06 2.5016949213015276e+05 1.3080881145148992e+17 7.5084753397313713e+28
1.8611527357600804e-14 1.1436214450414621e+06 2.4833537050460247e+05 1.2947760505629746e+17 7.6433620599304598e+28
1.8186476686645556e-14 1.1442242392723258e+06 2.4648834657057666e+05 1.2813814475376514e+17 7.7786628327080470e+28
1.7771133336825583e-14 1.1448040409725334e+06 2.4462892598275607e+05 1.2679103859685534e+17 7.9145770028521355e+28
1.7365275612023216e-14 1.1453610039578897e+06 2.4275757050721752e+05 1.2543684478130174e+17 8.0507366787285898e+28
1.6968686879223694e-14 1.1458953336952068e+06 2.4087462709058329e+05 1.2407603430966790e+17 8.1871978786782306e+28
1.6581155452884349e-14 1.1464072903582884e+06 2.3898045819843744e+05 1.2270910023362722e+17 8.3244415552465299e+28
1.6202474481943860e-14 1.1468972327341058e+06 2.3707547916360467e+05 1.2133659709319035e+17 8.4614861472036324e+28
1.5832441839412017e-14 1.1473655446511172e+06 2.3516079437065069e+05 1.1995961067453291e+17 8.5987509115497593e+28
1.5470860014481690e-14 1.1478124222005359e+06 2.3323709911942590e+05 1.1857884446239946e+17 8.7360934101094972e+28
1.5117536007103770e-14 1.1482380807197171e+06 2.3130476473646006e+05 1.1719474509513184e+17 8.8733282861376896e+28
1.4772281224970779e-14 1.1486427843062156e+06 2.2936417043488295e+05 1.1580776839956402e+17 9.0103797184105752e+28
1.4434911382852522e-14 1.1490268261020309e+06 2.2741570970806151e+05 1.1441838621223557e+17 9.1472577643735833e+28
1.4105246404230745e-14 1.1493905594486988e+06 2.2545999438065439e+05 1.1302723677911674e+17 9.2839263432272298e+28
1.3783110325180794e-14 1.1497342876385294e+06 2.2349753040942203e+05 1.1163485755736490e+17 9.4200925853717664e+28
1.3468331200447878e-14 1.1500583349635673e+06 2.2152870869740585e+05 1.1024169703923578e+17 9.5559121116340042e+28
1.3160741011668400e-14 1.1503630839756411e+06 2.1955392774562308e+05 1.0884821311540637e+17 9.6910871712275938e+28
1.2860175577687812e-14 1.1506489903557661e+06 2.1757359866238481e+05 1.0745488114031365e+17 9.8257793379143438e+28
1.2566474466926146e-14 1.1509166155282673e+06 2.1558852392004777e+05 1.0606247874223778e+17 9.9596719940956088e+28
1.2279480911744954e-14 1.1511663598366010e+06 2.1359956267859979e+05 1.0467177652438434e+17 1.0092737546774234e+29
1.1999041724770400e-14 1.1513986336364001e+06 2.1160711750028687e+05 1.0328319015123370e+17 1.0224938441767512e+29
1.1725007217126900e-14 1.1516138543083502e+06 2.0961159351073275e+05 1.0189713748629042e+17 1.0356058705520827e+29
1.1457231118538169e-14 1.1518124931211886e+06 2.0761339954057991e+05 1.0051404093871968e+17 1.0486299765776884e+29
1.1195570499253468e-14 1.1519951248691739e+06 2.0561305853909854e+05 9.9134416160887648e+16 1.0615291265832116e+29
1.0939885693756198e-14 1.1521623152594964e+06 2.0361151739201217e+05 9.7759064853346352e+16 1.0743122343573481e+29
1.0690040226215535e-14 1.1523142595919715e+06 2.0160925390514021e+05 9.6388413693152592e+16 1.0869670875967121e+29
1.0445900737640148e-14 1.1524521506558359e+06 1.9960661792010075e+05 9.5022791452050368e+16 1.0994688884313434e+29
1.0207336914695582e-14 1.1525757526374164e+06 1.9760389305614243e+05 9.3662485776508112e+16 1.1118284648834197e+29
9.9742214201477500e-15 1.1526858892301207e+06 1.9560148068460249e+05 9.2307876872662928e+16 1.1240308645094004e+29
9.7464298248943204e-15 1.1527832838613333e+06 1.9360006423249064e+05 9.0959550599657024e+16 1.1360736514499780e+29
9.5238405415489943e-15 1.1528685692173473e+06 1.9160043643380114e+05 8.9618135089763152e+16 1.1479533165454247e+29
9.3063347595421789e-15 1.1529423027452414e+06 1.8960299430506877e+05 8.8283964034040528e+16 1.1596523881998199e+29
9.0937963817038467e-15 1.1530051197740538e+06 1.8760825102983497e+05 8.6957451042121360e+16 1.1711306243490605e+29
8.8861119622950472e-15 1.1530576223502508e+06 1.8561671232034621e+05 8.5638988925511520e+16 1.1824756366206681e+29
8.6831706464543330e-15 1.1531004124197434e+06 1.8362875895549092e+05 8.4328877109174816e+16 1.1935783241166700e+29
8.4848641110271021e-15 1.1531341615493533e+06 1.8164480800851987e+05 8.3027437837237360e+16 1.2044617366421872e+29
8.2910865067466053e-15 1.1531595189696264e+06 1.7966526703081283e+05 8.1734981471317616e+16 1.2151790307457134e+29
8.1017344017351153e-15 1.1531772194697526e+06 1.7769051266989976e+05 8.0451798276495856e+16 1.2256530318956266e+29
7.9167067262954120e-15 1.1531881040845886e+06 1.7572126661384210e+05 7.9178413016326384e+16 1.2358954728111419e+29
7.7359047189634282e-15 1.1531928882874134e+06 1.7375819783785072e+05 7.7915278433378032e+16 1.2459158739157478e+29
7.5592318737926421e-15 1.1531922285035339e+06 1.7180165661091183e+05 7.6662618684510016e+16 1.2557118676658253e+29
7.3865938888424051e-15 1.1531867869107819e+06 1.6985192675941551e+05 7.5420609123144224e+16 1.2652395924750855e+29
7.2178986158429975e-15 1.1531772944376979e+06 1.6790927517320224e+05 7.4189417512487984e+16 1.2745379172881538e+29
7.0530560110097832e-15 1.1531645181647777e+06 1.6597404267574690e+05 7.2969263047889104e+16 1.2835902450729762e+29
6.8919780869811397e-15 1.1531493982425677e+06 1.6404679716036303e+05 7.1760517923491488e+16 1.2923535054433056e+29
6.7345788658535760e-15 1.1531328456980744e+06 1.6212832014912533e+05 7.0563662419045256e+16 1.3008939710682551e+29
6.5807743332898606e-15 1.1531153356048092e+06 1.6021893741257896e+05 6.9378858194608896e+16 1.3091540853753789e+29
6.4304823936749431e-15 1.1530977981474428e+06 1.5831890566317932e+05 6.8206215035830712e+16 1.3171308215795439e+29
6.2836228262960381e-15 1.1530808775044302e+06 1.5642832692209620e+05 6.7045746446613832e+16 1.3248500693390641e+29
6.1401172425237023e-15 1.1530653972822886e+06 1.5454747443801883e+05 6.5897581696876880e+16 1.3323098116047231e+29
5.9998890439705759e-15 1.1530522404997658e+06 1.5267665697585462e+05 6.4761872733302336e+16 1.3394429929332400e+29
5.8628633816057044e-15 1.1530423327829367e+06 1.5081640659442812e+05 6.3638905827066800e+16 1.3463378780864418e+29
5.7289671158028247e-15 1.1530365278920939e+06 1.4896707481399199e+05 6.2528835638791624e+16 1.3529494546736489e+29
5.5981287773008504e-15 1.1530356580125934e+06 1.4712892634157612e+05 6.1431758084335592e+16 1.3592643682159485e+29
5.4702785290559493e-15 1.1530406306630345e+06 1.4530225651562351e+05 6.0347784599322344e+16 1.3653111591796649e+29
5.3453481289650542e-15 1.1530523083909182e+06 1.4348735701562554e+05 5.9277017669761520e+16 1.3710357838211557e+29
5.2232708934404756e-15 1.1530715737519811e+06 1.4168446727909835e+05 5.8219522676957576e+16 1.3765140600611810e+29
5.1039816618164203e-15 1.1530993288991593e+06 1.3989380905936865e+05 5.7175350813878824e+16 1.3816644206771418e+29
4.9874167615685985e-15 1.1531364767148488e+06 1.3811555462703091e+05 5.6144521043575440e+16 1.3865572669266590e+29
4.8735139743278304e-15 1.1531839912020471e+06 1.3634991718946543e+05 5.5127078140783192e+16 1.3911580772619997e+29
4.7622125026701672e-15 1.1532428708915238e+06 1.3459710869914482e+05 5.4123064486919768e+16 1.3954642844053642e+29
4.6534529376651431e-15 1.1533141513670944e+06 1.3285746869663140e+05 5.3132595753381888e+16 1.3994775189296426e+29
4.5471772271654456e-15 1.1533988449205763e+06 1.3113129423668806e+05 5.2155751478072560e+16 1.4032155154309684e+29
4.4433286448206034e-15 1.1534979423697405e+06 1.2941877069333373e+05 5.1192540051842864e+16 1.4066589991193230e+29
4.3418517597983386e-15 1.1536124649605218e+06 1.2772008622562380e+05 5.0242969963418088e+16 1.4098149948808404e+29
4.2426924071975897e-15 1.1537434533481675e+06 1.2603546810854416e+05 4.9307068774461416e+16 1.4127123011319815e+29
4.1457976591370770e-15 1.1538919385079783e+06 1.2436508757330688e+05 4.8384827065989232e+16 1.4153060512954474e+29
4.0511157965041552e-15 1.1540589694661447e+06 1.2270909959511003e+05 4.7476224246337912e+16 1.4176061952923821e+29
3.9585962813490184e-15 1.1542456250139861e+06 1.2106767196142145e+05 4.6581245370561144e+16 1.4196840568567255e+29
3.8681897299092095e-15 1.1544529830682622e+06 1.1944097769571379e+05 4.5699874703808944e+16 1.4214569866317140e+29
3.7798478862502085e-15 1.1546821323886283e+06 1.1782914979066997e+05 4.4832071831011880e+16 1.4230002403409587e+29
3.6935235965081540e-15 1.1549341911713129e+06 1.1623231427852775e+05 4.3977791278057984e+16 1.4242082680721118e+29
3.6091707837206704e-15 1.1552102819710269e+06 1.1465068765582742e+05 4.3137035927622864e+16 1.4252122971385002e+29
3.5267444232325131e-15 1.1555115191957278e+06 1.1308443593536102e+05 4.2309773161979384e+16 1.4259529947067570e+29
3.4462005186630304e-15 1.1558389676657121e+06 1.1153365863731476e+05 4.1495929986910536e+16 1.4264091162394654e+29
3.3674960784223519e-15 1.1561937234047558e+06 1.0999843612525176e+05 4.0695420341135560e+16 1.4266380557712859e+29
3.2905890927639030e-15 1.1565768864768227e+06 1.0847871449624599e+05 3.9908085693343336e+16 1.4266295150303170e+29
3.2154385113611301e-15 1.1569896232626210e+06 1.0697453271799569e+05 3.9133821950414664e+16 1.4263506390291438e+29
3.1420042213961282e-15 1.1574330993937731e+06 1.0548596333373022e+05 3.8372541654503848e+16 1.4258379662389691e+29
3.0702470261488918e-15 1.1579084668878233e+06 1.0401304259674277e+05 3.7624134856554528e+16 1.4250960218571195e+29
3.0001286240753394e-15 1.1584169473815111e+06 1.0255563101623475e+05 3.6888401906563392e+16 1.4241262817895509e+29
2.9316115883633456e-15 1.1589598370673128e+06 1.0111374530814021e+05 3.6165231940021504e+16 1.4229196605949699e+29
2.8646593469555428e-15 1.1595384210344260e+06 9.9687432922946013e+04 3.5454529326393032e+16 1.4214901608223993e+29
2.7992361630283719e-15 1.1601540262669078e+06 9.8276728302848380e+04 3.4756191168986420e+16 1.4198525641013389e+29
2.7353071159170559e-15 1.1608080044033737e+06 9.6881615306051186e+04 3.4070088976111264e+16 1.4180024481614399e+29
2.6728380824761013e-15 1.1615017232194159e+06 9.5502115910593915e+04 3.3396115342608840e+16 1.4159704830170047e+29
2.6117957188654957e-15 1.1622365990645622e+06 9.4138255562523525e+04 3.2734164710051724e+16 1.4136957492110845e+29
2.5521474427529691e-15 1.1630140564659291e+06 9.2790067873234162e+04 3.2084136156988544e+16 1.4112187554453172e+29
2.4938614159226217e-15 1.1638354875023076e+06 9.1457666291426416e+04 3.1445966372322844e+16 1.4085869025257623e+29
2.4369065272807395e-15 1.1647022696531333e+06 9.0141078195013470e+04 3.0819544829045868e+16 1.4057523688290759e+29
2.3812523762498158e-15 1.1656157932521952e+06 8.8840304742733701e+04 3.0204746442499472e+16 1.4027489789079907e+29
2.3268692565417277e-15 1.1665774104365062e+06 8.7555318512606944e+04 2.9601428829947912e+16 1.3995939191672302e+29
2.2737281403015041e-15 1.1675886988564497e+06 8.6285774160646193e+04 2.9009298339721660e+16 1.3962608877352106e+29
2.2218006626133126e-15 1.1686513135116170e+06 8.5031548572418003e+04 2.8428182858004792e+16 1.3927425825516863e+29
2.1710591063601611e-15 1.1697668917105121e+06 8.3792627643316766e+04 2.7857964629152460e+16 1.3891185248993136e+29
2.1214763874295099e-15 1.1709371055073901e+06 8.2568992978038499e+04 2.7298524310676648e+16 1.3852714531721697e+29
2.0730260402566669e-15 1.1721636185018430e+06 8.1360652612277976e+04 2.6749755297837976e+16 1.3812999151595291e+29
2.0256822036983470e-15 1.1734481087246204e+06 8.0167599829238417e+04 2.6211542529242024e+16 1.3771992087559049e+29
1.9794196072289361e-15 1.1747922710724112e+06 7.8989802395174702e+04 2.5683758656163860e+16 1.3729835483106003e+29
1.9342135574518784e-15 1.1761978122130397e+06 7.7827223610033208e+04 2.5166273772205556e+16 1.3686463073844335e+29
1.8900399249192402e-15 1.1776665010040114e+06 7.6679756329581898e+04 2.4658924562799124e+16 1.3641400150478777e+29
1.8468751312522100e-15 1.1792002846526727e+06 7.5547217626059311e+04 2.4161518491476136e+16 1.3595487674194929e+29
1.8046961365557400e-15 1.1808010340040782e+06 7.4429556826197862e+04 2.3673926648515212e+16 1.3548603483568716e+29
1.7634804271206827e-15 1.1824706627749759e+06 7.3326724743339189e+04 2.3196021015664976e+16 1.3500382316520493e+29
1.7232060034067163e-15 1.1842110776538085e+06 7.2238654500286022e+04 2.2727664702309652e+16 1.3451392985093284e+29
1.6838513682997199e-15 1.1860244922016035e+06 7.1165150760189761e+04 2.2268665930944724e+16 1.3401407542243640e+29
1.6453955156373893e-15 1.1879128041701720e+06 7.0106117916707066e+04 2.1818882407678696e+16 1.3350588969837340e+29
1.6078179189968424e-15 1.1898783503806896e+06 6.9061495616506654e+04 2.1378188310783616e+16 1.3298983587350749e+29
1.5710985207382948e-15 1.1919231859003739e+06 6.8031220305312396e+04 2.0946456472139428e+16 1.3247106864843958e+29
1.5352177212990160e-15 1.1940495512943056e+06 6.7015177530034751e+04 2.0523537454922384e+16 1.3193792872819742e+29
1.5001563687317299e-15 1.1962597788157312e+06 6.6013223315573443e+04 2.0109272769128924e+16 1.3139907719550695e+29
1.4658957484819409e-15 1.1985562121959394e+06 6.5025286451054330e+04 1.9703536763783428e+16 1.3085667718435031e+29
1.4324175733987857e-15 1.2009411319627007e+06 6.4051293438629800e+04 1.9306202387811148e+16 1.3031039986572803e+29
1.3997039739739272e-15 1.2034168683411370e+06 6.3091151826306334e+04 1.8917132836758072e+16 1.2975264801227274e+29
1.3677374888034679e-15 1.2059865223092553e+06 6.2144459753011113e+04 1.8536064263601228e+16 1.2919967179038361e+29
1.3365010552676013e-15 1.2086531181995613e+06 6.1211017431411667e+04 1.8162830015118148e+16 1.2863866804721177e+29
1.3059780004232072e-15 1.2114195093174684e+06 6.0290748677131262e+04 1.7797317153612032e+16 1.2807487282042206e+29
1.2761520321043861e-15 1.2142885583242413e+06 5.9383575195929894e+04 1.7439412506088844e+16 1.2750413817741428e+29
1.2470072302262402e-15 1.2172632712161662e+06 5.8489409080405021e+04 1.7088999506936378e+16 1.2693452491921520e+29
1.2185280382873081e-15 1.2203467719864484e+06 5.7608134287814362e+04 1.6745951619181638e+16 1.2636065132231393e+29
1.1906992550660171e-15 1.2235422321708170e+06 5.6739663983644430e+04 1.6410155727277136e+16 1.2578772382940495e+29
1.1635060265067758e-15 1.2268528275779500e+06 5.5883913627367278e+04 1.6081500276108804e+16 1.2521505862288691e+29
1.1369338377914151e-15 1.2302818421723947e+06 5.5040797557671875e+04 1.5759873689609754e+16 1.2463989316048804e+29
1.1109685055916584e-15 1.2338326829089315e+06 5.4210192157728168e+04 1.5445149350136174e+16 1.2407041231011973e+29
1.0855961704985305e-15 1.2375091525295428e+06 5.3391932319346211e+04 1.5137187498837424e+16 1.2349954954503793e+29
1.0608032896247057e-15 1.2413148538074892e+06 5.2585926852086319e+04 1.4835879159487170e+16 1.2292773965963705e+29
1.0365766293757621e-15 1.2452534223785917e+06 5.1792086103289999e+04 1.4541116067956896e+16 1.2235831349954350e+29
1.0129032583865274e-15 1.2493285353963752e+06 5.1010319095459345e+04 1.4252788523182492e+16 1.2179294779982533e+29
9.8977054061878349e-16 1.2535448413206104e+06 5.0240339829237717e+04 1.3970710761091228e+16 1.2123100744544484e+29
9.6716612861656596e-16 1.2579082086140979e+06 4.9481743921078298e+04 1.3694664509536498e+16 1.2067257131231585e+29
9.4507795691550233e-16 1.2624233672437102e+06 4.8734440529173982e+04 1.3424556531125646e+16 1.2011770480979258e+29
9.2349423560270548e-16 1.2670951507272485e+06 4.7998342424203918e+04 1.3160296000676074e+16 1.1956484762174269e+29
9.0240344402369017e-16 1.2719285749908029e+06 4.7273362151657268e+04 1.2901793430523300e+16 1.1901666314310532e+29
8.8179432463306952e-16 1.2769285130642261e+06 4.6559465029803156e+04 1.2648980333422676e+16 1.1847766131104146e+29
8.6165587698563285e-16 1.2820995169513074e+06 4.5856659608870294e+04 1.2401801503841482e+16 1.1794144105816034e+29
8.4197735186470735e-16 1.2874467991434005e+06 4.5164853818802410e+04 1.2160163497339082e+16 1.1741329154898755e+29
8.2274824554458266e-16 1.2929762951098683e+06 4.4483886269205592e+04 1.1923948797206086e+16 1.1689512948235883e+29
8.0395829418396960e-16 1.2986939400000975e+06 4.3813634396383393e+04 1.1693056925276628e+16 1.1638309806251254e+29
