8.0395829418396959e-13 9.1133045317008125e+05 3.0872524079138204e+05 1.2942738920962605e+17 2.8580189899904463e+27
7.8559746834753246e-13 9.1291317088859901e+05 3.0939496972151770e+05 1.3029597881063514e+17 2.8911997501499517e+27
7.6765596765250801e-13 9.1451534988204925e+05 3.1006640399945888e+05 1.3117274487692392e+17 2.9254858501044740e+27
7.5012421553758558e-13 9.1613702161726577e+05 3.1073947476107930e+05 1.3205770465510589e+17 2.9608609351358002e+27
7.3299285415128468e-13 9.1777791040713165e+05 3.1141400078806054e+05 1.3295072236865707e+17 2.9973654659621971e+27
7.1625273935704306e-13 9.1943771464173589e+05 3.1208978879792057e+05 1.3385164428094829e+17 3.0350447413565120e+27
6.9989493585237990e-13 9.2111624901450810e+05 3.1276666644791391e+05 1.3476034913276149e+17 3.0738755588195492e+27
6.8391071239955609e-13 9.2281346413678012e+05 3.1344450496487989e+05 1.3567677683808957e+17 3.1139665389335373e+27
6.6829153716511489e-13 9.2452952189641795e+05 3.1412326272192248e+05 1.3660098462691158e+17 3.1551877080518403e+27
6.5302907316589952e-13 9.2626428595540999e+05 3.1480281024816126e+05 1.3753289770444104e+17 3.1978470940990471e+27
6.3811517381904706e-13 9.2801742962011695e+05 3.1548295328628464e+05 1.3847235127885358e+17 3.2418475280546335e+27
6.2354187859361313e-13 9.2978862488098408e+05 3.1616348140878766e+05 1.3941915863256198e+17 3.2870569582727479e+27
6.0930140876152718e-13 9.3157781389895198e+05 3.1684426552051946e+05 1.4037325115388214e+17 3.3337721169584922e+27
5.9538616324556484e-13 9.3338495013091271e+05 3.1752518135985016e+05 1.4133456140539493e+17 3.3818582562765588e+27
5.8178871456214496e-13 9.3520969435920811e+05 3.1820603749857150e+05 1.4230292661668034e+17 3.4314057296839821e+27
5.6850180485680912e-13 9.3705210764289054e+05 3.1888673474387405e+05 1.4327831737232530e+17 3.4824726705494220e+27
5.5551834203020698e-13 9.3891219773521298e+05 3.1956714946985227e+05 1.4426065894955846e+17 3.5351828945393265e+27
5.4283139595259256e-13 9.4078943247210677e+05 3.2024705274194211e+05 1.4524972360211958e+17 3.5894036197536351e+27
5.3043419476474946e-13 9.4268381261056336e+05 3.2092632112612377e+05 1.4624544146773226e+17 3.6452662301399690e+27
5.1832012126339740e-13 9.4459518299516046e+05 3.2160481533676467e+05 1.4724770991258330e+17 3.7028250861725097e+27
5.0648270936916735e-13 9.4652312231107638e+05 3.2228229002001358e+05 1.4825626939755046e+17 3.7622265460795663e+27
4.9491564067522283e-13 9.4846761186983238e+05 3.2295862091478956e+05 1.4927104791441370e+17 3.8232824095406654e+27
4.8361274107470329e-13 9.5042862177107332e+05 3.2363369245606591e+05 1.5029197985800477e+17 3.8862281821660471e+27
4.7256797746521049e-13 9.5240596030554094e+05 3.2430735027104412e+05 1.5131893236367712e+17 3.9510577877385015e+27
4.6177545452852868e-13 9.5439914440400130e+05 3.2497936658310331e+05 1.5235164826860771e+17 4.0178497307016800e+27
4.5122941158391827e-13 9.5640771237090882e+05 3.2564946176751511e+05 1.5338980837263994e+17 4.0865707270091633e+27
4.4092421951325472e-13 9.5843181241910742e+05 3.2631753715032688e+05 1.5443338166661267e+17 4.1574107047245577e+27
4.3085437775639206e-13 9.6047146039804514e+05 3.2698347704671457e+05 1.5548230102381338e+17 4.2303622739571421e+27
4.2101451137516242e-13 9.6252666166701191e+05 3.2764717655368359e+05 1.5653650695944080e+17 4.3055255512244785e+27
4.1139936818441155e-13 9.6459692610123823e+05 3.2830841468210967e+05 1.5759573426622310e+17 4.3827830958564834e+27
4.0200381594855675e-13 9.6668189549478760e+05 3.2896696750606230e+05 1.5865972849535098e+17 4.4625943260528484e+27
3.9282283964218600e-13 9.6878134538664913e+05 3.2962265265144390e+05 1.5972830257190538e+17 4.5446410066178578e+27
3.8385153877319545e-13 9.7089522708926769e+05 3.3027532303377218e+05 1.6080132852624362e+17 4.6291537014220997e+27
3.7508512476708503e-13 9.7302350218039460e+05 3.3092486612193042e+05 1.6187872586687466e+17 4.7161550334246726e+27
3.6651891841097572e-13 9.7516566889017820e+05 3.3157106312507042e+05 1.6296021201014522e+17 4.8057963177239862e+27
3.5814834735600098e-13 9.7732123079354421e+05 3.3221365849488467e+05 1.6404546089167213e+17 4.8979843406052919e+27
3.4996894367675177e-13 9.7949001865699457e+05 3.3285247581823397e+05 1.6513428373374838e+17 4.9930326402021490e+27
3.4197634148644563e-13 9.8167186693302367e+05 3.3348735008086893e+05 1.6622650548775642e+17 5.0908297209583841e+27
3.3416627460656126e-13 9.8386640769585758e+05 3.3411806461217097e+05 1.6732185342864845e+17 5.1914475378143172e+27
3.2653457428970620e-13 9.8607336021019914e+05 3.3474442614137108e+05 1.6842009267330240e+17 5.2952086934346203e+27
3.1907716699447724e-13 9.8829216735739144e+05 3.3536615353749122e+05 1.6952083805643059e+17 5.4019178279718302e+27
3.1179007221113923e-13 9.9052283653193235e+05 3.3598307279092318e+05 1.7062391827889168e+17 5.5117314905012999e+27
3.0466940033697372e-13 9.9276552710517938e+05 3.3659508241870033e+05 1.7172927228229296e+17 5.6248210057041872e+27
2.9771135060013152e-13 9.9501992610430531e+05 3.3720200449124933e+05 1.7283666996703139e+17 5.7413031926413540e+27
2.9091220903091890e-13 9.9728576086700743e+05 3.3780366873458662e+05 1.7394589186641914e+17 5.8611666208519909e+27
2.8426834647940371e-13 9.9956227520695969e+05 3.3839981019213930e+05 1.7505651752525002e+17 5.9845352446354767e+27
2.7777621667829500e-13 1.0018489585291878e+06 3.3899016176608246e+05 1.7616816176696538e+17 6.1116145979509577e+27
2.7143235435007391e-13 1.0041455463689845e+06 3.3957450664389849e+05 1.7728053896698694e+17 6.2422863367581551e+27
2.6523337335734285e-13 1.0064518606064072e+06 3.4015264069594553e+05 1.7839338882130221e+17 6.3767723537614251e+27
2.5917596489541772e-13 1.0087678553194759e+06 3.4072440377715812e+05 1.7950652872867235e+17 6.5152166884248972e+27
2.5325689572620839e-13 1.0110933928537532e+06 3.4128966414588835e+05 1.8061978956648090e+17 6.6577885612252624e+27
2.4747300645241784e-13 1.0134273490968666e+06 3.4184809719038667e+05 1.8173258441056902e+17 6.8044189350542895e+27
2.4182120983117104e-13 1.0157692372450450e+06 3.4239941827135417e+05 1.8284448374705802e+17 6.9552512708747974e+27
2.3629848912614671e-13 1.0181190141730640e+06 3.4294343330274004e+05 1.8395524812088605e+17 7.1104827791593126e+27
2.3090189649734352e-13 1.0204765143101357e+06 3.4347996569431142e+05 1.8506463459428246e+17 7.2702958496444830e+27
2.2562855142762949e-13 1.0228409997623779e+06 3.4400874430521904e+05 1.8617217152266426e+17 7.4346248370555614e+27
2.2047563918521709e-13 1.0252119669809386e+06 3.4452951163983298e+05 1.8727745932564698e+17 7.6039643318102842e+27
2.1544040932125280e-13 1.0275894536882218e+06 3.4504205617260124e+05 1.8838018724474192e+17 7.7775669952960142e+27
2.1052017420172673e-13 1.0299729697445135e+06 3.4554619579521235e+05 1.8948008048582854e+17 7.9565816344564193e+27
2.0571230757290243e-13 1.0323616354380938e+06 3.4604166091773490e+05 1.9057660129483158e+17 8.1404378579545751e+27
2.0101424315950971e-13 1.0347547028716943e+06 3.4652813560815289e+05 1.9166919125447875e+17 8.3297093575413689e+27
1.9642347329496030e-13 1.0371514978162430e+06 3.4700532383681828e+05 1.9275732456974733e+17 8.5240314914456180e+27
1.9193754758283432e-13 1.0395512923778465e+06 3.4747286139635934e+05 1.9384037166316570e+17 8.7239471993019813e+27
1.8755407158894795e-13 1.0419538563316196e+06 3.4793043415672128e+05 1.9491786468751821e+17 8.9293593163076978e+27
1.8327070556328355e-13 1.0443592168611159e+06 3.4837780969455896e+05 1.9598948837500826e+17 9.1405841513811089e+27
1.7908516319110873e-13 1.0467668481613641e+06 3.4881475196574983e+05 1.9705480445432886e+17 9.3575828836892321e+27
1.7499521037262478e-13 1.0491755737016357e+06 3.4924090105658059e+05 1.9811306964921008e+17 9.5806276284694564e+27
1.7099866403047436e-13 1.0515848081411861e+06 3.4965593756606505e+05 1.9916371228353523e+17 9.8097592877001128e+27
1.6709339094449448e-13 1.0539934098129780e+06 3.5005946706291696e+05 2.0020593515777094e+17 1.0045296812192924e+28
1.6327730661307397e-13 1.0564005617120236e+06 3.5045104484169447e+05 2.0123894401361629e+17 1.0286947386543460e+28
1.5954837414051565e-13 1.0588057717549198e+06 3.5083024955220363e+05 2.0226203687477914e+17 1.0535035169593831e+28
1.5590460314981504e-13 1.0612085335888739e+06 3.5119667452344432e+05 2.0327451896343398e+17 1.0789968168807597e+28
1.5234404872026269e-13 1.0636080102182925e+06 3.5154989956625167e+05 2.0427560084551789e+17 1.1051560526082965e+28
1.4886481034931015e-13 1.0660029673450126e+06 3.5188941808690084e+05 2.0526428113613936e+17 1.1319814976013719e+28
1.4546503093815020e-13 1.0683924997434739e+06 3.5221471610396367e+05 2.0623961339412435e+17 1.1595338089299051e+28
1.4214289580045901e-13 1.0707747382443787e+06 3.5252513761027018e+05 2.0720023492593312e+17 1.1877761919505124e+28
1.3889663169377659e-13 1.0731481132579080e+06 3.5281985481165181e+05 2.0814464358190989e+17 1.2167876197093994e+28
1.3572450587301461e-13 1.0755118038413574e+06 3.5309789148527704e+05 2.0907121552696694e+17 1.2464095620960092e+28
1.3262482516557153e-13 1.0778643089686539e+06 3.5335811600684444e+05 2.0997810784003594e+17 1.2767732229636941e+28
1.2959593506757878e-13 1.0802049300047182e+06 3.5359884763059049e+05 2.1086286492060806e+17 1.3079857560740934e+28
1.2663621886078123e-13 1.0825415597312709e+06 3.5381897767530777e+05 2.1172589857240637e+17 1.3400962657934977e+28
1.2374409674958667e-13 1.0848759396593976e+06 3.5401832411145890e+05 2.1256736712831923e+17 1.3731997523796851e+28
1.2091802501782780e-13 1.0872071165809934e+06 3.5419687756761233e+05 2.1338694238783510e+17 1.4072824223184307e+28
1.1815649520477777e-13 1.0895332368667263e+06 3.5435433465361886e+05 2.1418369596694291e+17 1.4423924339718115e+28
1.1545803329998362e-13 1.0918541777823986e+06 3.5449036031424830e+05 2.1495710244108438e+17 1.4784720196640161e+28
1.1282119895649331e-13 1.0941692517130675e+06 3.5460466008116724e+05 2.1570653788644739e+17 1.5157008463963963e+28
1.1024458472204377e-13 1.0964781714828135e+06 3.5469687793995941e+05 2.1643141373438038e+17 1.5539930814438235e+28
1.0772681528781416e-13 1.0987806374430854e+06 3.5476676630802109e+05 2.1713127517313226e+17 1.5933848444732588e+28
1.0526654675433147e-13 1.1010756490067483e+06 3.5481404048391414e+05 2.1780543719810102e+17 1.6339146571986944e+28
1.0286246591414157e-13 1.1033630517074212e+06 3.5483833036150999e+05 2.1845333290285520e+17 1.6756448578676128e+28
1.0051328955086642e-13 1.1056424798101308e+06 3.5483935439382918e+05 2.1907445715171366e+17 1.7185916286579046e+28
9.8217763754265583e-14 1.1079135950367127e+06 3.5481680519123201e+05 2.1966828245368746e+17 1.7627503977684319e+28
9.5974663250940560e-14 1.1101764117249919e+06 3.5477045604125899e+05 2.2023448713223363e+17 1.8081484589427155e+28
9.3782790750328011e-14 1.1124296512559722e+06 3.5470028549206216e+05 2.2077265772264659e+17 1.8549380513989442e+28
9.1640976305625656e-14 1.1146726374515772e+06 3.5460596289011708e+05 2.2128215261246307e+17 1.9029772389187107e+28
8.9548076689313450e-14 1.1169052103909068e+06 3.5448713219408400e+05 2.2176244815801533e+17 1.9524030575458468e+28
8.7502974782940347e-14 1.1191270914579474e+06 3.5434350020961359e+05 2.2221307324502682e+17 2.0031974540176503e+28
8.5504578980841602e-14 1.1213382337742788e+06 3.5417478735170595e+05 2.2263365212872710e+17 2.0554738755872951e+28
8.3551822607479450e-14 1.1235384777876777e+06 3.5398098567801231e+05 2.2302411365719066e+17 2.1092284106043052e+28
8.1643663348086941e-14 1.1257260463423447e+06 3.5376221959587961e+05 2.2338411183046317e+17 2.1643427006422970e+28
7.9779082692314898e-14 1.1279005555973884e+06 3.5351813745999237e+05 2.2371307878125085e+17 2.2210792980083673e+28
7.7957085390588123e-14 1.1300617304881809e+06 3.5324841640009318e+05 2.2401053778601002e+17 2.2793055219898303e+28
7.6176698922872544e-14 1.1322091845940722e+06 3.5295278115330386e+05 2.2427603842594595e+17 2.3391439352625959e+28
7.4436972979579387e-14 1.1343428239016922e+06 3.5263094883699372e+05 2.2450921646593744e+17 2.4005699677330479e+28
7.2736978954321352e-14 1.1364623262106834e+06 3.5228291333208565e+05 2.2470999797784214e+17 2.4636251139397794e+28
7.1075809448253324e-14 1.1385662064575157e+06 3.5190882245244994e+05 2.2487815295151642e+17 2.5284201385964942e+28
6.9452577785735583e-14 1.1406540284304782e+06 3.5150831372642814e+05 2.2501312801102077e+17 2.5948419512572938e+28
6.7866417541055714e-14 1.1427254678411034e+06 3.5108103059483820e+05 2.2511442107922499e+17 2.6629727105441345e+28
6.6316482075959181e-14 1.1447801736694437e+06 3.5062666344391421e+05 2.2518158664038771e+17 2.7329576646044506e+28
6.4801944087744509e-14 1.1468179368894675e+06 3.5014490350163786e+05 2.2521423701417024e+17 2.8046987884228417e+28
6.3321995167676364e-14 1.1488385950572041e+06 3.4963559494600899e+05 2.2521219485417920e+17 2.8782756754163838e+28
6.1875845369483762e-14 1.1508411081729194e+06 3.4909891023379308e+05 2.2517542794967277e+17 2.9537278348245188e+28
6.0462722787715319e-14 1.1528250207067016e+06 3.4853458203825372e+05 2.2510353203770122e+17 3.0310642816742740e+28
5.9081873145721601e-14 1.1547900156934771e+06 3.4794231416570093e+05 2.2499615077515174e+17 3.1103118901947596e+28
5.7732559393047217e-14 1.1567356671031294e+06 3.4732199067153194e+05 2.2485308562288160e+17 3.1915042782907933e+28
5.6414061312020209e-14 1.1586616182172119e+06 3.4667338328385539e+05 2.2467404689266285e+17 3.2748066091114093e+28
5.5125675133322412e-14 1.1605677431690313e+06 3.4599627415236132e+05 2.2445884972254496e+17 3.3600404975316748e+28
5.3866713160343085e-14 1.1624534965290194e+06 3.4529090796791238e+05 2.2420773855920067e+17 3.4474045772890414e+28
5.2636503402109189e-14 1.1643177976747102e+06 3.4455746811549459e+05 2.2392071522131693e+17 3.5367433154128031e+28
5.1434389214598862e-14 1.1661602532579587e+06 3.4379563328057469e+05 2.2359739181017386e+17 3.6281552268214396e+28
5.0259728950248755e-14 1.1679805139602728e+06 3.4300509286433173e+05 2.2323741930409021e+17 3.7218002680841830e+28
4.9111895615462751e-14 1.1697783027673403e+06 3.4218555105991795e+05 2.2284050328648464e+17 3.8174657488734322e+28
4.7990276535945624e-14 1.1715533888495120e+06 3.4133676701182965e+05 2.2240645052544570e+17 3.9153625411906022e+28
4.6894273029677714e-14 1.1733057978721964e+06 3.4045859115716134e+05 2.2193523955608416e+17 4.0156069433308102e+28
4.5823300087358381e-14 1.1750348934105965e+06 3.3955152801852260e+05 2.2142745330802605e+17 4.1179131128429309e+28
4.4776786060149089e-14 1.1767396751942309e+06 3.3861579187498341e+05 2.2088324553208851e+17 4.2226668295829827e+28
4.3754172354546191e-14 1.1784199501376308e+06 3.3765113357247721e+05 2.2030239266639600e+17 4.3295305634713581e+28
4.2754913134222209e-14 1.1800753622067822e+06 3.3665734206465789e+05 2.1968474275738186e+17 4.4387206533409363e+28
4.1778475028678120e-14 1.1817055552006813e+06 3.3563429553098773e+05 2.1903024775969616e+17 4.5502127217520764e+28
4.0824336848547811e-14 1.1833103178668467e+06 3.3458182469167968e+05 2.1833885239741190e+17 4.6640062821751000e+28
3.9891989307404462e-14 1.1848895299841005e+06 3.3349980524590320e+05 2.1761061047724518e+17 4.7801912030613685e+28
3.8980934749921996e-14 1.1864429943048493e+06 3.3238858075912471e+05 2.1684609419457037e+17 4.8987597564785520e+28
3.8090686886242321e-14 1.1879698683528514e+06 3.3124877149638149e+05 2.1604598157398672e+17 5.0196310186169503e+28
3.7220770532411519e-14 1.1894698155186363e+06 3.3008023065912491e+05 2.1521023220921581e+17 5.1429228924741877e+28
3.6370721356742348e-14 1.1909425730879903e+06 3.2888281638209790e+05 2.1433885038230806e+17 5.2685237509880278e+28
3.5540085631969392e-14 1.1923878364736715e+06 3.2765655066611181e+05 2.1343203104142259e+17 5.3964664825648020e+28
3.4728419993065977e-14 1.1938053849606654e+06 3.2640144063479372e+05 2.1248995182037805e+17 5.5268359351353657e+28
3.3935291200589816e-14 1.1951949954905754e+06 3.2511740821062081e+05 2.1151275880027286e+17 5.6596398581032926e+28
3.3160275909435640e-14 1.1965567062167700e+06 3.2380446026652917e+05 2.1050075510726330e+17 5.7947627002180749e+28
3.2402960442867525e-14 1.1978901804970254e+06 3.2246342359117337e+05 2.0945505093721542e+17 5.9324113998043427e+28
3.1662940571711986e-14 1.1991948517817284e+06 3.2109471734559606e+05 2.0837623289430022e+17 6.0723924692163338e+28
3.0939821298595029e-14 1.2004706734542609e+06 3.1969828961268504e+05 2.0726446321884710e+17 6.2145881872767614e+28
3.0233216647105607e-14 1.2017173298793517e+06 3.1827413457810809e+05 2.0611999581086624e+17 6.3591615317781592e+28
2.9542749455774224e-14 1.2029346558600373e+06 3.1682262865807518e+05 2.0494347946046694e+17 6.5061104170420269e+28
2.8868051176757726e-14 1.2041223532986697e+06 3.1534399170790479e+05 2.0373537280845235e+17 6.6553097031925150e+28
2.8208761679120653e-14 1.2052803395637651e+06 3.1383823981592606e+05 2.0249597087418077e+17 6.8068747831551048e+28
2.7564529056609296e-14 1.2064085824718159e+06 3.1230544519228657e+05 2.0122567978442618e+17 6.9605161204988278e+28
2.6935009439816838e-14 1.2075070100652643e+06 3.1074629467802856e+05 1.9992554797282531e+17 7.1166148444743682e+28
2.6319866812637211e-14 1.2085753063728462e+06 3.0916142887295393e+05 1.9859647389474659e+17 7.2747891984723632e+28
2.5718772832910860e-14 1.2096133596860627e+06 3.0755091716657917e+05 1.9723881632411738e+17 7.4351881158999399e+28
2.5131406657167638e-14 1.2106210634370102e+06 3.0591487023453385e+05 1.9585301729029229e+17 7.5975320282900306e+28
2.4557454769370657e-14 1.2115986323274090e+06 3.0425376605825953e+05 1.9443993711000368e+17 7.7621260987545654e+28
2.3996610813572847e-14 1.2125455810444290e+06 3.0256855207723239e+05 1.9300080907240986e+17 7.9285710121700955e+28
2.3448575430394285e-14 1.2134619975519802e+06 3.0085938840931660e+05 1.9153607398869270e+17 8.0967439980321481e+28
2.2913056097234067e-14 1.2143475389919961e+06 2.9912641054630483e+05 1.9004617555568797e+17 8.2674652907106732e+28
2.2389766972132404e-14 1.2152023448579041e+06 2.9736981808319211e+05 1.8853165617175402e+17 8.4398044995080933e+28
2.1878428741197178e-14 1.2160265298133786e+06 2.9559017820165004e+05 1.8699342161512186e+17 8.6138417191261389e+28
2.1378768469516348e-14 1.2168198512259861e+06 2.9378778972594999e+05 1.8543209877100803e+17 8.7895645760974484e+28
2.0890519455474319e-14 1.2175824551657548e+06 2.9196286539802141e+05 1.8384826339133629e+17 8.9672001997998484e+28
2.0413421088395478e-14 1.2183145642262504e+06 2.9011567378898169e+05 1.8224259639645338e+17 9.1461862366777431e+28
1.9947218709439593e-14 1.2190165673838067e+06 2.8824723445470509e+05 1.8061657846488346e+17 9.3268642678728465e+28
1.9491663475673367e-14 1.2196883758937807e+06 2.8635926321380032e+05 1.7897219642703254e+17 9.5089588877655488e+28
1.9046512227246311e-14 1.2203299031231580e+06 2.8445205381889589e+05 1.7731000667302579e+17 9.6924159944696909e+28
1.8611527357600804e-14 1.2209410917238737e+06 2.8252585564829194e+05 1.7563053260076138e+17 9.8770366975716388e+28
1.8186476686645556e-14 1.2215219274791558e+06 2.8058093134097697e+05 1.7393432312182461e+17 1.0062877521798119e+29
1.7771133336825583e-14 1.2220724445559152e+06 2.7861759773398330e+05 1.7222199099248576e+17 1.0249553366210296e+29
1.7365275612023216e-14 1.2225927160992536e+06 2.7663617743300350e+05 1.7049416467315514e+17 1.0437328162739473e+29
1.6968686879223694e-14 1.2230828526805399e+06 2.7463697022538085e+05 1.6875146275042029e+17 1.0625879566779586e+29
1.6581155452884349e-14 1.2235430758513100e+06 2.7262030988114042e+05 1.6699456437617872e+17 1.0815307429411018e+29
1.6202474481943860e-14 1.2239737740334771e+06 2.7058662734047679e+05 1.6522428923479248e+17 1.1005443293710982e+29
1.5832441839412017e-14 1.2243753966476216e+06 2.6853755648893351e+05 1.6344258629247693e+17 1.1196033804796279e+29
1.5470860014481690e-14 1.2247480649825665e+06 2.6647400837951590e+05 1.6165058766193027e+17 1.1387259994764773e+29
1.5117536007103770e-14 1.2250918619904108e+06 2.6439633415362076e+05 1.5984889280404445e+17 1.1578767113685009e+29
1.4772281224970779e-14 1.2254069465278252e+06 2.6230489592127537e+05 1.5803811974630909e+17 1.1770251585067182e+29
1.4434911382852522e-14 1.2256935340499009e+06 2.6020008068924618e+05 1.5621892398754221e+17 1.1961947306963237e+29
1.4105246404230745e-14 1.2259519065388334e+06 2.5808259971505310e+05 1.5439226529551597e+17 1.2153682418740408e+29
1.3783110325180794e-14 1.2261822868804438e+06 2.5595301040017637e+05 1.5255892985758842e+17 1.2345092941031861e+29
1.3468331200447878e-14 1.2263851232571325e+06 2.5381170036311995e+05 1.5071954729153501e+17 1.2536745507431113e+29
1.3160741011668400e-14 1.2265600905441165e+06 2.5165907280044790e+05 1.4887477305462294e+17 1.2727022264478774e+29
1.2860175577687812e-14 1.2267081995406928e+06 2.4949555308984790e+05 1.4702530125697782e+17 1.2917225779359380e+29
1.2566474466926146e-14 1.2268298868778343e+06 2.4732211401380619e+05 1.4517234549898355e+17 1.3106726037675999e+29
1.2279480911744954e-14 1.2269254600678547e+06 2.4513980765835528e+05 1.4331711330676290e+17 1.3295608401403067e+29
1.1999041724770400e-14 1.2269953537509260e+06 2.4294906034686501e+05 1.4146022621300981e+17 1.3483282029619675e+29
1.1725007217126900e-14 1.2270399358069934e+06 2.4075030713347203e+05 1.3960232075557261e+17 1.3670378727946886e+29
1.1457231118538169e-14 1.2270596830952920e+06 2.3854400085651068e+05 1.3774406350313334e+17 1.3855667525002099e+29
1.1195570499253468e-14 1.2270553122168186e+06 2.3633087745650765e+05 1.3588640881395336e+17 1.4040253505269944e+29
1.0939885693756198e-14 1.2270276014008350e+06 2.3411270339545381e+05 1.3403116501433931e+17 1.4223003493692040e+29
1.0690040226215535e-14 1.2269769240938607e+06 2.3189011239325514e+05 1.3217904517623909e+17 1.4404259868020309e+29
1.0445900737640148e-14 1.2269036323773703e+06 2.2966353869843087e+05 1.3033058231673366e+17 1.4583720016822938e+29
1.0207336914695582e-14 1.2268081221040133e+06 2.2743339537818337e+05 1.2848628882773139e+17 1.4761357517173442e+29
9.9742214201477500e-15 1.2266908309220846e+06 2.2520012995268044e+05 1.2664670911834989e+17 1.4936866057977009e+29
9.7464298248943204e-15 1.2265522657609396e+06 2.2296426578122436e+05 1.2481245293091581e+17 1.5110416624264221e+29
9.5238405415489943e-15 1.2263929577731381e+06 2.2072635787893669e+05 1.2298414539413402e+17 1.5281643241841677e+29
9.3063347595421789e-15 1.2262134420868929e+06 2.1848685796444048e+05 1.2116231959967134e+17 1.5450287960647547e+29
9.0937963817038467e-15 1.2260143224637180e+06 2.1624624945526826e+05 1.1934753541447664e+17 1.5616682743386199e+29
8.8861119622950472e-15 1.2257962686039766e+06 2.1400502475020167e+05 1.1754036347780637e+17 1.5780515284657050e+29
8.6831706464543330e-15 1.2255600716994999e+06 2.1176366322115972e+05 1.1574137988495589e+17 1.5941379127863027e+29
8.4848641110271021e-15 1.2253069133065483e+06 2.0952362196148233e+05 1.1395199176244134e+17 1.6099874979781764e+29
8.2910865067466053e-15 1.2250376413361090e+06 2.0728617995922637e+05 1.1217334754474416e+17 1.6255371278265616e+29
8.1017344017351153e-15 1.2247528636287814e+06 2.0505179277364930e+05 1.1040588097200702e+17 1.6407632980886737e+29
7.9167067262954120e-15 1.2244533278338972e+06 2.0282122978360392e+05 1.0865028237746352e+17 1.6556707305620863e+29
7.7359047189634282e-15 1.2241398565467284e+06 2.0059521644920285e+05 1.0690716605229616e+17 1.6703676029243101e+29
7.5592318737926421e-15 1.2238125285558742e+06 1.9837418326413663e+05 1.0517688578184683e+17 1.6844918154768319e+29
7.3865938888424051e-15 1.2234723888559304e+06 1.9615854009735284e+05 1.0345977253287830e+17 1.6983846499243079e+29
7.2178986158429975e-15 1.2231198916290922e+06 1.9394868681535061e+05 1.0175614452198075e+17 1.7119081588333551e+29
7.0530560110097832e-15 1.2227556713535278e+06 1.9174503655392691e+05 1.0006632544538096e+17 1.7250635006604309e+29
6.8919780869811397e-15 1.2223804207544115e+06 1.8954806636297563e+05 9.8390688258681888e+16 1.7378454244088681e+29
6.7345788658535760e-15 1.2219948505687080e+06 1.8735830267105938e+05 9.6729627869482880e+16 1.7502659092221709e+29
6.5807743332898606e-15 1.2215996245519298e+06 1.8517614261709587e+05 9.5083425583650704e+16 1.7622452903922401e+29
6.4304823936749431e-15 1.2211954230066051e+06 1.8300195822294478e+05 9.3452335940590240e+16 1.7738335102053082e+29
6.2836228262960381e-15 1.2207829438994199e+06 1.8083607502869196e+05 9.1836574815101408e+16 1.7850299829729589e+29
6.1401172425237023e-15 1.2203629590097459e+06 1.7867886212852428e+05 9.0236391271202704e+16 1.7957918745235172e+29
5.9998890439705759e-15 1.2199362912291696e+06 1.7653071677207647e+05 8.8652056316031152e+16 1.8061404029569394e+29
5.8628633816057044e-15 1.2195039138826483e+06 1.7439237547548517e+05 8.7084090589024784e+16 1.8160187807956826e+29
5.7289671158028247e-15 1.2190666255025377e+06 1.7226430759010118e+05 8.5532779461272848e+16 1.8254771867802599e+29
5.5981287773008504e-15 1.2186252205749950e+06 1.7014685555867443e+05 8.3998304645871040e+16 1.8345430351584859e+29
5.4702785290559493e-15 1.2181805234977903e+06 1.6804043118040537e+05 8.2480895463338368e+16 1.8431092655663006e+29
5.3453481289650542e-15 1.2177333695755526e+06 1.6594544320517703e+05 8.0980765042531360e+16 1.8512451612794830e+29
5.2232708934404756e-15 1.2172845484797335e+06 1.6386220716839065e+05 7.9498049099996112e+16 1.8589135279453293e+29
5.1039816618164203e-15 1.2168348872790684e+06 1.6179102511922416e+05 7.8032867303065952e+16 1.8661439183355149e+29
4.9874167615685985e-15 1.2163852141584170e+06 1.5973218062872352e+05 7.6585321492529024e+16 1.8728730582257967e+29
4.8735139743278304e-15 1.2159363834112294e+06 1.5768595856200202e+05 7.5155509637633888e+16 1.8791523269774910e+29
4.7622125026701672e-15 1.2154892872746661e+06 1.5565263962641489e+05 7.3743523352701856e+16 1.8849848306774591e+29
4.6534529376651431e-15 1.2150448236461252e+06 1.5363253114973698e+05 7.2349467742053312e+16 1.8903057617807453e+29
4.5471772271654456e-15 1.2146039162958283e+06 1.5162592323789283e+05 7.0973428832264112e+16 1.8951763287658840e+29
4.4433286448206034e-15 1.2141674842039426e+06 1.4963306621270539e+05 6.9615458516989216e+16 1.8995850322513333e+29
4.3418517597983386e-15 1.2137364580972830e+06 1.4765420493863660e+05 6.8275601078923176e+16 1.9034952618141468e+29
4.2426924071975897e-15 1.2133118072425239e+06 1.4568958752817247e+05 6.6953898242513808e+16 1.9069465685200030e+29
4.1457976591370770e-15 1.2128944900895464e+06 1.4373943957301675e+05 6.5650371277362112e+16 1.9099232245359785e+29
4.0511157965041552e-15 1.2124854922051653e+06 1.4180397432389107e+05 6.4365028695131480e+16 1.9124372737719851e+29
3.9585962813490184e-15 1.2120857978630224e+06 1.3988336913867114e+05 6.3097850174470080e+16 1.9144673672397424e+29
3.8681897299092095e-15 1.2116964189427367e+06 1.3797777549093732e+05 6.1848797160825720e+16 1.9160280072943252e+29
3.7798478862502085e-15 1.2113184090580854e+06 1.3608737913930052e+05 6.0617852790747608e+16 1.9171500213499754e+29
3.6935235965081540e-15 1.2109528444723955e+06 1.3421235723329047e+05 5.9404991430740712e+16 1.9177823587189675e+29
3.6091707837206704e-15 1.2106008274569095e+06 1.3235289008214654e+05 5.8210186786916424e+16 1.9179516394783462e+29
3.5267444232325131e-15 1.2102634781123698e+06 1.3050914422480579e+05 5.7033399943335216e+16 1.9176471806241489e+29
3.4462005186630304e-15 1.2099419244094091e+06 1.2868126831289416e+05 5.5874576861731128e+16 1.9169224251368278e+29
3.3674960784223519e-15 1.2096373260459781e+06 1.2686940145543001e+05 5.4733655221775768e+16 1.9157712474855765e+29
3.2905890927639030e-15 1.2093508391645178e+06 1.2507363578995198e+05 5.3610539927417512e+16 1.9141224677488366e+29
3.2154385113611301e-15 1.2090836806638159e+06 1.2329408425048822e+05 5.2505149805766760e+16 1.9120376381347243e+29
3.1420042213961282e-15 1.2088370867955880e+06 1.2153086174070211e+05 5.1417402789084440e+16 1.9095285256310284e+29
3.0702470261488918e-15 1.2086123016956109e+06 1.1978406783247396e+05 5.0347205187348096e+16 1.9065537382461586e+29
3.0001286240753394e-15 1.2084106422202361e+06 1.1805374429857238e+05 4.9294426329772464e+16 1.9032383010833352e+29
2.9316115883633456e-15 1.2082334100376819e+06 1.1633997145827254e+05 4.8258961309362880e+16 1.8994910454231490e+29
2.8646593469555428e-15 1.2080819823113021e+06 1.1464283260708951e+05 4.7240706162031200e+16 1.8953207697768113e+29
2.7992361630283719e-15 1.2079577814878698e+06 1.1296240052328538e+05 4.6239549428751208e+16 1.8907583264545798e+29
2.7353071159170559e-15 1.2078622375289190e+06 1.1129872834935946e+05 4.5255367514743496e+16 1.8857577130458504e+29
2.6728380824761013e-15 1.2077968395508083e+06 1.0965187380339237e+05 4.4288039929805224e+16 1.8804089886807921e+29
2.6117957188654957e-15 1.2077631267271868e+06 1.0802189017078945e+05 4.3337443902581592e+16 1.8746670884667429e+29
2.5521474427529691e-15 1.2077626971909134e+06 1.0640884771257140e+05 4.2403468421923360e+16 1.8685644527100873e+29
2.4938614159226217e-15 1.2077971970661276e+06 1.0481296210071993e+05 4.1486085656509368e+16 1.8621287574392050e+29
2.4369065272807395e-15 1.2078682222898619e+06 1.0323429942535533e+05 4.0585171052582896e+16 1.8552894476762367e+29
2.3812523762498158e-15 1.2079773916561152e+06 1.0167288313949323e+05 3.9700574153374664e+16 1.8481464801412300e+29
2.3268692565417277e-15 1.2081263572123330e+06 1.0012872509319574e+05 3.8832137174507744e+16 1.8407039293648588e+29
2.2737281403015041e-15 1.2083168342515833e+06 9.8601762352971578e+04 3.7979660011523256e+16 1.8328803692804720e+29
2.2218006626133126e-15 1.2085505840503871e+06 9.7091974412194933e+04 3.7142970927277840e+16 1.8247732288202120e+29
2.1710591063601611e-15 1.2088294409574638e+06 9.5599358946360051e+04 3.6321909643798552e+16 1.8163843930755398e+29
2.1214763874295099e-15 1.2091552940572312e+06 9.4123907541408000e+04 3.5516313151902308e+16 1.8077122758954721e+29
2.0730260402566669e-15 1.2095300796615230e+06 9.2665615854137010e+04 3.4726021642300992e+16 1.7987148517198005e+29
2.0256822036983470e-15 1.2099557903319267e+06 9.1224469228662390e+04 3.3950869552844620e+16 1.7895173537366345e+29
1.9794196072289361e-15 1.2104344820847090e+06 8.9800441853817509e+04 3.3190686179184160e+16 1.7799950510591765e+29
1.9342135574518784e-15 1.2109682304513385e+06 8.8393501983175811e+04 3.2445298388324444e+16 1.7702665664231463e+29
1.8900399249192402e-15 1.2115592375291740e+06 8.7003593563569710e+04 3.1714520784465568e+16 1.7603021723567383e+29
1.8468751312522100e-15 1.2122097660251441e+06 8.5630633957986080e+04 3.0998156578472464e+16 1.7500930189838673e+29
1.8046961365557400e-15 1.2129221553811834e+06 8.4274574622706627e+04 3.0296030049731664e+16 1.7396883653872927e+29
1.7634804271206827e-15 1.2136988421205692e+06 8.2935363775084392e+04 2.9607965626705676e+16 1.7290477257934123e+29
1.7232060034067163e-15 1.2145423496053631e+06 8.1612940627024902e+04 2.8933784658121536e+16 1.7182602822816179e+29
1.6838513682997199e-15 1.2154553171093941e+06 8.0307203519915347e+04 2.8273290195256324e+16 1.7073185829513468e+29
1.6453955156373893e-15 1.2164405208228168e+06 7.9018075626516424e+04 2.7626303014261652e+16 1.6961548237928524e+29
1.6078179189968424e-15 1.2175008778279582e+06 7.7745486687598954e+04 2.6992651782516700e+16 1.6848537240416491e+29
1.5710985207382948e-15 1.2186395175118439e+06 7.6489362654243596e+04 2.6372170712135996e+16 1.6734568779342035e+29
1.5352177212990160e-15 1.2198594356389006e+06 7.5250128277338765e+04 2.5764955505442104e+16 1.6619188492704653e+29
1.5001563687317299e-15 1.2211629478736485e+06 7.4028502354483440e+04 2.5171216545551832e+16 1.6502740167356938e+29
1.4658957484819409e-15 1.2225527472201171e+06 7.2824399916395501e+04 2.4590744616271008e+16 1.6385837161965497e+29
1.4324175733987857e-15 1.2240316043030042e+06 7.1637722378543651e+04 2.4023326239331596e+16 1.6268318218747931e+29
1.3997039739739272e-15 1.2256024054606210e+06 7.0468371475805427e+04 2.3468751062082892e+16 1.6149782757578673e+29
1.3677374888034679e-15 1.2272679958482126e+06 6.9316307889327160e+04 2.2926839182657520e+16 1.6031134963577435e+29
1.3365010552676013e-15 1.2290313100701883e+06 6.8181448338457994e+04 2.2397389087008864e+16 1.5912158701482259e+29
1.3059780004232072e-15 1.2308953751542957e+06 6.7063681096763379e+04 2.1880187568287748e+16 1.5792920804779698e+29
1.2761520321043861e-15 1.2328632788563380e+06 6.5962891685505601e+04 2.1375022495995328e+16 1.5673542948286407e+29
1.2470072302262402e-15 1.2349382196405770e+06 6.4878961470529452e+04 2.0881682123471928e+16 1.5553937880191731e+29
1.2185280382873081e-15 1.2371234567750141e+06 6.3811764610750171e+04 2.0399954003677240e+16 1.5434667632984179e+29
1.1906992550660171e-15 1.2394223590251855e+06 6.2761178257217907e+04 1.9929629532225216e+16 1.5315552282351050e+29
1.1635060265067758e-15 1.2418383390719600e+06 6.1727078975240351e+04 1.9470502486300308e+16 1.5196491432809719e+29
1.1369338377914151e-15 1.2443749021513714e+06 6.0709340478667349e+04 1.9022367469479728e+16 1.5077570546941567e+29
1.1109685055916584e-15 1.2470356885211009e+06 5.9707827329726264e+04 1.8585017531628236e+16 1.4959420579804057e+29
1.0855961704985305e-15 1.2498244256871562e+06 5.8722389649339959e+04 1.8158241676318380e+16 1.4841662695224983e+29
1.0608032896247057e-15 1.2527449180277849e+06 5.7752896994518356e+04 1.7741840950176540e+16 1.4724504842289072e+29
1.0365766293757621e-15 1.2558009682701000e+06 5.6799216968986904e+04 1.7335617394490910e+16 1.4608192773205955e+29
1.0129032583865274e-15 1.2589967883685941e+06 5.5861216366384513e+04 1.6939374703801130e+16 1.4492529264787416e+29
9.8977054061878349e-16 1.2623363266074739e+06 5.4938707687112132e+04 1.6552894624273216e+16 1.4377537267331530e+29
9.6716612861656596e-16 1.2658242119977379e+06 5.4031469693129628e+04 1.6175949987881178e+16 1.4263606513009087e+29
9.4507795691550233e-16 1.2694648358275683e+06 5.3139365949345331e+04 1.5808353919269510e+16 1.4150291255127809e+29
9.2349423560270548e-16 1.2732627051533263e+06 5.2262260856498171e+04 1.5449922048187230e+16 1.4038504728741878e+29
9.0240344402369017e-16 1.2772224217934245e+06 5.1400017399776058e+04 1.5100471197015492e+16 1.3927581341138122e+29
8.8179432463306952e-16 1.2813486011917423e+06 5.0552514779160039e+04 1.4759826679221378e+16 1.3817852740418875e+29
8.6165587698563285e-16 1.2856457954991511e+06 4.9719645519214246e+04 1.4427818928220590e+16 1.3709462204515628e+29
8.4197735186470735e-16 1.2901187067449808e+06 4.8901253883820631e+04 1.4104256172352616e+16 1.3602186316453048e+29
8.2274824554458266e-16 1.2947748658852254e+06 4.8096687529680567e+04 1.3788748868843678e+16 1.3496104188600002e+29
8.0395829418396960e-16 1.2996213585316218e+06 4.7305583252503566e+04 1.3481045113633422e+16 1.3391261343464378e+29
