8.0395829418396959e-13 8.8929353167933132e+05 3.0324217784141930e+05 1.2230954162664322e+17 2.4701084624452803e+27
7.8559746834753246e-13 8.9085341648716305e+05 3.0388758162354538e+05 1.2311948682619669e+17 2.4999002323190430e+27
7.6765596765250801e-13 8.9243129210219067e+05 3.0453392663208436e+05 1.2393622415542021e+17 2.5306352661438998e+27
7.5012421553758558e-13 8.9402719486769673e+05 3.0518112874116638e+05 1.2475974031722770e+17 2.5624373058665966e+27
7.3299285415128468e-13 8.9564082175440202e+05 3.0582899916317913e+05 1.2558988358494578e+17 2.5952122302644094e+27
7.1625273935704306e-13 8.9727187426370976e+05 3.0647733941577678e+05 1.2642648779370126e+17 2.6289602253490600e+27
6.9989493585237990e-13 8.9892018438829645e+05 3.0712596363677847e+05 1.2726940729358342e+17 2.6637698088040538e+27
6.8391071239955609e-13 9.0058562861397199e+05 3.0777472958577517e+05 1.2811855554944749e+17 2.6996828336371900e+27
6.6829153716511489e-13 9.0226840028880932e+05 3.0842357701760286e+05 1.2897395258264874e+17 2.7367259824121726e+27
6.5302907316589952e-13 9.0396829227430432e+05 3.0907236613183317e+05 1.2983550112005014e+17 2.7748893528874146e+27
6.3811517381904706e-13 9.0568507913657615e+05 3.0972089356128318e+05 1.3070301824132403e+17 2.8142488812395066e+27
6.2354187859361313e-13 9.0741833622793318e+05 3.1036894008492865e+05 1.3157630023758819e+17 2.8547363821026398e+27
6.0930140876152718e-13 9.0916801669541292e+05 3.1101636188701645e+05 1.3245524961445542e+17 2.8965412980276187e+27
5.9538616324556484e-13 9.1093405681268731e+05 3.1166301916468289e+05 1.3333976880667075e+17 2.9396113876251208e+27
5.8178871456214496e-13 9.1271617299679981e+05 3.1230871000435017e+05 1.3422967451298587e+17 2.9840108983225227e+27
5.6850180485680912e-13 9.1451437568955880e+05 3.1295331561417552e+05 1.3512490017495477e+17 3.0297526793094665e+27
5.5551834203020698e-13 9.1632855024672346e+05 3.1359669928899891e+05 1.3602534388145731e+17 3.0768382460570810e+27
5.4283139595259256e-13 9.1815831233045610e+05 3.1423862238912744e+05 1.3693076007996070e+17 3.1254163905430670e+27
5.3043419476474946e-13 9.2000359347961913e+05 3.1487894441568962e+05 1.3784104601044323e+17 3.1754249826124384e+27
5.1832012126339740e-13 9.2186424160536123e+05 3.1551751148525014e+05 1.3875607035365307e+17 3.2269718791864867e+27
5.0648270936916735e-13 9.2373982418001816e+05 3.1615406943220465e+05 1.3967555780603891e+17 3.2799669516501613e+27
4.9491564067522283e-13 9.2563031286359741e+05 3.1678847371544008e+05 1.4059939895716851e+17 3.3346996496201746e+27
4.8361274107470329e-13 9.2753567821174569e+05 3.1742059109559411e+05 1.4152749371595350e+17 3.3910152898697499e+27
4.7256797746521049e-13 9.2945573588266841e+05 3.1805025200550759e+05 1.4245968045598536e+17 3.4490561962306574e+27
4.6177545452852868e-13 9.3138994588409096e+05 3.1867722048165539e+05 1.4339568669315853e+17 3.5087714552711027e+27
4.5122941158391827e-13 9.3333791680283088e+05 3.1930120765644620e+05 1.4433517911281936e+17 3.5703346939206977e+27
4.4092421951325472e-13 9.3529974127135996e+05 3.1992208723588684e+05 1.4527807746231043e+17 3.6337265684287496e+27
4.3085437775639206e-13 9.3727543845356081e+05 3.2053972148094018e+05 1.4622427400516058e+17 3.6989159896101955e+27
4.2101451137516242e-13 9.3926499666436808e+05 3.2115398405761376e+05 1.4717366910713450e+17 3.7662553398688212e+27
4.1139936818441155e-13 9.4126794592230639e+05 3.2176464583553013e+05 1.4812598285615926e+17 3.8355252905260453e+27
4.0200381594855675e-13 9.4328400176030281e+05 3.2237147082049190e+05 1.4908094059593827e+17 3.9068453648280672e+27
3.9282283964218600e-13 9.4531270839452615e+05 3.2297425785738631e+05 1.5003832345673283e+17 3.9802845589090383e+27
3.8385153877319545e-13 9.4735422724252788e+05 3.2357283842021128e+05 1.5099796598622099e+17 4.0560302460804433e+27
3.7508512476708503e-13 9.4940846292187995e+05 3.2416707677799789e+05 1.5195974616751626e+17 4.1339120006119768e+27
3.6651891841097572e-13 9.5147491942548600e+05 3.2475674942722108e+05 1.5292337286926333e+17 4.2141931888121007e+27
3.5814834735600098e-13 9.5355312081870413e+05 3.2534158811717335e+05 1.5388850233379398e+17 4.2968114784345248e+27
3.4996894367675177e-13 9.5564288636722509e+05 3.2592139676964254e+05 1.5485491377744813e+17 4.3819408330829266e+27
3.4197634148644563e-13 9.5774406811937969e+05 3.2649599108791276e+05 1.5582240032445037e+17 4.4696104460007853e+27
3.3416627460656126e-13 9.5985630003644049e+05 3.2706514101628592e+05 1.5679066948181738e+17 4.5597834225414521e+27
3.2653457428970620e-13 9.6197931371859089e+05 3.2762863636301260e+05 1.5775946082637776e+17 4.6528004314018781e+27
3.1907716699447724e-13 9.6411256677275174e+05 3.2818618578476453e+05 1.5872837906141382e+17 4.7484153615149058e+27
3.1179007221113923e-13 9.6625607679367519e+05 3.2873758794946282e+05 1.5969721109215024e+17 4.8469900901287533e+27
3.0466940033697372e-13 9.6840998190140456e+05 3.2928270820994367e+05 1.6066584180357370e+17 4.9484682200864617e+27
2.9771135060013152e-13 9.7057398398919182e+05 3.2982135537958570e+05 1.6163402208267027e+17 5.0529757724969882e+27
2.9091220903091890e-13 9.7274784438351949e+05 3.3035334244088718e+05 1.6260150846171392e+17 5.1605869744057691e+27
2.8426834647940371e-13 9.7493084439972183e+05 3.3087840692148171e+05 1.6356789242758525e+17 5.2713844127195757e+27
2.7777621667829500e-13 9.7712250566488609e+05 3.3139627155052422e+05 1.6453278224054736e+17 5.3855030442731492e+27
2.7143235435007391e-13 9.7932259356215654e+05 3.3190670155726466e+05 1.6549587167777629e+17 5.5028820853015943e+27
2.6523337335734285e-13 9.8153092759152933e+05 3.3240946978020697e+05 1.6645687201723459e+17 5.6238479975255624e+27
2.5917596489541772e-13 9.8374748133649223e+05 3.3290439221497101e+05 1.6741556910576928e+17 5.7483416950833894e+27
2.5325689572620839e-13 9.8597214710289391e+05 3.3339131870466407e+05 1.6837177005899965e+17 5.8765458183291766e+27
2.4747300645241784e-13 9.8820388371215982e+05 3.3386994362200424e+05 1.6932493564120989e+17 6.0085852116204576e+27
2.4182120983117104e-13 9.9044224209924310e+05 3.3433997167580272e+05 1.7027463674461379e+17 6.1443941994591415e+27
2.3629848912614671e-13 9.9268719740764238e+05 3.3480118438254140e+05 1.7122060786795101e+17 6.2842249260980214e+27
2.3090189649734352e-13 9.9493862568490952e+05 3.3525338803146349e+05 1.7216259187320064e+17 6.4282034713844309e+27
2.2562855142762949e-13 9.9719585816062579e+05 3.3569631753175380e+05 1.7310014695863498e+17 6.5763002468244813e+27
2.2047563918521709e-13 9.9945853558061307e+05 3.3612971023674414e+05 1.7403288562593744e+17 6.7289059798460954e+27
2.1544040932125280e-13 1.0017264617180859e+06 3.3655333487067791e+05 1.7496048696855718e+17 6.8858296270975347e+27
2.1052017420172673e-13 1.0039994826003764e+06 3.3696700704019354e+05 1.7588268983987472e+17 7.0472766468222654e+27
2.0571230757290243e-13 1.0062767364992152e+06 3.3737047751526069e+05 1.7679901678369565e+17 7.2135348671881808e+27
2.0101424315950971e-13 1.0085576699547251e+06 3.3776344560087653e+05 1.7770896520589008e+17 7.3850623152124828e+27
1.9642347329496030e-13 1.0108413890413794e+06 3.3814562633608689e+05 1.7861206009095942e+17 7.5606697039774242e+27
1.9193754758283432e-13 1.0131275631609898e+06 3.3851667243001802e+05 1.7950773782174922e+17 7.7416003958253424e+27
1.8755407158894795e-13 1.0154159240985865e+06 3.3887625698295381e+05 1.8039554863833043e+17 7.9277328553257953e+27
1.8327070556328355e-13 1.0177065755626390e+06 3.3922414138872141e+05 1.8127520154239885e+17 8.1193322420850958e+27
1.7908516319110873e-13 1.0199991175344874e+06 3.3956010865282087e+05 1.8214632631589069e+17 8.3163971721910756e+27
1.7499521037262478e-13 1.0222925284805214e+06 3.3988385381027998e+05 1.8300831672329206e+17 8.5190359500571313e+27
1.7099866403047436e-13 1.0245863573868762e+06 3.4019508739267819e+05 1.8386069752735763e+17 8.7273308036826963e+27
1.6709339094449448e-13 1.0268796220851681e+06 3.4049347410246520e+05 1.8470282441301008e+17 8.9415239099857446e+27
1.6327730661307397e-13 1.0291716852223200e+06 3.4077862184028263e+05 1.8553404977142851e+17 9.1618504400687323e+27
1.5954837414051565e-13 1.0314622046584985e+06 3.4105014562460274e+05 1.8635379532844656e+17 9.3881106084075010e+27
1.5590460314981504e-13 1.0337508270552283e+06 3.4130769254156022e+05 1.8716151906621142e+17 9.6206357711174306e+27
1.5234404872026269e-13 1.0360369853330840e+06 3.4155092964953097e+05 1.8795664217911430e+17 9.8598812247737322e+27
1.4886481034931015e-13 1.0383196628568072e+06 3.4177946230688767e+05 1.8873842482439590e+17 1.0105424908778150e+28
1.4546503093815020e-13 1.0405982335071330e+06 3.4199289981236227e+05 1.8950620179555690e+17 1.0357796288318402e+28
1.4214289580045901e-13 1.0428711866772114e+06 3.4219077472337626e+05 1.9025901281773661e+17 1.0616926593135759e+28
1.3889663169377659e-13 1.0451374130142359e+06 3.4237245406454219e+05 1.9099578120881261e+17 1.0882983673841084e+28
1.3572450587301461e-13 1.0473961731402313e+06 3.4253719107253390e+05 1.9171537559254509e+17 1.1156038839148778e+28
1.3262482516557153e-13 1.0496468170730700e+06 3.4268417317541374e+05 1.9241659498619776e+17 1.1436306480768868e+28
1.2959593506757878e-13 1.0518886379091439e+06 3.4281226610461273e+05 1.9309785616837379e+17 1.1723991301663751e+28
1.2663621886078123e-13 1.0541256103956823e+06 3.4292041907147126e+05 1.9375876073239779e+17 1.2020291101108757e+28
1.2374409674958667e-13 1.0563585954398310e+06 3.4300832333236793e+05 1.9439910278231584e+17 1.2325085675726860e+28
1.2091802501782780e-13 1.0585870077358948e+06 3.4307585918835324e+05 1.9501855507571350e+17 1.2639245525319108e+28
1.1815649520477777e-13 1.0608097947724394e+06 3.4312277338347922e+05 1.9561652159273443e+17 1.2962279871343019e+28
1.1545803329998362e-13 1.0630268382922809e+06 3.4314876348824642e+05 1.9619257240724358e+17 1.3294711549243109e+28
1.1282119895649331e-13 1.0652375282285681e+06 3.4315359178280662e+05 1.9674623688102611e+17 1.3636921774498812e+28
1.1024458472204377e-13 1.0674416131515191e+06 3.4313695204243629e+05 1.9727705358124896e+17 1.3988721920429251e+28
1.0772681528781416e-13 1.0696387778165608e+06 3.4309865173144871e+05 1.9778468596300221e+17 1.4351307137696143e+28
1.0526654675433147e-13 1.0718280143849030e+06 3.4303848440910364e+05 1.9826860602607414e+17 1.4723982540962723e+28
1.0286246591414157e-13 1.0740090875498704e+06 3.4295609947509103e+05 1.9872831548917600e+17 1.5106765271630607e+28
1.0051328955086642e-13 1.0761817464511937e+06 3.4285119014681265e+05 1.9916336027513616e+17 1.5500899241939794e+28
9.8217763754265583e-14 1.0783457627447746e+06 3.4272346638547070e+05 1.9957332512020819e+17 1.5905612286590175e+28
9.5974663250940560e-14 1.0805011200517747e+06 3.4257272421166475e+05 1.9995795310716259e+17 1.6322599575501052e+28
9.3782790750328011e-14 1.0826466800826557e+06 3.4239900098837540e+05 2.0031698534327958e+17 1.6751289435050427e+28
9.1640976305625656e-14 1.0847817702096319e+06 3.4220200700428360e+05 2.0064989894116790e+17 1.7191255365522561e+28
8.9548076689313450e-14 1.0869061935511993e+06 3.4198140039996122e+05 2.0095623558930102e+17 1.7643793054532658e+28
8.7502974782940347e-14 1.0890197279284671e+06 3.4173686237132602e+05 2.0123556637332544e+17 1.8108731009768278e+28
8.5504578980841602e-14 1.0911223130007614e+06 3.4146812291456200e+05 2.0148756656300806e+17 1.8586605732373352e+28
8.3551822607479450e-14 1.0932137428154084e+06 3.4117511567658989e+05 2.0171212567731741e+17 1.9077372922303199e+28
8.1643663348086941e-14 1.0952928040152863e+06 3.4085793448175758e+05 2.0190904529284118e+17 1.9581639715015650e+28
7.9779082692314898e-14 1.0973591532476780e+06 3.4051628119059268e+05 2.0207790730255491e+17 2.0099485740775332e+28
7.7957085390588123e-14 1.0994125548398909e+06 3.4014991818243964e+05 2.0221839866236051e+17 2.0630785534362483e+28
7.6176698922872544e-14 1.1014525561642866e+06 3.3975866983130242e+05 2.0233022205547389e+17 2.1177144671836406e+28
7.4436972979579387e-14 1.1034790234097017e+06 3.3934229593758553e+05 2.0241310636782550e+17 2.1737713758536772e+28
7.2736978954321352e-14 1.1054916609785494e+06 3.3890082016002992e+05 2.0246704594300182e+17 2.2312854154780753e+28
7.1075809448253324e-14 1.1074891312574118e+06 3.3843445144082070e+05 2.0249196255521267e+17 2.2902212230542486e+28
6.9452577785735583e-14 1.1094710115279465e+06 3.3794287311719579e+05 2.0248741472111872e+17 2.3508047899805712e+28
6.7866417541055714e-14 1.1114369514848702e+06 3.3742575116360787e+05 2.0245297968808800e+17 2.4128246563171328e+28
6.6316482075959181e-14 1.1133866640370057e+06 3.3688277149616869e+05 2.0238827756592189e+17 2.4764259378608290e+28
6.4801944087744509e-14 1.1153199115248979e+06 3.3631364819228667e+05 2.0229298693926141e+17 2.5416902208885642e+28
6.3321995167676364e-14 1.1172364998836310e+06 3.3571819456075743e+05 2.0216692022760624e+17 2.6085689892867549e+28
6.1875845369483762e-14 1.1191358082057270e+06 3.3509643803813326e+05 2.0201001897160826e+17 2.6770676207089220e+28
6.0462722787715319e-14 1.1210175298975140e+06 3.3444816519297060e+05 2.0182204354330899e+17 2.7472949108487340e+28
5.9081873145721601e-14 1.1228815232632619e+06 3.3377319465584483e+05 2.0160285244298826e+17 2.8191844459923510e+28
5.7732559393047217e-14 1.1247272096701853e+06 3.3307169125007337e+05 2.0135256686962746e+17 2.8929687610441921e+28
5.6414061312020209e-14 1.1265541086066582e+06 3.3234355819496221e+05 2.0107105597757773e+17 2.9684301526219976e+28
5.5125675133322412e-14 1.1283620879724736e+06 3.3158861132675438e+05 2.0075818938631011e+17 3.0456658023925482e+28
5.3866713160343085e-14 1.1301506776751089e+06 3.3080706937808695e+05 2.0041420487959206e+17 3.1247299356849900e+28
5.2636503402109189e-14 1.1319189989381377e+06 3.2999910666400031e+05 2.0003916343759402e+17 3.2056055763774476e+28
5.1434389214598862e-14 1.1336666757289295e+06 3.2916446967735357e+05 1.9963280334013194e+17 3.2882538535051178e+28
5.0259728950248755e-14 1.1353933850328175e+06 3.2830290273470245e+05 1.9919488097801626e+17 3.3729428975611665e+28
4.9111895615462751e-14 1.1370988969324206e+06 3.2741414187719073e+05 1.9872518508934339e+17 3.4593550858088054e+28
4.7990276535945624e-14 1.1387830850984452e+06 3.2649800244774000e+05 1.9822361494672400e+17 3.5477835874829132e+28
4.6894273029677714e-14 1.1404457005956555e+06 3.2555437690713367e+05 1.9769020188562672e+17 3.6381223409325255e+28
4.5823300087358381e-14 1.1420864439848429e+06 3.2458371600047610e+05 1.9712547318613267e+17 3.7304210339203076e+28
4.4776786060149089e-14 1.1437045786812990e+06 3.2358624111297069e+05 1.9652964168442243e+17 3.8247129354743292e+28
4.3754172354546191e-14 1.1452998206501533e+06 3.2256178759545943e+05 1.9590262328755875e+17 3.9209560488923780e+28
4.2754913134222209e-14 1.1468719552573117e+06 3.2151026293181587e+05 1.9524443634809267e+17 4.0192245665192702e+28
4.1778475028678120e-14 1.1484205767697094e+06 3.2043176029703161e+05 1.9455525885844198e+17 4.1195039007503239e+28
4.0824336848547811e-14 1.1499454471976135e+06 3.1932619496760244e+05 1.9383512422002630e+17 4.2217288971166649e+28
3.9891989307404462e-14 1.1514464279481561e+06 3.1819349108661269e+05 1.9308412290488512e+17 4.3260632430622194e+28
3.8980934749921996e-14 1.1529233616743095e+06 3.1703392625644879e+05 1.9230271460999459e+17 4.4323688548877878e+28
3.8090686886242321e-14 1.1543756008901554e+06 3.1584799543711875e+05 1.9149145204477526e+17 4.5407409446191325e+28
3.7220770532411519e-14 1.1558028732162744e+06 3.1463562497574283e+05 1.9065039256486115e+17 4.6511959381836215e+28
3.6370721356742348e-14 1.1572049871071312e+06 3.1339675298103050e+05 1.8977963817232186e+17 4.7636317424012322e+28
3.5540085631969392e-14 1.1585817132583780e+06 3.1213152429516072e+05 1.8887950283318246e+17 4.8781112656383818e+28
3.4728419993065977e-14 1.1599327568783024e+06 3.1084005771403399e+05 1.8795026023884726e+17 4.9945685015928063e+28
3.3935291200589816e-14 1.1612579891557356e+06 3.0952233582313149e+05 1.8699209675544115e+17 5.1131064201302702e+28
3.3160275909435640e-14 1.1625574034965858e+06 3.0817841066206351e+05 1.8600531705421978e+17 5.2337362477314320e+28
3.2402960442867525e-14 1.1638307363561073e+06 3.0680900038941769e+05 1.8499083744956941e+17 5.3564473984609863e+28
3.1662940571711986e-14 1.1650775774687934e+06 3.0541449914474663e+05 1.8394918816210205e+17 5.4810283074134239e+28
3.0939821298595029e-14 1.1662977622789233e+06 3.0399492527459341e+05 1.8288058716182678e+17 5.6075466446776064e+28
3.0233216647105607e-14 1.1674911662290376e+06 3.0255032989120652e+05 1.8178531384513821e+17 5.7362494569762244e+28
2.9542749455774224e-14 1.1686576332528654e+06 3.0108109062746185e+05 1.8066396175715507e+17 5.8668174267776823e+28
2.8868051176757726e-14 1.1697969462138060e+06 2.9958745883692714e+05 1.7951698288186486e+17 5.9992058880669946e+28
2.8208761679120653e-14 1.1709090221596311e+06 2.9806951141915453e+05 1.7834469604482224e+17 6.1336036610744424e+28
2.7564529056609296e-14 1.1719938910423820e+06 2.9652737693292793e+05 1.7714751215414278e+17 6.2698957560839837e+28
2.6935009439816838e-14 1.1730515119905209e+06 2.9496175418894284e+05 1.7592639019257302e+17 6.4080313340479353e+28
2.6319866812637211e-14 1.1740816088515946e+06 2.9337330090671108e+05 1.7468215956016173e+17 6.5479381944724510e+28
2.5718772832910860e-14 1.1750840746550390e+06 2.9176213991723402e+05 1.7341517716762326e+17 6.6896229463511044e+28
2.5131406657167638e-14 1.1760588842798756e+06 2.9012842271572474e+05 1.7212585306394758e+17 6.8331122610196593e+28
2.4557454769370657e-14 1.1770060752254142e+06 2.8847255458216072e+05 1.7081486579554454e+17 6.9782407019899283e+28
2.3996610813572847e-14 1.1779254774091167e+06 2.8679526994963386e+05 1.6948314065699078e+17 7.1251185733520339e+28
2.3448575430394285e-14 1.1788170043009461e+06 2.8509676741525327e+05 1.6813110775058678e+17 7.2734574000280899e+28
2.2913056097234067e-14 1.1796806555249731e+06 2.8337723373893189e+05 1.6675920709335846e+17 7.4232991214492858e+28
2.2389766972132404e-14 1.1805164420470800e+06 2.8163692358688009e+05 1.6536797091102992e+17 7.5747705669392591e+28
2.1878428741197178e-14 1.1813244382805116e+06 2.7987649982859904e+05 1.6395829684202419e+17 7.7275885853814158e+28
2.1378768469516348e-14 1.1821046148459730e+06 2.7809631837052346e+05 1.6253078054985542e+17 7.8817968490934896e+28
2.0890519455474319e-14 1.1828571364710876e+06 2.7629662619424961e+05 1.6108594195152950e+17 8.0373716545824965e+28
2.0413421088395478e-14 1.1835819967033837e+06 2.7447771291994181e+05 1.5962437427699178e+17 8.1940815218566141e+28
1.9947218709439593e-14 1.1842797389203720e+06 2.7264044085771224e+05 1.5814723112296032e+17 8.3522818972679827e+28
1.9491663475673367e-14 1.1849502568500708e+06 2.7078621179908537e+05 1.5665603053826176e+17 8.5115035116062648e+28
1.9046512227246311e-14 1.1855935303052259e+06 2.6891533826698002e+05 1.5515128078386749e+17 8.6715261236695445e+28
1.8611527357600804e-14 1.1862095892662425e+06 2.6702810842225864e+05 1.5363347983520189e+17 8.8326194322204587e+28
1.8186476686645556e-14 1.1867984771570389e+06 2.6512481664493628e+05 1.5210313814893302e+17 8.9945971756308894e+28
1.7771133336825583e-14 1.1873603282785357e+06 2.6320587205003347e+05 1.5056087765658397e+17 9.1571929163990973e+28
1.7365275612023216e-14 1.1878952304551341e+06 2.6127166293969503e+05 1.4900729753992778e+17 9.3206993250363889e+28
1.6968686879223694e-14 1.1884033457493910e+06 2.5932251639847492e+05 1.4744295279642611e+17 9.4847146503443795e+28
1.6581155452884349e-14 1.1888849133043073e+06 2.5735878100869813e+05 1.4586843424126365e+17 9.6492141152212074e+28
1.6202474481943860e-14 1.1893403155091454e+06 2.5538088393858058e+05 1.4428443659017958e+17 9.8142727006198167e+28
1.5832441839412017e-14 1.1897699546025977e+06 2.5339021629855616e+05 1.4269248335588510e+17 9.9795098384024699e+28
1.5470860014481690e-14 1.1901739830209673e+06 2.5138759249213547e+05 1.4109349921102325e+17 1.0145069767442986e+29
1.5117536007103770e-14 1.1905525664947417e+06 2.4937337655549927e+05 1.3948801412236842e+17 1.0310799833232028e+29
1.4772281224970779e-14 1.1909058912255219e+06 2.4734794148094291e+05 1.3787657100894949e+17 1.0476541249747137e+29
1.4434911382852522e-14 1.1912342143804966e+06 2.4531167996622701e+05 1.3625973917684221e+17 1.0642129597921074e+29
1.4105246404230745e-14 1.1915378642866602e+06 2.4326526107950657e+05 1.3463832517024222e+17 1.0807453465904776e+29
1.3783110325180794e-14 1.1918170754494690e+06 2.4120922050666896e+05 1.3301299554509971e+17 1.0972608660312790e+29
1.3468331200447878e-14 1.1920721577251898e+06 2.3914395133047656e+05 1.3138429615671261e+17 1.1137384689378689e+29
1.3160741011668400e-14 1.1923034269564799e+06 2.3706985688171905e+05 1.2975278812896923e+17 1.1301492225366399e+29
1.2860175577687812e-14 1.1925113142231647e+06 2.3498735947271541e+05 1.2811906235085088e+17 1.1465412367530280e+29
1.2566474466926146e-14 1.1926963804154689e+06 2.3289735543355439e+05 1.2648412013060466e+17 1.1628314825170916e+29
1.2279480911744954e-14 1.1928590884758302e+06 2.3080080991667038e+05 1.2484895614646925e+17 1.1790769678892664e+29
1.1999041724770400e-14 1.1929997446066516e+06 2.2869814154224444e+05 1.2321409394491859e+17 1.1951689044481660e+29
1.1725007217126900e-14 1.1931187861851407e+06 2.2658977303653897e+05 1.2158006350318230e+17 1.2111833205021486e+29
1.1457231118538169e-14 1.1932166929095213e+06 2.2447614116234437e+05 1.1994741527238232e+17 1.2270910582360834e+29
1.1195570499253468e-14 1.1932941036571572e+06 2.2235788194336768e+05 1.1831688313462379e+17 1.2428667085762421e+29
1.0939885693756198e-14 1.1933516934631118e+06 2.2023637817770810e+05 1.1668976805576046e+17 1.2584925562397101e+29
1.0690040226215535e-14 1.1933898516930342e+06 2.1811219277204850e+05 1.1506664270884176e+17 1.2740060386626116e+29
1.0445900737640148e-14 1.1934089916696106e+06 2.1598572250814020e+05 1.1344794059364227e+17 1.2893494831312640e+29
1.0207336914695582e-14 1.1934095369111917e+06 2.1385732059613886e+05 1.1183406221050554e+17 1.3045092550964694e+29
9.9742214201477500e-15 1.1933920136333685e+06 2.1172741654373094e+05 1.1022547534452946e+17 1.3194974771546754e+29
9.7464298248943204e-15 1.1933570191062714e+06 2.0959661266954069e+05 1.0862278634532170e+17 1.3342775786061073e+29
9.5238405415489943e-15 1.1933051431790369e+06 2.0746558274072819e+05 1.0702663462711278e+17 1.3488816102114278e+29
9.3063347595421789e-15 1.1932369274101935e+06 2.0533475285104095e+05 1.0543745339804176e+17 1.3632703550651662e+29
9.0937963817038467e-15 1.1931530023355030e+06 2.0320462592748791e+05 1.0385573656252581e+17 1.3774407477893455e+29
8.8861119622950472e-15 1.1930540056642813e+06 2.0107570301493039e+05 1.0228196877418834e+17 1.3913668367049289e+29
8.6831706464543330e-15 1.1929406496029967e+06 1.9894841828587916e+05 1.0071658707475726e+17 1.4050649278330780e+29
8.4848641110271021e-15 1.1928138416682007e+06 1.9682373465742834e+05 9.9160440220059392e+16 1.4185287788621745e+29
8.2910865067466053e-15 1.1926743202975877e+06 1.9470251571621571e+05 9.7614244193854112e+16 1.4317207620282365e+29
8.1017344017351153e-15 1.1925227430170740e+06 1.9258518108260588e+05 9.6078362983948112e+16 1.4446388987653073e+29
7.9167067262954120e-15 1.1923599171930300e+06 1.9047248272519189e+05 9.4553412104839504e+16 1.4572804726848032e+29
7.7359047189634282e-15 1.1921865101841232e+06 1.8836511873863361e+05 9.3039925454726816e+16 1.4696577237689877e+29
7.5592318737926421e-15 1.1920031323286030e+06 1.8626348607067668e+05 9.1538196833316080e+16 1.4817412873812212e+29
7.3865938888424051e-15 1.1918103936542138e+06 1.8416793418582046e+05 9.0048477485306672e+16 1.4935322101183837e+29
7.2178986158429975e-15 1.1916089493470280e+06 1.8207880181776104e+05 8.8571011347773520e+16 1.5049966780036825e+29
7.0530560110097832e-15 1.1913994987786724e+06 1.7999646985038105e+05 8.7106072208302656e+16 1.5163771920164954e+29
6.8919780869811397e-15 1.1911828624836653e+06 1.7792146080482897e+05 8.5654038116179040e+16 1.5270035665958866e+29
6.7345788658535760e-15 1.1909598040808507e+06 1.7585442800126065e+05 8.4215357876558208e+16 1.5375140671591585e+29
6.5807743332898606e-15 1.1907310162529417e+06 1.7379573624145478e+05 8.2790253485836656e+16 1.5476767310636511e+29
6.4304823936749431e-15 1.1904971874182140e+06 1.7174570485609720e+05 8.1378907288646640e+16 1.5575158173543099e+29
6.2836228262960381e-15 1.1902590276816098e+06 1.6970455106425253e+05 7.9981427901208992e+16 1.5671185034559641e+29
6.1401172425237023e-15 1.1900172880552802e+06 1.6767260083947078e+05 7.8598005847392064e+16 1.5761596772099568e+29
5.9998890439705759e-15 1.1897728597540446e+06 1.6565021057771373e+05 7.7228852647565408e+16 1.5849533562639637e+29
5.8628633816057044e-15 1.1895266754950075e+06 1.6363802026068934e+05 7.5874370735727040e+16 1.5933831109853110e+29
5.7289671158028247e-15 1.1892795568018104e+06 1.6163644513054655e+05 7.4534780825398464e+16 1.6014528906498437e+29
5.5981287773008504e-15 1.1890323169193594e+06 1.5964579106161703e+05 7.3210220972609584e+16 1.6091484192515514e+29
5.4702785290559493e-15 1.1887858096118465e+06 1.5766641643203417e+05 7.1900862032747896e+16 1.6164707703190984e+29
5.3453481289650542e-15 1.1885408786803109e+06 1.5569867435217416e+05 7.0606860407370312e+16 1.6234716679697441e+29
5.2232708934404756e-15 1.1882983597730724e+06 1.5374284526649513e+05 6.9328316547653440e+16 1.6300465695997170e+29
5.1039816618164203e-15 1.1880591065934100e+06 1.5179919336929295e+05 6.8065314990754336e+16 1.6362419619034468e+29
4.9874167615685985e-15 1.1878239829938000e+06 1.4986795032854038e+05 6.6817915427480608e+16 1.6420669145017149e+29
4.8735139743278304e-15 1.1875938909040859e+06 1.4794936732005325e+05 6.5586188553632632e+16 1.6475156645789184e+29
4.7622125026701672e-15 1.1873697682822049e+06 1.4604369242573890e+05 6.4370200437987008e+16 1.6525946682545885e+29
4.6534529376651431e-15 1.1871525833992455e+06 1.4415125171395807e+05 6.3170065300170744e+16 1.6572720454269513e+29
4.5471772271654456e-15 1.1869433040361560e+06 1.4227233958287147e+05 6.1985866527916352e+16 1.6615693747289508e+29
4.4433286448206034e-15 1.1867428842808150e+06 1.4040717638795960e+05 6.0817633845166640e+16 1.6654882326571069e+29
4.3418517597983386e-15 1.1865522909400954e+06 1.3855598039394355e+05 5.9665392756590360e+16 1.6690345095430264e+29
4.2426924071975897e-15 1.1863725342594115e+06 1.3671899137449692e+05 5.8529178526990944e+16 1.6721974284298466e+29
4.1457976591370770e-15 1.1862046022479485e+06 1.3489641023292867e+05 5.7408996797547152e+16 1.6749984390370442e+29
4.0511157965041552e-15 1.1860495116630332e+06 1.3308842230416421e+05 5.6304839936318840e+16 1.6773895519455693e+29
3.9585962813490184e-15 1.1859082905038670e+06 1.3129520177917241e+05 5.5216690625176704e+16 1.6794248555119255e+29
3.8681897299092095e-15 1.1857819928240890e+06 1.2951691228966761e+05 5.4144522646657968e+16 1.6810930451782976e+29
3.7798478862502085e-15 1.1856716851814622e+06 1.2775371407939657e+05 5.3088305392601392e+16 1.6823937084293797e+29
3.6935235965081540e-15 1.1855784649915150e+06 1.2600576113897545e+05 5.2048002752802832e+16 1.6833358866352037e+29
3.6091707837206704e-15 1.1855034622810457e+06 1.2427325331510729e+05 5.1023604405480256e+16 1.6838827736090510e+29
3.5267444232325131e-15 1.1854477897840394e+06 1.2255635735842664e+05 5.0015073702747808e+16 1.6840836608211246e+29
3.4462005186630304e-15 1.1854125654010824e+06 1.2085520036760491e+05 4.9022346825891408e+16 1.6839435286966180e+29
3.3674960784223519e-15 1.1853989101915127e+06 1.1916989307909025e+05 4.8045346977554400e+16 1.6834342130365943e+29
3.2905890927639030e-15 1.1854079597610713e+06 1.1750045653329628e+05 4.7083942941318528e+16 1.6825878154072147e+29
3.2154385113611301e-15 1.1854408946045397e+06 1.1584696833067751e+05 4.6138039805546800e+16 1.6813991941605218e+29
3.1420042213961282e-15 1.1854989357810449e+06 1.1420952382977052e+05 4.5207551559348744e+16 1.6798451339273315e+29
3.0702470261488918e-15 1.1855832934350418e+06 1.1258819214495990e+05 4.4292374081893848e+16 1.6780027517220119e+29
3.0001286240753394e-15 1.1856951908551848e+06 1.1098292599888697e+05 4.3392336564414888e+16 1.6758098872642032e+29
2.9316115883633456e-15 1.1858359693246593e+06 1.0939377509430487e+05 4.2507329122489008e+16 1.6732927335857630e+29
2.8646593469555428e-15 1.1860069585869028e+06 1.0782080633857816e+05 4.1637251106373712e+16 1.6704477016453407e+29
2.7992361630283719e-15 1.1862095311577192e+06 1.0626407373251583e+05 4.0781993350846896e+16 1.6672916434925298e+29
2.7353071159170559e-15 1.1864450897190676e+06 1.0472359706153550e+05 3.9941427678477656e+16 1.6638703030986681e+29
2.6728380824761013e-15 1.1867150795512663e+06 1.0319941708776022e+05 3.9115438766457704e+16 1.6601056865334139e+29
2.6117957188654957e-15 1.1870209862189328e+06 1.0169157395398869e+05 3.8303911169927744e+16 1.6560792422091542e+29
2.5521474427529691e-15 1.1873643295762411e+06 1.0020012063451270e+05 3.7506737678842576e+16 1.6517644871542902e+29
2.4938614159226217e-15 1.1877466495841953e+06 9.8725223890364374e+04 3.6723870906197344e+16 1.6471566734770533e+29
2.4369065272807395e-15 1.1881694495623014e+06 9.7266931670657126e+04 3.5955192148297980e+16 1.6423184583969255e+29
2.3812523762498158e-15 1.1886342559996163e+06 9.5825256920899730e+04 3.5200562320378820e+16 1.6371963730552311e+29
2.3268692565417277e-15 1.1891426156311538e+06 9.4400192741980558e+04 3.4459829711433768e+16 1.6318212284388241e+29
2.2737281403015041e-15 1.1896960711970616e+06 9.2991535988030344e+04 3.3732739518602292e+16 1.6262208227770325e+29
2.2218006626133126e-15 1.1902964037656770e+06 9.1599215166645707e+04 3.3019116659640976e+16 1.6203585214516417e+29
2.1710591063601611e-15 1.1909453409147293e+06 9.0223222263540083e+04 3.2318821310628212e+16 1.6142808471663725e+29
2.1214763874295099e-15 1.1916446948516746e+06 8.8863544347493196e+04 3.1631711719162064e+16 1.6079818311097959e+29
2.0730260402566669e-15 1.1923962712958227e+06 8.7520183107958073e+04 3.0957654139808556e+16 1.6014664706364260e+29
2.0256822036983470e-15 1.1932019506738884e+06 8.6193129070324911e+04 3.0296508524293816e+16 1.5947166432430592e+29
1.9794196072289361e-15 1.1940636265650881e+06 8.4882353292555068e+04 2.9648124932795912e+16 1.5878180882772075e+29
1.9342135574518784e-15 1.1949832369156450e+06 8.3587822072609313e+04 2.9012351274927204e+16 1.5807040388679105e+29
1.8900399249192402e-15 1.1959627828014530e+06 8.2309453992781171e+04 2.8389011127342316e+16 1.5734140563620245e+29
1.8468751312522100e-15 1.1970043803006073e+06 8.1047117021645929e+04 2.7777907202542264e+16 1.5659611923739845e+29
1.8046961365557400e-15 1.1981101698507266e+06 7.9800761895259740e+04 2.7178886683606112e+16 1.5583321524420476e+29
1.7634804271206827e-15 1.1992823603041249e+06 7.8570338203104126e+04 2.6591797158948668e+16 1.5505620520600536e+29
1.7232060034067163e-15 1.2005232228488734e+06 7.7355783022366842e+04 2.6016480603090984e+16 1.5426368229260895e+29
1.6838513682997199e-15 1.2018351473085852e+06 7.6156948105233270e+04 2.5452739904360180e+16 1.5345529889151987e+29
1.6453955156373893e-15 1.2032206524050429e+06 7.4973748533740349e+04 2.4900414115692212e+16 1.5264014307739673e+29
1.6078179189968424e-15 1.2046822844774907e+06 7.3806118976810496e+04 2.4359354224570740e+16 1.5180833965571410e+29
1.5710985207382948e-15 1.2062227427139718e+06 7.2653992154326697e+04 2.3829414231235568e+16 1.5096883907672558e+29
1.5352177212990160e-15 1.2078445732949835e+06 7.1517529718057180e+04 2.3310560955300884e+16 1.5011969255343759e+29
1.5001563687317299e-15 1.2095496229195329e+06 7.0397024432067192e+04 2.2802808293875692e+16 1.4926214138369402e+29
1.4658957484819409e-15 1.2113415857047848e+06 6.9292398063563800e+04 2.2305989609894676e+16 1.4839560300607795e+29
1.4324175733987857e-15 1.2132218096783038e+06 6.8203564773235848e+04 2.1819935850609372e+16 1.4752445843185376e+29
1.3997039739739272e-15 1.2151933264866492e+06 6.7130429207375084e+04 2.1344474005448976e+16 1.4664649659246881e+29
1.3677374888034679e-15 1.2172590362677653e+06 6.6072773614510093e+04 2.0879377561918128e+16 1.4576491243243619e+29
1.3365010552676013e-15 1.2194218702652031e+06 6.5030457314554333e+04 2.0424461656576540e+16 1.4487868658194216e+29
1.3059780004232072e-15 1.2216847679629056e+06 6.4003385091485659e+04 1.9979564000088032e+16 1.4399120440246088e+29
1.2761520321043861e-15 1.2240507407802411e+06 6.2991459839424133e+04 1.9544523032982656e+16 1.4310073630035066e+29
1.2470072302262402e-15 1.2265228820239110e+06 6.1994578721820726e+04 1.9119176229878596e+16 1.4220593153247256e+29
1.2185280382873081e-15 1.2291044080991736e+06 6.1012622409038682e+04 1.8703355568074408e+16 1.4131214585951044e+29
1.1906992550660171e-15 1.2317985679534497e+06 6.0045485715201568e+04 1.8296901264241952e+16 1.4041639297208575e+29
1.1635060265067758e-15 1.2346086822644493e+06 5.9093063888105826e+04 1.7899655279037666e+16 1.3952279625080821e+29
1.1369338377914151e-15 1.2375381759150941e+06 5.8155250298525178e+04 1.7511460047483020e+16 1.3863000823896510e+29
1.1109685055916584e-15 1.2405905681465969e+06 5.7231916004141596e+04 1.7132149690291764e+16 1.3773985213062999e+29
1.0855961704985305e-15 1.2437695908689946e+06 5.6322905403434852e+04 1.6761549850893712e+16 1.3685358585329549e+29
1.0608032896247057e-15 1.2470789523588419e+06 5.5428106641785002e+04 1.6399506991541720e+16 1.3597474940114475e+29
1.0365766293757621e-15 1.2505224945109310e+06 5.4547408486792374e+04 1.6045869031165054e+16 1.3508696503910533e+29
1.0129032583865274e-15 1.2541039937850081e+06 5.3680697871103817e+04 1.5700483439197514e+16 1.3421503652759938e+29
9.8977054061878349e-16 1.2578278180688361e+06 5.2827740498246771e+04 1.5363148099494284e+16 1.3334316630800206e+29
9.6716612861656596e-16 1.2616990243582989e+06 5.1988226128203045e+04 1.5033638766832992e+16 1.3247985845290396e+29
9.4507795691550233e-16 1.2657221546214770e+06 5.1162040240660317e+04 1.4711815988041710e+16 1.3162137775431084e+29
9.2349423560270548e-16 1.2699018600832794e+06 5.0349069995840968e+04 1.4397542444745288e+16 1.3077084381351946e+29
9.0240344402369017e-16 1.2742429345872721e+06 4.9549202305928520e+04 1.4090682379588062e+16 1.2992621805413584e+29
8.8179432463306952e-16 1.2787501174627808e+06 4.8762358199665228e+04 1.3791114907839668e+16 1.2909357928138620e+29
8.6165587698563285e-16 1.2834279680200387e+06 4.7988488585020939e+04 1.3498729395342306e+16 1.2826687091907507e+29
8.4197735186470735e-16 1.2882814425408333e+06 4.7227467400048306e+04 1.3213382878054890e+16 1.2745015798404298e+29
8.2274824554458266e-16 1.2933174596421402e+06 4.6478878454921745e+04 1.2934822700315470e+16 1.2664252787269564e+29
8.0395829418396960e-16 1.2985426616823263e+06 4.5742474433192219e+04 1.2662873089804818e+16 1.2584776652453920e+29
