8.0395829418396959e-13 9.0372785550870257e+05 3.0682573400471557e+05 1.2692981861353006e+17 2.7181435083130387e+27
7.8559746834753246e-13 9.0530320297278848e+05 3.0748718935094785e+05 1.2777799643435035e+17 2.7503438992072391e+27
7.6765596765250801e-13 9.0689744783497939e+05 3.0815008880342770e+05 1.2863386726982994e+17 2.7834014862067178e+27
7.5012421553758558e-13 9.0851067907180183e+05 3.0881435733567888e+05 1.2949743638649099e+17 2.8174168898362652e+27
7.3299285415128468e-13 9.1014263929348497e+05 3.0947981165863958e+05 1.3036856301405552e+17 2.8526841608336219e+27
7.1625273935704306e-13 9.1179300297768216e+05 3.1014625723458460e+05 1.3124708980277194e+17 2.8889794508794188e+27
6.9989493585237990e-13 9.1346159273662406e+05 3.1081351667681377e+05 1.3213288625818781e+17 2.9264026962434141e+27
6.8391071239955609e-13 9.1514834716399724e+05 3.1148145665874862e+05 1.3302588308770032e+17 2.9649246526074296e+27
6.6829153716511489e-13 9.1685343094895827e+05 3.1215002941376093e+05 1.3392612474471278e+17 3.0048053212318019e+27
6.5302907316589952e-13 9.1857668872006133e+05 3.1281910210603906e+05 1.3483352869357816e+17 3.0458191265531099e+27
6.3811517381904706e-13 9.2031780463487003e+05 3.1348847682440950e+05 1.3574792308393834e+17 3.0881210672641467e+27
6.2354187859361313e-13 9.2207644972395489e+05 3.1415794190278626e+05 1.3666911737778314e+17 3.1317269742941100e+27
6.0930140876152718e-13 9.2385255974058015e+05 3.1482736078985926e+05 1.3759702978535710e+17 3.1766897586972629e+27
5.9538616324556484e-13 9.2564605252264638e+05 3.1549660603108525e+05 1.3853158488193318e+17 3.2230114422639076e+27
5.8178871456214496e-13 9.2745667470953835e+05 3.1616548194425716e+05 1.3947261179111370e+17 3.2706885253634848e+27
5.6850180485680912e-13 9.2928444919130183e+05 3.1683388306936959e+05 1.4042006860387006e+17 3.3199157702871007e+27
5.5551834203020698e-13 9.3112922212856635e+05 3.1750168102285278e+05 1.4137387056579054e+17 3.3705402705605755e+27
5.4283139595259256e-13 9.3299072361506184e+05 3.1816864390595513e+05 1.4233378411037645e+17 3.4228640049221851e+27
5.3043419476474946e-13 9.3486878277749603e+05 3.1883464294410544e+05 1.4329972841286840e+17 3.4766872326029289e+27
5.1832012126339740e-13 9.3676328510465811e+05 3.1949953340871917e+05 1.4427159007599754e+17 3.5320895317752844e+27
5.0648270936916735e-13 9.3867380448304315e+05 3.2016306716450269e+05 1.4524910420029203e+17 3.5892324579412958e+27
4.9491564067522283e-13 9.4060032160077628e+05 3.2082511382360768e+05 1.4623218671711574e+17 3.6480329800382007e+27
4.8361274107470329e-13 9.4254280184992391e+05 3.2148555096130067e+05 1.4722075865666128e+17 3.7086200302573262e+27
4.7256797746521049e-13 9.4450104929540225e+05 3.2214422012562002e+05 1.4821467857574416e+17 3.7710561449733413e+27
4.6177545452852868e-13 9.4647460095766699e+05 3.2280088998002722e+05 1.4921368257707360e+17 3.8353996524811730e+27
4.5122941158391827e-13 9.4846297710536176e+05 3.2345527864352672e+05 1.5021744772167731e+17 3.9015864007449541e+27
4.4092421951325472e-13 9.5046631556592556e+05 3.2410727769961138e+05 1.5122592517176531e+17 3.9697523839075906e+27
4.3085437775639206e-13 9.5248464369449520e+05 3.2475676437314315e+05 1.5223903402657910e+17 4.0400174968711680e+27
4.2101451137516242e-13 9.5451795907126856e+05 3.2540362703947606e+05 1.5325670142623978e+17 4.1121671780913635e+27
4.1139936818441155e-13 9.5656577562150499e+05 3.2604764161974698e+05 1.5427865640379834e+17 4.1868870693172640e+27
4.0200381594855675e-13 9.5862773330435844e+05 3.2668858057408564e+05 1.5530463797422672e+17 4.2636213942655430e+27
3.9282283964218600e-13 9.6070361048030399e+05 3.2732625512359338e+05 1.5633444767687392e+17 4.3426616623533997e+27
3.8385153877319545e-13 9.6279335471730377e+05 3.2796051099443290e+05 1.5736794441865987e+17 4.4240228111456686e+27
3.7508512476708503e-13 9.6489692724648910e+05 3.2859122836133512e+05 1.5840503387291286e+17 4.5079149968201846e+27
3.6651891841097572e-13 9.6701383352591412e+05 3.2921818712567870e+05 1.5944543069517002e+17 4.5941633957176930e+27
3.5814834735600098e-13 9.6914358394719684e+05 3.2984112726780603e+05 1.6048880209536992e+17 4.6831122619052910e+27
3.4996894367675177e-13 9.7128600348742679e+05 3.3045986625158804e+05 1.6153494873061850e+17 4.7744813905690029e+27
3.4197634148644563e-13 9.7344094294216379e+05 3.3107423230382061e+05 1.6258368387251878e+17 4.8688232002203728e+27
3.3416627460656126e-13 9.7560802744601225e+05 3.3168400580245355e+05 1.6363473002871203e+17 4.9657909747297636e+27
3.2653457428970620e-13 9.7778696924310375e+05 3.3228898614702793e+05 1.6468784061490643e+17 5.0656722939003609e+27
3.1907716699447724e-13 9.7997723867786420e+05 3.3288889067175024e+05 1.6574262968876272e+17 5.1685231794753783e+27
3.1179007221113923e-13 9.8217883644548524e+05 3.3348353668246046e+05 1.6679891186284474e+17 5.2743824995988611e+27
3.0466940033697372e-13 9.8439190764320339e+05 3.3407280983023130e+05 1.6785660444929411e+17 5.3833527804281837e+27
2.9771135060013152e-13 9.8661616358875879e+05 3.3465652957738651e+05 1.6891547327108029e+17 5.4956154597859352e+27
2.9091220903091890e-13 9.8885132966650568e+05 3.3523451932999952e+05 1.6997528914825139e+17 5.6111909526537770e+27
2.8426834647940371e-13 9.9109666349097539e+05 3.3580651654573326e+05 1.7103563772639760e+17 5.7302093388668994e+27
2.7777621667829500e-13 9.9335158548654697e+05 3.3637225037443812e+05 1.7209613076591094e+17 5.8526155881001941e+27
2.7143235435007391e-13 9.9561609394701314e+05 3.3693149876461999e+05 1.7315647634561574e+17 5.9786975412108166e+27
2.6523337335734285e-13 9.9788975273374130e+05 3.3748404935414204e+05 1.7421640311978467e+17 6.1083753347755615e+27
2.5917596489541772e-13 1.0001725963455763e+06 3.3802973526522465e+05 1.7527571919811798e+17 6.2419880618795823e+27
2.5325689572620839e-13 1.0024645485330051e+06 3.3856841869762336e+05 1.7633424697534010e+17 6.3794503033069697e+27
2.4747300645241784e-13 1.0047644625734683e+06 3.3909978226037952e+05 1.7739141689131558e+17 6.5210399501187232e+27
2.4182120983117104e-13 1.0070718784002482e+06 3.3962353744416178e+05 1.7844679868313280e+17 6.6665560602072992e+27
2.3629848912614671e-13 1.0093867615356188e+06 3.4013948340638267e+05 1.7950014560590077e+17 6.8164004566491395e+27
2.3090189649734352e-13 1.0117089582622384e+06 3.4064743749965809e+05 1.8055120889923670e+17 6.9707039852932855e+27
2.2562855142762949e-13 1.0140377621050732e+06 3.4114713230731542e+05 1.8159952937181725e+17 7.1293047808694325e+27
2.2047563918521709e-13 1.0163727730426380e+06 3.4163830953533557e+05 1.8264471228254682e+17 7.2925786949694729e+27
2.1544040932125280e-13 1.0187137626968934e+06 3.4212074786061718e+05 1.8368643871798458e+17 7.4604366265051883e+27
2.1052017420172673e-13 1.0210603006879396e+06 3.4259426986947015e+05 1.8472444572675686e+17 7.6333779379974888e+27
2.0571230757290243e-13 1.0234121976170973e+06 3.4305860861721757e+05 1.8575820999630710e+17 7.8112129179656067e+27
2.0101424315950971e-13 1.0257679839992276e+06 3.4351346096104814e+05 1.8678720283800230e+17 7.9940414088991637e+27
1.9642347329496030e-13 1.0281272638341602e+06 3.4395852914715500e+05 1.8781090804240474e+17 8.1821100543194876e+27
1.9193754758283432e-13 1.0304893422462835e+06 3.4439345897714549e+05 1.8882872469111037e+17 8.3752268367016881e+27
1.8755407158894795e-13 1.0328540146278158e+06 3.4481792934899265e+05 1.8984018635724173e+17 8.5740923384293505e+27
1.8327070556328355e-13 1.0352213155189937e+06 3.4523170979788434e+05 1.9084499182998467e+17 8.7783348130702920e+27
1.7908516319110873e-13 1.0375908037238534e+06 3.4563456994567678e+05 1.9184272471362413e+17 8.9884943217502264e+27
1.7499521037262478e-13 1.0399613150953066e+06 3.4602616979602445e+05 1.9283269094062592e+17 9.2044842033945817e+27
1.7099866403047436e-13 1.0423323219166307e+06 3.4640620159449830e+05 1.9381435393226013e+17 9.4264136190558847e+27
1.6709339094449448e-13 1.0447027365442273e+06 3.4677428894325462e+05 1.9478696628227325e+17 9.6544208070783961e+27
1.6327730661307397e-13 1.0470717984745258e+06 3.4713000891813263e+05 1.9574979013435629e+17 9.8885851752739649e+27
1.5954837414051565e-13 1.0494390726498719e+06 3.4747295198091620e+05 1.9670216507556262e+17 1.0129217892028138e+28
1.5590460314981504e-13 1.0518040993383124e+06 3.4780272874657233e+05 1.9764344781926938e+17 1.0376250023197038e+28
1.5234404872026269e-13 1.0541661223290977e+06 3.4811895326151495e+05 1.9857292854708618e+17 1.0630040695311705e+28
1.4886481034931015e-13 1.0565240001925831e+06 3.4842115453047783e+05 1.9948969311606573e+17 1.0890670884493884e+28
1.4546503093815020e-13 1.0588768981854699e+06 3.4870885994389531e+05 2.0039289206277872e+17 1.1157576296535225e+28
1.4214289580045901e-13 1.0612230874989938e+06 3.4898147999329475e+05 2.0128130661011690e+17 1.1432446564024495e+28
1.3889663169377659e-13 1.0635612004457270e+06 3.4923825142679026e+05 2.0215358020152134e+17 1.1713844438400809e+28
1.3572450587301461e-13 1.0658902442274683e+06 3.4947827853860904e+05 2.0300826530436013e+17 1.2002329054982974e+28
1.3262482516557153e-13 1.0682091974260092e+06 3.4970053221278259e+05 2.0384373372230982e+17 1.2298263328068031e+28
1.2959593506757878e-13 1.0705173088957185e+06 3.4990350904799445e+05 2.0465782381159974e+17 1.2601696809194323e+28
1.2663621886078123e-13 1.0728210256332627e+06 3.5008606940236851e+05 2.0545059365832387e+17 1.2914070382204195e+28
1.2374409674958667e-13 1.0751218787369188e+06 3.5024797918510431e+05 2.0622206166683760e+17 1.3236151635401920e+28
1.2091802501782780e-13 1.0774190142298630e+06 3.5038919835025317e+05 2.0697190843246534e+17 1.3567744181384007e+28
1.1815649520477777e-13 1.0797108606873455e+06 3.5050945522231120e+05 2.0769934354731315e+17 1.3909115250371224e+28
1.1545803329998362e-13 1.0819973010767319e+06 3.5060842153725540e+05 2.0840386815377501e+17 1.4260372335358873e+28
1.1282119895649331e-13 1.0842776562525101e+06 3.5068581954478077e+05 2.0908490756095827e+17 1.4621968569677164e+28
1.1024458472204377e-13 1.0865516712726050e+06 3.5074132133335370e+05 2.0974193550462160e+17 1.4994189599792056e+28
1.0772681528781416e-13 1.0888190317517905e+06 3.5077468637788331e+05 2.1037452091527075e+17 1.5377100380461039e+28
1.0526654675433147e-13 1.0910787441078015e+06 3.5078566366797849e+05 2.1098204476573232e+17 1.5771350102640526e+28
1.0286246591414157e-13 1.0933306206751335e+06 3.5077388275371282e+05 2.1156395374253933e+17 1.6176441995293007e+28
1.0051328955086642e-13 1.0955743342006251e+06 3.5073906027520797e+05 2.1211977090984253e+17 1.6594050058670592e+28
9.8217763754265583e-14 1.0978095912947166e+06 3.5068089605056704e+05 2.1264900975400541e+17 1.7022743010533487e+28
9.5974663250940560e-14 1.1000363950956732e+06 3.5059916930983157e+05 2.1315136939459549e+17 1.7464375662036383e+28
9.3782790750328011e-14 1.1022535104778029e+06 3.5049387942842097e+05 2.1362649129633974e+17 1.7918151598217825e+28
9.1640976305625656e-14 1.1044602713273878e+06 3.5036471249688510e+05 2.1407378087713878e+17 1.8384852794680184e+28
8.9548076689313450e-14 1.1066564984390342e+06 3.5021131486784201e+05 2.1449273339396928e+17 1.8864479058885980e+28
8.7502974782940347e-14 1.1088419397237457e+06 3.5003338734782627e+05 2.1488289706344819e+17 1.9357702052602811e+28
8.5504578980841602e-14 1.1110165518077612e+06 3.4983065423630679e+05 2.1524391505938723e+17 1.9864490303816737e+28
8.3551822607479450e-14 1.1131801346088883e+06 3.4960308734031621e+05 2.1557570184163603e+17 2.0386003292195470e+28
8.1643663348086941e-14 1.1153311385797842e+06 3.4935080803082662e+05 2.1587797427903245e+17 2.0921167507778435e+28
7.9779082692314898e-14 1.1174691702737461e+06 3.4907348231691035e+05 2.1615021649524266e+17 2.1471112216756380e+28
7.7957085390588123e-14 1.1195939897104129e+06 3.4877081461528927e+05 2.1639200767227030e+17 2.2036128327886786e+28
7.6176698922872544e-14 1.1217051657074164e+06 3.4844256433761603e+05 2.1660295285393760e+17 2.2616033812220767e+28
7.4436972979579387e-14 1.1238025876493778e+06 3.4808846116954967e+05 2.1678271815280813e+17 2.3211951419502869e+28
7.2736978954321352e-14 1.1258859821423737e+06 3.4770850927795382e+05 2.1693125454453354e+17 2.3823415442598619e+28
7.1075809448253324e-14 1.1279538873215970e+06 3.4730288145621546e+05 2.1704839287475856e+17 2.4450831418277624e+28
6.9452577785735583e-14 1.1300058558246600e+06 3.4687122638619953e+05 2.1713361208445206e+17 2.5094445707740516e+28
6.7866417541055714e-14 1.1320415869561825e+06 3.4641319848017412e+05 2.1718644428739232e+17 2.5755156678395355e+28
6.6316482075959181e-14 1.1340607138689342e+06 3.4592848599753610e+05 2.1720646582745491e+17 2.6432714615497504e+28
6.4801944087744509e-14 1.1360630740884545e+06 3.4541678774978593e+05 2.1719331278579821e+17 2.7127303574161329e+28
6.3321995167676364e-14 1.1380484355900334e+06 3.4487793566739623e+05 2.1714680155108288e+17 2.7840121739675692e+28
6.1875845369483762e-14 1.1400159552559275e+06 3.4431206501498015e+05 2.1706690970313792e+17 2.8570723187188273e+28
6.0462722787715319e-14 1.1419651815149544e+06 3.4371892078456585e+05 2.1695328143748384e+17 2.9319415437723954e+28
5.9081873145721601e-14 1.1438959128681181e+06 3.4309824808130256e+05 2.1680564079101930e+17 3.0086721557847893e+28
5.7732559393047217e-14 1.1458076256831191e+06 3.4245002378060343e+05 2.1662389972797366e+17 3.0872513402406014e+28
5.6414061312020209e-14 1.1476998440032348e+06 3.4177406368807139e+05 2.1640782489667270e+17 3.1677536385384844e+28
5.5125675133322412e-14 1.1495726907068398e+06 3.4107015889460640e+05 2.1615724719922851e+17 3.2503083655489794e+28
5.3866713160343085e-14 1.1514254040454116e+06 3.4033854836839990e+05 2.1587241433058307e+17 3.3347560131007005e+28
5.2636503402109189e-14 1.1532570559569332e+06 3.3957941402362683e+05 2.1555335180684867e+17 3.4211747042051965e+28
5.1434389214598862e-14 1.1550672513074239e+06 3.3879245785997924e+05 2.1519971750164026e+17 3.5096130918881162e+28
5.0259728950248755e-14 1.1568556694513117e+06 3.3797738739696215e+05 2.1481119941868803e+17 3.6000654561423119e+28
4.9111895615462751e-14 1.1586220022874344e+06 3.3713391865995422e+05 2.1438753455332992e+17 3.6926358567901684e+28
4.7990276535945624e-14 1.1603661416082503e+06 3.3626183028626401e+05 2.1392856367773030e+17 3.7872437494069824e+28
4.6894273029677714e-14 1.1620879417101310e+06 3.3536098546651425e+05 2.1343428252805030e+17 3.8839895824174826e+28
4.5823300087358381e-14 1.1637868699208396e+06 3.3443187373026490e+05 2.1290525997436282e+17 3.9829095510484510e+28
4.4776786060149089e-14 1.1654621245591657e+06 3.3347471244212717e+05 2.1234167212658694e+17 4.0839259080191746e+28
4.3754172354546191e-14 1.1671133840618455e+06 3.3248928184862976e+05 2.1174334703328931e+17 4.1871512969348536e+28
4.2754913134222209e-14 1.1687403597945885e+06 3.3147541116749455e+05 2.1111019342775910e+17 4.2925268755781058e+28
4.1778475028678120e-14 1.1703426960146683e+06 3.3043305184908025e+05 2.1044224520956387e+17 4.4001067126373915e+28
4.0824336848547811e-14 1.1719201502094795e+06 3.2936206234987854e+05 2.0973947741677421e+17 4.5099064395135632e+28
3.9891989307404462e-14 1.1734726131083244e+06 3.2826233488248428e+05 2.0900195799861862e+17 4.6219493647875703e+28
3.8980934749921996e-14 1.1749998880319409e+06 3.2713419184394745e+05 2.0823022159458589e+17 4.7362397966940345e+28
3.8090686886242321e-14 1.1765012207241356e+06 3.2597821314252238e+05 2.0742490576988547e+17 4.8528067845589779e+28
3.7220770532411519e-14 1.1779762813423602e+06 3.2479427698235563e+05 2.0658600554263805e+17 4.9715348876571202e+28
3.6370721356742348e-14 1.1794248325233089e+06 3.2358226944461756e+05 2.0571356189967408e+17 5.0926408874185575e+28
3.5540085631969392e-14 1.1808466265802155e+06 3.2234225424098730e+05 2.0480781265164723e+17 5.2158814844947882e+28
3.4728419993065977e-14 1.1822413450163386e+06 3.2107427814035310e+05 2.0386897310693379e+17 5.3414935736388560e+28
3.3935291200589816e-14 1.1836088614201411e+06 3.1977828235878824e+05 2.0289720201161738e+17 5.4692833474306613e+28
3.3160275909435640e-14 1.1849491770773784e+06 3.1845429040686070e+05 2.0189280579116566e+17 5.5994082246449909e+28
3.2402960442867525e-14 1.1862619875770742e+06 3.1710309271864191e+05 2.0085682738688000e+17 5.7317507898070517e+28
3.1662940571711986e-14 1.1875468030199911e+06 3.1572510132206953e+05 1.9978983572400909e+17 5.8663244223706308e+28
3.0939821298595029e-14 1.1888034883028187e+06 3.1432028828630154e+05 1.9869201394097462e+17 6.0032653982551072e+28
3.0233216647105607e-14 1.1900317571151694e+06 3.1288866815903684e+05 1.9756362693979162e+17 6.1422156270574838e+28
2.9542749455774224e-14 1.1912315512333885e+06 3.1143061841213808e+05 1.9640530538020397e+17 6.2834913380787815e+28
2.8868051176757726e-14 1.1924025547098194e+06 3.0994636983862345e+05 1.9521750647839203e+17 6.4267198802006719e+28
2.8208761679120653e-14 1.1935447454969501e+06 3.0843596065853623e+05 1.9400053641856586e+17 6.5722656757753128e+28
2.7564529056609296e-14 1.1946579238214421e+06 3.0689948203583865e+05 1.9275480315794352e+17 6.7200233015923248e+28
2.6935009439816838e-14 1.1957422236818427e+06 3.0533762598117051e+05 1.9148132579900080e+17 6.8698562256616245e+28
2.6319866812637211e-14 1.1967972708749864e+06 3.0375104046123731e+05 1.9018098106386803e+17 7.0216709807455639e+28
2.5718772832910860e-14 1.1978229449988846e+06 3.0213981275578198e+05 1.8885412707576448e+17 7.1753891869885380e+28
2.5131406657167638e-14 1.1988192215434250e+06 3.0050406804115791e+05 1.8750119559319270e+17 7.3312680342579420e+28
2.4557454769370657e-14 1.1997861517534778e+06 2.9884425997685717e+05 1.8612298333557613e+17 7.4890327600648395e+28
2.3996610813572847e-14 1.2007234970307848e+06 2.9716126252390246e+05 1.8472061279204698e+17 7.6484574698779040e+28
2.3448575430394285e-14 1.2016311377011009e+06 2.9545525294677552e+05 1.8329452729185008e+17 7.8101913672552392e+28
2.2913056097234067e-14 1.2025090011436325e+06 2.9372638156579086e+05 1.8184516582757542e+17 7.9733879899493889e+28
2.2389766972132404e-14 1.2033571205951492e+06 2.9197486912429018e+05 1.8037307097096266e+17 8.1383088428616893e+28
2.1878428741197178e-14 1.2041754763912035e+06 2.9020131586618430e+05 1.7887914680829366e+17 8.3050225397113177e+28
2.1378768469516348e-14 1.2049640539083953e+06 2.8840604167158803e+05 1.7736401192467690e+17 8.4731719191591136e+28
2.0890519455474319e-14 1.2057229291568138e+06 2.8658927052939555e+05 1.7582822147134368e+17 8.6430317142486511e+28
2.0413421088395478e-14 1.2064523157032446e+06 2.8475127932033216e+05 1.7427242707258448e+17 8.8143198594059706e+28
1.9947218709439593e-14 1.2071525905375395e+06 2.8289303306643234e+05 1.7269799184514099e+17 8.9870567961244656e+28
1.9491663475673367e-14 1.2078236798612415e+06 2.8101614178129670e+05 1.7110673765931331e+17 9.1608635533094180e+28
1.9046512227246311e-14 1.2084655248240246e+06 2.7912090444461070e+05 1.6949920250216803e+17 9.3363984754918742e+28
1.8611527357600804e-14 1.2090780822995063e+06 2.7720758410270605e+05 1.6787590151671088e+17 9.5128110522024907e+28
1.8186476686645556e-14 1.2096613831730769e+06 2.7527645628569135e+05 1.6623737303165837e+17 9.6901440056900040e+28
1.7771133336825583e-14 1.2102154661415447e+06 2.7332787101943645e+05 1.6458423574016624e+17 9.8684027874763915e+28
1.7365275612023216e-14 1.2107404327427705e+06 2.7136217171486380e+05 1.6291710549924938e+17 1.0047567206970890e+29
1.6968686879223694e-14 1.2112364047602017e+06 2.6937967089384061e+05 1.6123658310968797e+17 1.0227560019567538e+29
1.6581155452884349e-14 1.2117036041832510e+06 2.6738070552751457e+05 1.5954331337055594e+17 1.0408263297300548e+29
1.6202474481943860e-14 1.2121424269322872e+06 2.6536570859620807e+05 1.5783807625738291e+17 1.0589684793873378e+29
1.5832441839412017e-14 1.2125533067521993e+06 2.6333622810321697e+05 1.5612266509116406e+17 1.0771448844258032e+29
1.5470860014481690e-14 1.2129363615693760e+06 2.6129314277786156e+05 1.5439813912848570e+17 1.0953613403442358e+29
1.5117536007103770e-14 1.2132917141853189e+06 2.5923680911727520e+05 1.5266507439896362e+17 1.1135907839203217e+29
1.4772281224970779e-14 1.2136195313501852e+06 2.5716759327517101e+05 1.5092406257357270e+17 1.1318421084246143e+29
1.4434911382852522e-14 1.2139200481244365e+06 2.5508588403417903e+05 1.4917572798596512e+17 1.1500796370249411e+29
1.4105246404230745e-14 1.2141935436154825e+06 2.5299238087901016e+05 1.4742097951479549e+17 1.1683210908445425e+29
1.3783110325180794e-14 1.2144402671011805e+06 2.5088763149089622e+05 1.4566055740734787e+17 1.1865385879112351e+29
1.3468331200447878e-14 1.2146604622764899e+06 2.4877202787777185e+05 1.4389506476585989e+17 1.2047377437363741e+29
1.3160741011668400e-14 1.2148544523495347e+06 2.4664597292578520e+05 1.4212512271320730e+17 1.2228751039537174e+29
1.2860175577687812e-14 1.2150226392473406e+06 2.4450989188940194e+05 1.4035138965256653e+17 1.2409648621555222e+29
1.2566474466926146e-14 1.2151656032931169e+06 2.4236473042373909e+05 1.3857500211203821e+17 1.2589884451334312e+29
1.2279480911744954e-14 1.2152837740137987e+06 2.4021151408443536e+05 1.3679709578712595e+17 1.2769059900884393e+29
1.1999041724770400e-14 1.2153774853772824e+06 2.3805066297334063e+05 1.3501825240821256e+17 1.2947722472692779e+29
1.1725007217126900e-14 1.2154471442374936e+06 2.3588261033277906e+05 1.3323907336623381e+17 1.3125141413994158e+29
1.1457231118538169e-14 1.2154932266079946e+06 2.3370780413831805e+05 1.3146018419642176e+17 1.3301230443798915e+29
1.1195570499253468e-14 1.2155164287489746e+06 2.3152694559248679e+05 1.2968245968108213e+17 1.3476133024906410e+29
1.0939885693756198e-14 1.2155174221030495e+06 2.2934166636644368e+05 1.2790752259223011e+17 1.3649708187624479e+29
1.0690040226215535e-14 1.2154968254077581e+06 2.2715257746830882e+05 1.2613603792163370e+17 1.3821456243343945e+29
1.0445900737640148e-14 1.2154546868253646e+06 2.2496009818200959e+05 1.2436850009165373e+17 1.3991811897326712e+29
1.0207336914695582e-14 1.2153916013203801e+06 2.2276462320418659e+05 1.2260538445148005e+17 1.4160204355805896e+29
9.9742214201477500e-15 1.2153079964482361e+06 2.2056659240817762e+05 1.2084720596658230e+17 1.4326918047363034e+29
9.7464298248943204e-15 1.2152044107765283e+06 2.1836655898006668e+05 1.1909457674620168e+17 1.4491345346367197e+29
9.5238405415489943e-15 1.2150814025321510e+06 2.1616511984054776e+05 1.1734812862931603e+17 1.4653528845907592e+29
9.3063347595421789e-15 1.2149395063347917e+06 2.1396271783031354e+05 1.1560835826934517e+17 1.4813518000789639e+29
9.0937963817038467e-15 1.2147793305536229e+06 2.1175984479706772e+05 1.1387580405329942e+17 1.4971119436751991e+29
8.8861119622950472e-15 1.2146015423241470e+06 2.0955699574418846e+05 1.1215100499069350e+17 1.5126158379477415e+29
8.6831706464543330e-15 1.2144069016014799e+06 2.0735463523285085e+05 1.1043448768312845e+17 1.5278683150741428e+29
8.4848641110271021e-15 1.2141964941692888e+06 2.0515404655169821e+05 1.0872745427659000e+17 1.5428683610862445e+29
8.2910865067466053e-15 1.2139711134454687e+06 2.0295636138516566e+05 1.0703089294832858e+17 1.5575541796895552e+29
8.1017344017351153e-15 1.2137314071329236e+06 2.0076202398892789e+05 1.0534521408727170e+17 1.5719759784733098e+29
7.9167067262954120e-15 1.2134781195591108e+06 1.9857179843527262e+05 1.0367108210415952e+17 1.5860850050592457e+29
7.7359047189634282e-15 1.2132117897496745e+06 1.9638640054378472e+05 1.0200908248726525e+17 1.5997093943161168e+29
7.5592318737926421e-15 1.2129334048475805e+06 1.9420624910338555e+05 1.0035954734314210e+17 1.6133367860177659e+29
7.3865938888424051e-15 1.2126431381030194e+06 1.9203173325540969e+05 9.8722779205215088e+16 1.6264789160007815e+29
7.2178986158429975e-15 1.2123417414788029e+06 1.8986323085456886e+05 9.7099068504002368e+16 1.6392723682121882e+29
7.0530560110097832e-15 1.2120298831482397e+06 1.8770114642292933e+05 9.5488724123124608e+16 1.6517230817445790e+29
6.8919780869811397e-15 1.2117082945053005e+06 1.8554597077301555e+05 9.3892118794904576e+16 1.6638235220880042e+29
6.7345788658535760e-15 1.2113777067421789e+06 1.8339827739564530e+05 9.2309670723715056e+16 1.6755556735474515e+29
6.5807743332898606e-15 1.2110388016039645e+06 1.8125845179916435e+05 9.0741639234347120e+16 1.6868765246987974e+29
6.4304823936749431e-15 1.2106922519979104e+06 1.7912684800326775e+05 8.9188252986308752e+16 1.6979271356271421e+29
6.2836228262960381e-15 1.2103387598261053e+06 1.7700375340186042e+05 8.7649688211174768e+16 1.7084442437413384e+29
6.1401172425237023e-15 1.2099791012172760e+06 1.7488952153096048e+05 8.6126172202099168e+16 1.7186206898963781e+29
5.9998890439705759e-15 1.2096141093126037e+06 1.7278453639910187e+05 8.4617955465239696e+16 1.7284087894948513e+29
5.8628633816057044e-15 1.2092447458499260e+06 1.7068950062664805e+05 8.3125515581857488e+16 1.7377829477970257e+29
5.7289671158028247e-15 1.2088718224494229e+06 1.6860486396164587e+05 8.1649113742370080e+16 1.7467782009878056e+29
5.5981287773008504e-15 1.2084961355769588e+06 1.6653095769180503e+05 8.0188917414770528e+16 1.7553235769500655e+29
5.4702785290559493e-15 1.2081185087087101e+06 1.6446817330874898e+05 7.8745132921235696e+16 1.7634488625473459e+29
5.3453481289650542e-15 1.2077397939937029e+06 1.6241690127910560e+05 7.7317953992812496e+16 1.7711558664600865e+29
5.2232708934404756e-15 1.2073607988041134e+06 1.6037744457065276e+05 7.5907503134722224e+16 1.7784303122995045e+29
5.1039816618164203e-15 1.2069823445562080e+06 1.5835009177508895e+05 7.4513886815987216e+16 1.7852975976726350e+29
4.9874167615685985e-15 1.2066052835625557e+06 1.5633510813688891e+05 7.3137191357060384e+16 1.7917091936879866e+29
4.8735139743278304e-15 1.2062304821451853e+06 1.5433276811938960e+05 7.1777506191442536e+16 1.7976643918178447e+29
4.7622125026701672e-15 1.2058589548381548e+06 1.5234333994830152e+05 7.0434912417144640e+16 1.8032503903396195e+29
4.6534529376651431e-15 1.2054912978861269e+06 1.5036713766461954e+05 6.9109518617282960e+16 1.8083566899482372e+29
4.5471772271654456e-15 1.2051287710589992e+06 1.4840445399086925e+05 6.7801411001168112e+16 1.8129992174095249e+29
4.4433286448206034e-15 1.2047722186702820e+06 1.4645552855089222e+05 6.6510633015565312e+16 1.8172295053499488e+29
4.3418517597983386e-15 1.2044225724690191e+06 1.4452059701133819e+05 6.5237222088626488e+16 1.8210262715014778e+29
4.2426924071975897e-15 1.2040808073480797e+06 1.4259990490822008e+05 6.3981217799330352e+16 1.8243803393897820e+29
4.1457976591370770e-15 1.2037478929319484e+06 1.4069366913350616e+05 6.2742635485480832e+16 1.8272811848190035e+29
4.0511157965041552e-15 1.2034248361254982e+06 1.3880209304449291e+05 6.1521477495701104e+16 1.8297503797910641e+29
3.9585962813490184e-15 1.2031126331547915e+06 1.3692535355542981e+05 6.0317725067810256e+16 1.8317860611470151e+29
3.8681897299092095e-15 1.2028123040408662e+06 1.3506360581941341e+05 5.9131343361606240e+16 1.8333695075997470e+29
3.7798478862502085e-15 1.2025249195722293e+06 1.3321702797513374e+05 5.7962311591622816e+16 1.8345633082875977e+29
3.6935235965081540e-15 1.2022515562464106e+06 1.3138578787719694e+05 5.6810598821413864e+16 1.8352860370637190e+29
3.6091707837206704e-15 1.2019933370052155e+06 1.2957007381609746e+05 5.5676185605367544e+16 1.8355952160825682e+29
3.5267444232325131e-15 1.2017513584191108e+06 1.2777005230072374e+05 5.4559033426501672e+16 1.8355051366203779e+29
3.4462005186630304e-15 1.2015267665516147e+06 1.2598586549720838e+05 5.3459085368328464e+16 1.8349925387455490e+29
3.3674960784223519e-15 1.2013207036591512e+06 1.2421764120550193e+05 5.2376272201499648e+16 1.8340358903358022e+29
3.2905890927639030e-15 1.2011343166837282e+06 1.2246544707000910e+05 5.1310485762171216e+16 1.8326671064934376e+29
3.2154385113611301e-15 1.2009688106897464e+06 1.2072938326758231e+05 5.0261639144458136e+16 1.8309120073472959e+29
3.1420042213961282e-15 1.2008254148805814e+06 1.1900955801544851e+05 4.9229648727893936e+16 1.8287573258665701e+29
3.0702470261488918e-15 1.2007053614636650e+06 1.1730605993454478e+05 4.8214416419037560e+16 1.8262072895461027e+29
3.0001286240753394e-15 1.2006099367063609e+06 1.1561889948563564e+05 4.7215796519213616e+16 1.8232590193898221e+29
2.9316115883633456e-15 1.2005404568142053e+06 1.1394814594684856e+05 4.6233681670315648e+16 1.8199558852148298e+29
2.8646593469555428e-15 1.2004982751708734e+06 1.1229387585114747e+05 4.5267968006293096e+16 1.8162293431198360e+29
2.7992361630283719e-15 1.2004848043598302e+06 1.1065615686609891e+05 4.4318545953175000e+16 1.8121553258903993e+29
2.7353071159170559e-15 1.2005014642515359e+06 1.0903502962857310e+05 4.3385289206310688e+16 1.8077481747205828e+29
2.6728380824761013e-15 1.2005497355122862e+06 1.0743054585901923e+05 4.2468078878948344e+16 1.8029511623156776e+29
2.6117957188654957e-15 1.2006311256279612e+06 1.0584275430335081e+05 4.1566794652058592e+16 1.7978309109171388e+29
2.5521474427529691e-15 1.2007472099562122e+06 1.0427171918964374e+05 4.0681326690433648e+16 1.7923632920330785e+29
2.4938614159226217e-15 1.2008996305718108e+06 1.0271763889777007e+05 3.9811639721867992e+16 1.7865477201078184e+29
2.4369065272807395e-15 1.2010899103669871e+06 1.0118057315979095e+05 3.8957611075825032e+16 1.7804632013338224e+29
2.3812523762498158e-15 1.2013196578920071e+06 9.9660541911380191e+04 3.8119094301800800e+16 1.7740620348374945e+29
2.3268692565417277e-15 1.2015904822356475e+06 9.8157550178275851e+04 3.7295933324989064e+16 1.7673311224081167e+29
2.2737281403015041e-15 1.2019040445361098e+06 9.6671484746229893e+04 3.6487906875588872e+16 1.7603087255457003e+29
2.2218006626133126e-15 1.2022621061970780e+06 9.5202306653889216e+04 3.5694841329023204e+16 1.7530101930696028e+29
2.1710591063601611e-15 1.2026664552112110e+06 9.3750011695927475e+04 3.4916583750633280e+16 1.7454609151550875e+29
2.1214763874295099e-15 1.2031189716809061e+06 9.2314589863158122e+04 3.4152978695371872e+16 1.7376086695665368e+29
2.0730260402566669e-15 1.2036215429435144e+06 9.0896038702736900e+04 3.3403875479705376e+16 1.7295271684455842e+29
2.0256822036983470e-15 1.2041761283952889e+06 8.9494346076820002e+04 3.2669118180020928e+16 1.7211656946884041e+29
1.9794196072289361e-15 1.2047847179096250e+06 8.8109484722422523e+04 3.1948543142552640e+16 1.7126081231330157e+29
1.9342135574518784e-15 1.2054493705681893e+06 8.6741422436023873e+04 3.1241984895005096e+16 1.7037985509172332e+29
1.8900399249192402e-15 1.2061721934559266e+06 8.5390093984273815e+04 3.0549260861281872e+16 1.6947879775514126e+29
1.8468751312522100e-15 1.2069554040606152e+06 8.4055399181593893e+04 2.9870173679869724e+16 1.6855882846302778e+29
1.8046961365557400e-15 1.2078012826082476e+06 8.2737288974020455e+04 2.9204555596969548e+16 1.6761543851669636e+29
1.7634804271206827e-15 1.2087121901339921e+06 8.1435712485163516e+04 2.8552239597404044e+16 1.6665668109043132e+29
1.7232060034067163e-15 1.2096905534127858e+06 8.0150607972951140e+04 2.7913054210583220e+16 1.6567773389727129e+29
1.6838513682997199e-15 1.2107389413984024e+06 7.8881857287030420e+04 2.7286802136088436e+16 1.6468619481205471e+29
1.6453955156373893e-15 1.2118600307411582e+06 7.7629380466976931e+04 2.6673310376975904e+16 1.6367555362520568e+29
1.6078179189968424e-15 1.2130566210116234e+06 7.6393109705661860e+04 2.6072416110071820e+16 1.6265383868016916e+29
1.5710985207382948e-15 1.2143317016771690e+06 7.5172972770425069e+04 2.5483960158849432e+16 1.6162014913962933e+29
1.5352177212990160e-15 1.2156880994612062e+06 7.3969301801028269e+04 2.4907991320843868e+16 1.6057538511020990e+29
1.5001563687317299e-15 1.2171280604953370e+06 7.2782661965898049e+04 2.4344646083245800e+16 1.5952081846789982e+29
1.4658957484819409e-15 1.2186542176888676e+06 7.1612970571839978e+04 2.3793730723265688e+16 1.5845795380806997e+29
1.4324175733987857e-15 1.2202692892855338e+06 7.0460134047160653e+04 2.3255048325158756e+16 1.5738981515482063e+29
1.3997039739739272e-15 1.2219760541523059e+06 6.9324055100104160e+04 2.2728402117071888e+16 1.5631593573814727e+29
1.3677374888034679e-15 1.2237773621141007e+06 6.8204630606204664e+04 2.2213594561162056e+16 1.5523825786003965e+29
1.3365010552676013e-15 1.2256761467879775e+06 6.7101756711398048e+04 2.1710430060072444e+16 1.5415752088876206e+29
1.3059780004232072e-15 1.2276753968680371e+06 6.6015327134663399e+04 2.1218713749823856e+16 1.5306726960805294e+29
1.2761520321043861e-15 1.2297781957662588e+06 6.4945234289944790e+04 2.0738252534085348e+16 1.5198402162511030e+29
1.2470072302262402e-15 1.2319876592870560e+06 6.3891364892980499e+04 2.0268852514855556e+16 1.5089487516231262e+29
1.2185280382873081e-15 1.2343071088143711e+06 6.2853595198478077e+04 1.9810317203449564e+16 1.4980582552480158e+29
1.1906992550660171e-15 1.2367398011577581e+06 6.1831809623061614e+04 1.9362456547331984e+16 1.4872016762082459e+29
1.1635060265067758e-15 1.2392891463547379e+06 6.0825890814849801e+04 1.8925081535037176e+16 1.4763508032020299e+29
1.1369338377914151e-15 1.2419586236007488e+06 5.9835719893472946e+04 1.8498004529899604e+16 1.4655303085254526e+29
1.1109685055916584e-15 1.2447518180805303e+06 5.8861162872025401e+04 1.8081032990154444e+16 1.4547461256069344e+29
1.0855961704985305e-15 1.2476725221840818e+06 5.7902069468273439e+04 1.7673970229186826e+16 1.4439887096643280e+29
1.0608032896247057e-15 1.2507243563324218e+06 5.6958315123236403e+04 1.7276633367558094e+16 1.4333426158894361e+29
1.0365766293757621e-15 1.2539113119151492e+06 5.6029775011377023e+04 1.6888841221916272e+16 1.4226505089129234e+29
1.0129032583865274e-15 1.2572372829495859e+06 5.5116323218989302e+04 1.6510413533196868e+16 1.4120977316623429e+29
9.8977054061878349e-16 1.2607064914257308e+06 5.4217755520769824e+04 1.6141137715259330e+16 1.4015528447951738e+29
9.6716612861656596e-16 1.2643236455698914e+06 5.3333819473455675e+04 1.5780787675458850e+16 1.3911330530083469e+29
9.4507795691550233e-16 1.2680931996067630e+06 5.2464386222823967e+04 1.5429193689182176e+16 1.3808029780013053e+29
9.2349423560270548e-16 1.2720196874464480e+06 5.1609328055068603e+04 1.5086188399508738e+16 1.3705342949279281e+29
9.0240344402369017e-16 1.2761077986892913e+06 5.0768516561124095e+04 1.4751605959340080e+16 1.3603811791185581e+29
8.8179432463306952e-16 1.2803621826124236e+06 4.9941845708316687e+04 1.4425291195776064e+16 1.3503253367743690e+29
8.6165587698563285e-16 1.2847873993397199e+06 4.9129229280424312e+04 1.4107096227615680e+16 1.3403844369401023e+29
8.4197735186470735e-16 1.2893882411778539e+06 4.8330521981396261e+04 1.3796846938078062e+16 1.3305681864605364e+29
8.2274824554458266e-16 1.2941720427794710e+06 4.7545154824573066e+04 1.3494203256653012e+16 1.3208433615396892e+29
8.0395829418396960e-16 1.2991457534417319e+06 4.6772805454112015e+04 1.3198940755494416e+16 1.3112428505831116e+29
