8.0395829418396959e-13 9.1920753471385187e+05 3.1070237624056340e+05 1.3206299640702526e+17 3.0095066650297502e+27
7.8559746834753246e-13 9.2079746932957717e+05 3.1138054438320285e+05 1.3295293088058629e+17 3.0439586689480727e+27
7.6765596765250801e-13 9.2240738462800079e+05 3.1206069024693151e+05 1.3385155504596117e+17 3.0795885043306312e+27
7.5012421553758558e-13 9.2403729580997059e+05 3.1274274526845268e+05 1.3475889067400658e+17 3.1162553017763204e+27
7.3299285415128468e-13 9.2568692504701891e+05 3.1342653071175207e+05 1.3567480764168125e+17 3.1542390976269834e+27
7.1625273935704306e-13 9.2735599768614140e+05 3.1411185976353253e+05 1.3659916333413325e+17 3.1933806915711540e+27
6.9989493585237990e-13 9.2904430917338061e+05 3.1479856060529244e+05 1.3753183980479152e+17 3.2336985565962897e+27
6.8391071239955609e-13 9.3075182303831261e+05 3.1548650986873062e+05 1.3847278770178024e+17 3.2753203208453965e+27
6.6829153716511489e-13 9.3247871522655315e+05 3.1617567213641392e+05 1.3942207763877957e+17 3.3182666043042279e+27
6.5302907316589952e-13 9.3422482932614756e+05 3.1686592238849518e+05 1.4037964435841872e+17 3.3625099440853670e+27
6.3811517381904706e-13 9.3598985941524350e+05 3.1755706759260024e+05 1.4134532720843618e+17 3.4081794340922965e+27
6.2354187859361313e-13 9.3777347347175528e+05 3.1824890185465827e+05 1.4231894789001794e+17 3.4552357163476577e+27
6.0930140876152718e-13 9.3957561808014777e+05 3.1894130111997802e+05 1.4330044841821480e+17 3.5036257012807244e+27
5.9538616324556484e-13 9.4139622395987983e+05 3.1963414433585928e+05 1.4428976941958480e+17 3.5536913987761124e+27
5.8178871456214496e-13 9.4323503296727140e+05 3.2032724565756373e+05 1.4528675867535216e+17 3.6052344015505842e+27
5.6850180485680912e-13 9.4509208550781605e+05 3.2102051183978724e+05 1.4629139908669699e+17 3.6583784867621279e+27
5.5551834203020698e-13 9.4696726792699320e+05 3.2171382361246651e+05 1.4730362607306653e+17 3.7130552228319011e+27
5.4283139595259256e-13 9.4886018628843420e+05 3.2240695477275545e+05 1.4832321761808682e+17 3.7694343840780808e+27
5.3043419476474946e-13 9.5077080162710173e+05 3.2309978807546356e+05 1.4935011648605498e+17 3.8274610269293144e+27
5.1832012126339740e-13 9.5269897567708092e+05 3.2379218745907804e+05 1.5038422833526563e+17 3.8874386731257557e+27
5.0648270936916735e-13 9.5464426380503050e+05 3.2448391412065056e+05 1.5142530408349299e+17 3.9490252166805905e+27
4.9491564067522283e-13 9.5660665696471871e+05 3.2517484668574197e+05 1.5247328034477942e+17 4.0124748417461235e+27
4.8361274107470329e-13 9.5858614157633320e+05 3.2586487823422352e+05 1.5352810764832144e+17 4.0780013538191061e+27
4.7256797746521049e-13 9.6058251546650950e+05 3.2655385826829873e+05 1.5458966216469910e+17 4.1453832931112781e+27
4.6177545452852868e-13 9.6259529633516783e+05 3.2724155950570630e+05 1.5565768897074605e+17 4.2148313536940792e+27
4.5122941158391827e-13 9.6462401337791071e+05 3.2792770852906519e+05 1.5673187891465536e+17 4.2862711199994523e+27
4.4092421951325472e-13 9.6666882650975813e+05 3.2861221261264849e+05 1.5781221401109382e+17 4.3598960611127862e+27
4.3085437775639206e-13 9.6872976250039286e+05 3.2929496677365375e+05 1.5889864669966838e+17 4.4356522746689534e+27
4.2101451137516242e-13 9.7080682314540213e+05 3.2997587097694376e+05 1.5999112898457094e+17 4.5137974930720794e+27
4.1139936818441155e-13 9.7289952924091450e+05 3.3065470801085857e+05 1.6108940246542858e+17 4.5942128526371042e+27
4.0200381594855675e-13 9.7500746640690381e+05 3.3133125678605220e+05 1.6219321892067174e+17 4.6770938230812552e+27
3.9282283964218600e-13 9.7713047850936791e+05 3.3200534072582697e+05 1.6330240201426006e+17 4.7623431022609438e+27
3.8385153877319545e-13 9.7926847086701903e+05 3.3267682012167864e+05 1.6441683792987194e+17 4.8500522423999952e+27
3.7508512476708503e-13 9.8142142703468015e+05 3.3334558979095129e+05 1.6553646081977603e+17 4.9404454784274149e+27
3.6651891841097572e-13 9.8358883696363168e+05 3.3401143390458834e+05 1.6666099371553005e+17 5.0336814164046630e+27
3.5814834735600098e-13 9.8577019551768492e+05 3.3467409690666763e+05 1.6779011080616352e+17 5.1295319050528310e+27
3.4996894367675177e-13 9.8796536826032645e+05 3.3533341246949992e+05 1.6892364069653370e+17 5.2281644069985066e+27
3.4197634148644563e-13 9.9017407725746103e+05 3.3598921894749679e+05 1.7006141521940544e+17 5.3297432303097288e+27
3.3416627460656126e-13 9.9239606977790105e+05 3.3664130550379067e+05 1.7120317154720458e+17 5.4343919139045968e+27
3.2653457428970620e-13 9.9463100350655953e+05 3.3728948389592086e+05 1.7234868339351242e+17 5.5420391415508208e+27
3.1907716699447724e-13 9.9687832854930044e+05 3.3793347396100324e+05 1.7349756605776938e+17 5.6528695363388044e+27
3.1179007221113923e-13 9.9913804957503569e+05 3.3857311337644968e+05 1.7464966757705027e+17 5.7667757945897303e+27
3.0466940033697372e-13 1.0014103350842221e+06 3.3920830927738477e+05 1.7580494295353139e+17 5.8842898558052481e+27
2.9771135060013152e-13 1.0036948524699893e+06 3.3983888784949912e+05 1.7696316897931792e+17 6.0051481780726993e+27
2.9091220903091890e-13 1.0059913317412918e+06 3.4046468439658673e+05 1.7812413544398141e+17 6.1296072999085582e+27
2.8426834647940371e-13 1.0082989862560201e+06 3.4108543192416022e+05 1.7928741643273360e+17 6.2576535953075826e+27
2.7777621667829500e-13 1.0106173066189367e+06 3.4170086599850236e+05 1.8045262872032736e+17 6.3894972504756882e+27
2.7143235435007391e-13 1.0129460248424296e+06 3.4231077671047545e+05 1.8161949621674083e+17 6.5251104992587635e+27
2.6523337335734285e-13 1.0152848733699096e+06 3.4291496262917330e+05 1.8278776142656090e+17 6.6645590217981239e+27
2.5917596489541772e-13 1.0176340009518429e+06 3.4351327582075843e+05 1.8395726057885850e+17 6.8082852806822214e+27
2.5325689572620839e-13 1.0199930746994897e+06 3.4410558726404927e+05 1.8512782844844006e+17 6.9560878677628527e+27
2.4747300645241784e-13 1.0223610015399009e+06 3.4469156502566714e+05 1.8629886040426784e+17 7.1081613017438926e+27
2.4182120983117104e-13 1.0247372760442828e+06 3.4527092762100755e+05 1.8746992702107171e+17 7.2645957962379561e+27
2.3629848912614671e-13 1.0271218512809220e+06 3.4584348678409413e+05 1.8864079514542410e+17 7.4254590097163249e+27
2.3090189649734352e-13 1.0295145462775603e+06 3.4640907156356092e+05 1.8981122799953920e+17 7.5909998839474820e+27
2.2562855142762949e-13 1.0319146047828190e+06 3.4696740946659417e+05 1.9098074496710227e+17 7.7612812335096646e+27
2.2047563918521709e-13 1.0343215902764682e+06 3.4751824374392716e+05 1.9214894122745635e+17 7.9364845319061029e+27
2.1544040932125280e-13 1.0367352453922734e+06 3.4806136022660660e+05 1.9331549744692890e+17 8.1165850781095317e+27
2.1052017420172673e-13 1.0391553400252851e+06 3.4859658691892528e+05 1.9448014822471859e+17 8.3018311549627272e+27
2.0571230757290243e-13 1.0415808619193023e+06 3.4912363750835077e+05 1.9564232029396474e+17 8.4923078685092762e+27
2.0101424315950971e-13 1.0440110345692827e+06 3.4964219630206400e+05 1.9680144420798070e+17 8.6882063111291805e+27
1.9642347329496030e-13 1.0464451563083488e+06 3.5015195720880316e+05 1.9795696784009747e+17 8.8893651608818221e+27
1.9193754758283432e-13 1.0488824593671449e+06 3.5065255307857675e+05 1.9910824293709341e+17 9.0961584590822990e+27
1.8755407158894795e-13 1.0513226901050347e+06 3.5114366539775534e+05 2.0025478227691296e+17 9.3086381300760275e+27
1.8327070556328355e-13 1.0537658550714741e+06 3.5162506934523437e+05 2.0139627222478864e+17 9.5270491679936359e+27
1.7908516319110873e-13 1.0562113766146218e+06 3.5209651660711062e+05 2.0253224195946237e+17 9.7514585705471651e+27
1.7499521037262478e-13 1.0586580558369483e+06 3.5255762870211917e+05 2.0366189956811626e+17 9.9816430697344879e+27
1.7099866403047436e-13 1.0611052364814824e+06 3.5300807769426092e+05 2.0478464244097616e+17 1.0218497389075463e+28
1.6709339094449448e-13 1.0635515420201290e+06 3.5344743740896246e+05 2.0589960149806570e+17 1.0461620697218127e+28
1.6327730661307397e-13 1.0659966329349172e+06 3.5387525559617468e+05 2.0700594610613776e+17 1.0711249750848143e+28
1.5954837414051565e-13 1.0684394466308895e+06 3.5429108820399235e+05 2.0810291473794909e+17 1.0967201036474257e+28
1.5590460314981504e-13 1.0708795927134159e+06 3.5469450875547394e+05 2.0918975655342109e+17 1.1230285132851723e+28
1.5234404872026269e-13 1.0733161294979365e+06 3.5508507148626691e+05 2.1026561296949741e+17 1.1499829245014602e+28
1.4886481034931015e-13 1.0757477796890205e+06 3.5546222434358409e+05 2.1132937725602784e+17 1.1776412773254031e+28
1.4546503093815020e-13 1.0781735295678445e+06 3.5582541282425058e+05 2.1238000474790941e+17 1.2060185390016314e+28
1.4214289580045901e-13 1.0805914075048002e+06 3.5617391415482992e+05 2.1341598291243341e+17 1.2351047607631516e+28
1.3889663169377659e-13 1.0829998248240394e+06 3.5650683446930401e+05 2.1443565687714698e+17 1.2649037285931593e+28
1.3572450587301461e-13 1.0853975213007149e+06 3.5682312305390631e+05 2.1543723111359814e+17 1.2954086355409320e+28
1.3262482516557153e-13 1.0877831559376472e+06 3.5712153408370150e+05 2.1641862033186256e+17 1.3266922828470769e+28
1.2959593506757878e-13 1.0901559180626224e+06 3.5740022319694725e+05 2.1737708563136634e+17 1.3587263345599904e+28
1.2663621886078123e-13 1.0925250103226921e+06 3.5765816371397843e+05 2.1831348581793610e+17 1.3917341048410469e+28
1.2374409674958667e-13 1.0948926109295913e+06 3.5789523410263692e+05 2.1922813624286694e+17 1.4257434045071509e+28
1.2091802501782780e-13 1.0972575736950291e+06 3.5811144179800851e+05 2.2012067661773725e+17 1.4607815960750022e+28
1.1815649520477777e-13 1.0996177726876573e+06 3.5830645459608542e+05 2.2099004288734954e+17 1.4968875933152577e+28
1.1545803329998362e-13 1.1019730747410224e+06 3.5847992294146010e+05 2.2183566869875366e+17 1.5340408100658083e+28
1.1282119895649331e-13 1.1043227441391761e+06 3.5863152824213449e+05 2.2265686692654531e+17 1.5722911950286388e+28
1.1024458472204377e-13 1.1066664989085547e+06 3.5876090100463445e+05 2.2345300808498355e+17 1.6116839047585611e+28
1.0772681528781416e-13 1.1090040420758834e+06 3.5886777298104332e+05 2.2422359014975888e+17 1.6522423013695048e+28
1.0526654675433147e-13 1.1113343797565871e+06 3.5895183704047184e+05 2.2496787889860509e+17 1.6939770110450415e+28
1.0286246591414157e-13 1.1136573722912965e+06 3.5901271566233900e+05 2.2568527929622278e+17 1.7369157689409660e+28
1.0051328955086642e-13 1.1159726190550157e+06 3.5905012930085417e+05 2.2637525753225754e+17 1.7810967264778419e+28
9.8217763754265583e-14 1.1182797396188718e+06 3.5906376396112010e+05 2.2703724405687152e+17 1.8266040787235244e+28
9.5974663250940560e-14 1.1205787521709076e+06 3.5905338444820477e+05 2.2767089179104970e+17 1.8734014864068809e+28
9.3782790750328011e-14 1.1228683267122998e+06 3.5901894418439380e+05 2.2827572181943766e+17 1.9215489979710718e+28
9.1640976305625656e-14 1.1251477965540478e+06 3.5896010070622206e+05 2.2885105249451155e+17 1.9710494303952069e+28
8.9548076689313450e-14 1.1274169907469638e+06 3.5887649324887554e+05 2.2939633508106525e+17 2.0219793852798439e+28
8.7502974782940347e-14 1.1296756159789399e+06 3.5876783001238812e+05 2.2991107135730010e+17 2.0743352557363776e+28
8.5504578980841602e-14 1.1319236655642369e+06 3.5863383781792538e+05 2.3039488291368966e+17 2.1282306877537773e+28
8.3551822607479450e-14 1.1341609164972049e+06 3.5847451380227850e+05 2.3084768654394470e+17 2.1835745747831724e+28
8.1643663348086941e-14 1.1363854622914102e+06 3.5828999035966938e+05 2.3126908008952218e+17 2.2405196661514740e+28
7.9779082692314898e-14 1.1385968521608724e+06 3.5807989321750874e+05 2.3165843227835190e+17 2.2989771262520256e+28
7.7957085390588123e-14 1.1407948231517826e+06 3.5784387064570707e+05 2.3201520513812458e+17 2.3590380088472710e+28
7.6176698922872544e-14 1.1429789933354468e+06 3.5758161707590451e+05 2.3233889709650186e+17 2.4207346753500606e+28
7.4436972979579387e-14 1.1451493302956754e+06 3.5729283540559362e+05 2.3262910876089878e+17 2.4841148213042467e+28
7.2736978954321352e-14 1.1473054511875995e+06 3.5697750802210817e+05 2.3288573760058931e+17 2.5492257326562071e+28
7.1075809448253324e-14 1.1494458345608637e+06 3.5663576043324120e+05 2.3310849498267485e+17 2.6160452829047926e+28
6.9452577785735583e-14 1.1515700435138114e+06 3.5626721219516650e+05 2.3329678056868141e+17 2.6846158785521885e+28
6.7866417541055714e-14 1.1536777552031560e+06 3.5587150070222479e+05 2.3345006507295638e+17 2.7549971220240485e+28
6.6316482075959181e-14 1.1557685920561349e+06 3.5544831609181059e+05 2.3356787528526432e+17 2.8271840087356116e+28
6.4801944087744509e-14 1.1578423662178833e+06 3.5499734000180231e+05 2.3364979506731706e+17 2.9012730100895422e+28
6.3321995167676364e-14 1.1598989100651976e+06 3.5451842847633432e+05 2.3369565187262870e+17 2.9773347744351701e+28
6.1875845369483762e-14 1.1619370432284202e+06 3.5401179445189791e+05 2.3370540888356710e+17 3.0552523590158694e+28
6.0462722787715319e-14 1.1639562196593082e+06 3.5347714839092694e+05 2.3367859323937958e+17 3.1351513885110147e+28
5.9081873145721601e-14 1.1659561434412263e+06 3.5291415484645154e+05 2.3361476725849267e+17 3.2170681940868447e+28
5.7732559393047217e-14 1.1679363857200148e+06 3.5232260502242076e+05 2.3351361676653709e+17 3.3010008633548751e+28
5.6414061312020209e-14 1.1698966066156628e+06 3.5170223223194445e+05 2.3337480215671226e+17 3.3870496211729565e+28
5.5125675133322412e-14 1.1718367592785417e+06 3.5105279850324913e+05 2.3319810135081158e+17 3.4751830725781270e+28
5.3866713160343085e-14 1.1737562041320028e+06 3.5037456238662580e+05 2.3298376942981632e+17 3.5654846496881919e+28
5.2636503402109189e-14 1.1756538339327148e+06 3.4966770753082284e+05 2.3273178098690432e+17 3.6579352239444388e+28
5.1434389214598862e-14 1.1775292226105421e+06 3.4893188471534551e+05 2.3244169097323725e+17 3.7525615307104713e+28
5.0259728950248755e-14 1.1793820153787618e+06 3.4816676576245698e+05 2.3211311223138790e+17 3.8493997018313494e+28
4.9111895615462751e-14 1.1812119188542110e+06 3.4737204188056709e+05 2.3174571478617709e+17 3.9484519272360238e+28
4.7990276535945624e-14 1.1830187293766565e+06 3.4654745470392262e+05 2.3133927247675530e+17 4.0498270968700761e+28
4.6894273029677714e-14 1.1848023889878567e+06 3.4569283698561817e+05 2.3089373719756867e+17 4.1535457206744007e+28
4.5823300087358381e-14 1.1865622384813789e+06 3.4480871127176174e+05 2.3040971041131757e+17 4.2596208672618001e+28
4.4776786060149089e-14 1.1882973525492530e+06 3.4389528577137052e+05 2.2988731665515600e+17 4.3679653109917678e+28
4.3754172354546191e-14 1.1900073508813751e+06 3.4295227990121208e+05 2.2932627491359178e+17 4.4787099361458083e+28
4.2754913134222209e-14 1.1916918915832101e+06 3.4197944184949913e+05 2.2872636702280739e+17 4.5918486726148093e+28
4.1778475028678120e-14 1.1933506504122827e+06 3.4097657763610035e+05 2.2808746168586570e+17 4.7073594280570386e+28
4.0824336848547811e-14 1.1949834037717667e+06 3.3994348627491784e+05 2.2740946386749968e+17 4.8253608361133283e+28
3.9891989307404462e-14 1.1965899979105715e+06 3.3888002695017244e+05 2.2669241287041862e+17 4.9459203015174714e+28
3.8980934749921996e-14 1.1981703898092150e+06 3.3778656753981824e+05 2.2593692380126298e+17 5.0689006855115286e+28
3.8090686886242321e-14 1.1997235059755559e+06 3.3666376642622403e+05 2.2514371373107763e+17 5.1942810743583218e+28
3.7220770532411519e-14 1.2012490186751296e+06 3.3551144757096987e+05 2.2431269647837146e+17 5.3221900960190476e+28
3.6370721356742348e-14 1.2027466540888329e+06 3.3432944282353710e+05 2.2344384047933946e+17 5.4525773701926298e+28
3.5540085631969392e-14 1.2042161197610283e+06 3.3311772900197940e+05 2.2253728953182310e+17 5.5854594672024908e+28
3.4728419993065977e-14 1.2056571055631863e+06 3.3187627608590492e+05 2.2159318601664445e+17 5.7208647237747683e+28
3.3935291200589816e-14 1.2070694654159683e+06 3.3060498185641516e+05 2.2061165410907850e+17 5.8588172173475279e+28
3.3160275909435640e-14 1.2084532196199954e+06 3.2930383747794066e+05 2.1959299445236893e+17 5.9992937306434418e+28
3.2402960442867525e-14 1.2098080021295440e+06 3.2797370726225578e+05 2.1853839014126096e+17 6.1422053139050890e+28
3.1662940571711986e-14 1.2111332734819259e+06 3.2661501320764510e+05 2.1744843723962714e+17 6.2878451872957528e+28
3.0939821298595029e-14 1.2124287725673656e+06 3.2522768216171715e+05 2.1632328170411418e+17 6.4356453893375987e+28
3.0233216647105607e-14 1.2136943872878251e+06 3.2381168510068790e+05 2.1516316028735731e+17 6.5862107152241959e+28
2.9542749455774224e-14 1.2149297685596431e+06 3.2236739632604294e+05 2.1396873930513053e+17 6.7389093314405062e+28
2.8868051176757726e-14 1.2161348373689849e+06 3.2089502381698269e+05 2.1274047691770128e+17 6.8944147096049706e+28
2.8208761679120653e-14 1.2173092393832065e+06 3.1939456121297146e+05 2.1147865596473878e+17 7.0520815847023749e+28
2.7564529056609296e-14 1.2184530381832707e+06 3.1786605932117847e+05 2.1018367645452163e+17 7.2121540031999427e+28
2.6935009439816838e-14 1.2195661454838642e+06 3.1631020078737068e+05 2.0885661956531347e+17 7.3748309009259780e+28
2.6319866812637211e-14 1.2206482095892050e+06 3.1472761667928117e+05 2.0749840284235334e+17 7.5396483603827256e+28
2.5718772832910860e-14 1.2216991051879753e+06 3.1311835754402087e+05 2.0610938463440336e+17 7.7068956547779754e+28
2.5131406657167638e-14 1.2227187989806712e+06 3.1148251887550473e+05 2.0469001666043075e+17 7.8762421195504193e+28
2.4557454769370657e-14 1.2237073649874765e+06 3.0982060358317208e+05 2.0324122747906214e+17 8.0479540127292325e+28
2.3996610813572847e-14 1.2246644930250174e+06 3.0813363256676123e+05 2.0176436571560160e+17 8.2217026647430077e+28
2.3448575430394285e-14 1.2255900069645767e+06 3.0642175007085310e+05 2.0025987167136224e+17 8.3976466640056540e+28
2.2913056097234067e-14 1.2264837954702959e+06 3.0468507267441868e+05 1.9872818795131846e+17 8.5755440403864535e+28
2.2389766972132404e-14 1.2273458480240211e+06 3.0292377960155322e+05 1.9716985797618605e+17 8.7553913270647601e+28
2.1878428741197178e-14 1.2281761099343840e+06 3.0113840197346784e+05 1.9558578551294109e+17 8.9373157826608358e+28
2.1378768469516348e-14 1.2289744830178393e+06 2.9932921774631011e+05 1.9397660721155891e+17 9.1209220306603187e+28
2.0890519455474319e-14 1.2297412409974434e+06 2.9749642527713225e+05 1.9234291577714902e+17 9.3064724875331194e+28
2.0413421088395478e-14 1.2304763918741453e+06 2.9564028549301025e+05 1.9068542494405187e+17 9.4937588121715222e+28
1.9947218709439593e-14 1.2311804406343796e+06 2.9376187378994940e+05 1.8900574129071402e+17 9.6828356990744069e+28
1.9491663475673367e-14 1.2318532626191326e+06 2.9186301704590413e+05 1.8730603178078582e+17 9.8734105899501756e+28
1.9046512227246311e-14 1.2324947486761287e+06 2.8994399703502440e+05 1.8558686209143136e+17 1.0065320906060670e+29
1.8611527357600804e-14 1.2331048166499028e+06 2.8800505405714235e+05 1.8384877191514611e+17 1.0258818763328371e+29
1.8186476686645556e-14 1.2336834257159757e+06 2.8604643401048990e+05 1.8209231592299590e+17 1.0453127173020063e+29
1.7771133336825583e-14 1.2342305826774875e+06 2.8406842277227499e+05 1.8031810483904528e+17 1.0648810300609989e+29
1.7365275612023216e-14 1.2347463335139642e+06 2.8207131037092308e+05 1.7852676365042982e+17 1.0845553119813364e+29
1.6968686879223694e-14 1.2352307875923761e+06 2.8005539394807775e+05 1.7671894546994922e+17 1.1043439994246636e+29
1.6581155452884349e-14 1.2356841656954936e+06 2.7802099697216036e+05 1.7489535564160112e+17 1.1242098457945716e+29
1.6202474481943860e-14 1.2361068456972069e+06 2.7596855131274834e+05 1.7305686132006426e+17 1.1441427468857762e+29
1.5832441839412017e-14 1.2364993016654747e+06 2.7389977675320092e+05 1.7120557456264525e+17 1.1641889409734664e+29
1.5470860014481690e-14 1.2368616217298706e+06 2.7181561834354087e+05 1.6934270680649443e+17 1.1842320937754737e+29
1.5117536007103770e-14 1.2371939016316715e+06 2.6971642281855992e+05 1.6746888463640365e+17 1.2042939113791516e+29
1.4772281224970779e-14 1.2374962381215703e+06 2.6760254534689093e+05 1.6558474992029126e+17 1.2244077809384740e+29
1.4434911382852522e-14 1.2377688945926027e+06 2.6547436974542442e+05 1.6369098958239542e+17 1.2445861108774077e+29
1.4105246404230745e-14 1.2380120754880956e+06 2.6333262315939768e+05 1.6178862375801322e+17 1.2647224481573218e+29
1.3783110325180794e-14 1.2382260551381877e+06 2.6117786687169419e+05 1.5987847899749565e+17 1.2848535604222103e+29
1.3468331200447878e-14 1.2384110200696103e+06 2.5901048716095515e+05 1.5796121819221888e+17 1.3049428904626413e+29
1.3160741011668400e-14 1.2385672210970139e+06 2.5683088614660769e+05 1.5603753174212624e+17 1.3250298680071323e+29
1.2860175577687812e-14 1.2386951062632788e+06 2.5463948855981830e+05 1.5410815131826323e+17 1.3450400303674255e+29
1.2566474466926146e-14 1.2387952474312480e+06 2.5243729356733631e+05 1.5217437106686400e+17 1.3649869438483069e+29
1.2279480911744954e-14 1.2388680683348896e+06 2.5022538420443441e+05 1.5023748070760640e+17 1.3848655322784160e+29
1.1999041724770400e-14 1.2389138903897167e+06 2.4800418771348408e+05 1.4829813733728330e+17 1.4046477832530913e+29
1.1725007217126900e-14 1.2389331061798395e+06 2.4577414330411932e+05 1.4635701869073699e+17 1.4243134473798738e+29
1.1457231118538169e-14 1.2389262023476451e+06 2.4353570891591051e+05 1.4441483574772902e+17 1.4438431490945651e+29
1.1195570499253468e-14 1.2388939147023999e+06 2.4128965536326423e+05 1.4247262770902450e+17 1.4632887935574182e+29
1.0939885693756198e-14 1.2388370374376264e+06 2.3903788985171446e+05 1.4053240498843336e+17 1.4825802286001139e+29
1.0690040226215535e-14 1.2387560281283776e+06 2.3678107290542725e+05 1.3859493714364995e+17 1.5016596968167387e+29
1.0445900737640148e-14 1.2386511274883978e+06 2.3451964892952298e+05 1.3666079136856422e+17 1.5206075294920086e+29
1.0207336914695582e-14 1.2385227451476068e+06 2.3225405396461231e+05 1.3473052578085970e+17 1.5393574973172693e+29
9.9742214201477500e-15 1.2383712998817330e+06 2.2998474057130769e+05 1.3280471255653390e+17 1.5578703102883228e+29
9.7464298248943204e-15 1.2381972598801139e+06 2.2771220189191430e+05 1.3088395922656045e+17 1.5761833421274879e+29
9.5238405415489943e-15 1.2380011284549546e+06 2.2543694785459535e+05 1.2896888178516366e+17 1.5942735029939926e+29
9.3063347595421789e-15 1.2377834334111419e+06 2.2315943536673347e+05 1.2706004686854144e+17 1.6121130313620195e+29
9.0937963817038467e-15 1.2375447703216148e+06 2.2088014286264856e+05 1.2515804320211478e+17 1.6296957153516319e+29
8.8861119622950472e-15 1.2372858236354615e+06 2.1859955633151421e+05 1.2326347103116661e+17 1.6470192258784834e+29
8.6831706464543330e-15 1.2370074074459942e+06 2.1631817187875696e+05 1.2137696205912741e+17 1.6639809309269650e+29
8.4848641110271021e-15 1.2367108235200543e+06 2.1403763127952855e+05 1.1950015150738974e+17 1.6807306609020520e+29
8.2910865067466053e-15 1.2363969539232494e+06 2.1175936649884694e+05 1.1763436120662554e+17 1.6971540233839723e+29
8.1017344017351153e-15 1.2360663959726137e+06 2.0948384584438236e+05 1.1578005169492035e+17 1.7132507955281571e+29
7.9167067262954120e-15 1.2357198786946589e+06 2.0721184664518826e+05 1.1393794379460694e+17 1.7290180683537635e+29
7.7359047189634282e-15 1.2353580548178118e+06 2.0494409926750165e+05 1.1210867624673373e+17 1.7444293682657130e+29
7.5592318737926421e-15 1.2349814626833494e+06 2.0268104867843623e+05 1.1029262928814181e+17 1.7595164654399678e+29
7.3865938888424051e-15 1.2345906728100800e+06 2.0042312567230980e+05 1.0849016387945229e+17 1.7742159247898835e+29
7.2178986158429975e-15 1.2341862605501693e+06 1.9817075201761903e+05 1.0670162704266394e+17 1.7885209099890965e+29
7.0530560110097832e-15 1.2337688486445025e+06 1.9592435565743916e+05 1.0492736563995802e+17 1.8024391815242973e+29
6.8919780869811397e-15 1.2333390969394769e+06 1.9368439086456338e+05 1.0316774216629467e+17 1.8159675004040127e+29
6.7345788658535760e-15 1.2328976657101819e+06 1.9145133713696152e+05 1.0142312842642021e+17 1.8290558053776960e+29
6.5807743332898606e-15 1.2324452232370595e+06 1.8922560160344385e+05 9.9693827229833872e+16 1.8417744046944607e+29
6.4304823936749431e-15 1.2319824386180593e+06 1.8700757690704244e+05 9.7980123589125104e+16 1.8540171386097931e+29
6.2836228262960381e-15 1.2315100260448796e+06 1.8479762842241552e+05 9.6282276744157728e+16 1.8658779736571275e+29
6.1401172425237023e-15 1.2310287375717778e+06 1.8259614018287649e+05 9.4600558152360608e+16 1.8772469449844551e+29
5.9998890439705759e-15 1.2305393946046431e+06 1.8040352582101800e+05 9.2935263977612224e+16 1.8881952992316207e+29
5.8628633816057044e-15 1.2300429823638734e+06 1.7822055519362606e+05 9.1286959273751136e+16 1.8986426947708759e+29
5.7289671158028247e-15 1.2295402945471311e+06 1.7604771800402313e+05 8.9655955697185552e+16 1.9086597894091259e+29
5.5981287773008504e-15 1.2290321070137876e+06 1.7388537077518550e+05 8.8042453221851120e+16 1.9182188096031089e+29
5.4702785290559493e-15 1.2285192425676119e+06 1.7173394385541871e+05 8.6446703244669792e+16 1.9272726996449435e+29
5.3453481289650542e-15 1.2280025345085985e+06 1.6959386650483843e+05 8.4868941637103104e+16 1.9358300300163772e+29
5.2232708934404756e-15 1.2274827620779029e+06 1.6746546686841358e+05 8.3309318030500800e+16 1.9438990220214309e+29
5.1039816618164203e-15 1.2269607417838809e+06 1.6534906119198212e+05 8.1767966578321552e+16 1.9515018123558657e+29
4.9874167615685985e-15 1.2264372840145361e+06 1.6324495113157868e+05 8.0245005081780160e+16 1.9586457882863709e+29
4.8735139743278304e-15 1.2259132333287937e+06 1.6115343591197173e+05 7.8740544775893152e+16 1.9652381967752342e+29
4.7622125026701672e-15 1.2253894529030698e+06 1.5907480579396317e+05 7.7254684777882800e+16 1.9713365753823839e+29
4.6534529376651431e-15 1.2248668347108464e+06 1.5700936243756514e+05 7.5787528017925520e+16 1.9769135989521642e+29
4.5471772271654456e-15 1.2243462693112027e+06 1.5495739156501333e+05 7.4339158508932896e+16 1.9820355758903226e+29
4.4433286448206034e-15 1.2238286650912147e+06 1.5291915570359549e+05 7.2909638623149088e+16 1.9866256137596527e+29
4.3418517597983386e-15 1.2233149523450690e+06 1.5089490848888803e+05 7.1499019412926928e+16 1.9906721829289113e+29
4.2426924071975897e-15 1.2228060670729226e+06 1.4888490124862394e+05 7.0107345602868720e+16 1.9942335224600227e+29
4.1457976591370770e-15 1.2223029708718022e+06 1.4688936900490001e+05 6.8734645434163320e+16 1.9973029745621094e+29
4.0511157965041552e-15 1.2218066323632782e+06 1.4490853318944058e+05 6.7380932040204880e+16 1.9998488449693009e+29
3.9585962813490184e-15 1.2213180156122360e+06 1.4294257366905775e+05 6.6046185738035168e+16 2.0018827078656857e+29
3.8681897299092095e-15 1.2208381195038422e+06 1.4099163633644927e+05 6.4730362387588704e+16 2.0034212217823674e+29
3.7798478862502085e-15 1.2203679886331521e+06 1.3905591616520262e+05 6.3433450970980312e+16 2.0044311942549747e+29
3.6935235965081540e-15 1.2199086959953278e+06 1.3713559848812039e+05 6.2155430146544376e+16 2.0049898409119722e+29
3.6091707837206704e-15 1.2194613304320623e+06 1.3523085589886582e+05 6.0896267180719528e+16 2.0050079845406959e+29
3.5267444232325131e-15 1.2190270050840327e+06 1.3334185347170950e+05 5.9655921531207440e+16 2.0045618658559578e+29
3.4462005186630304e-15 1.2186068554740211e+06 1.3146874957278089e+05 5.8434345375995008e+16 2.0036105829950734e+29
3.3674960784223519e-15 1.2182020497179220e+06 1.2961169183768993e+05 5.7231481023634488e+16 2.0021481075635617e+29
3.2905890927639030e-15 1.2178137719780556e+06 1.2777080025120344e+05 5.6047250388733864e+16 2.0002479499555022e+29
3.2154385113611301e-15 1.2174432085532753e+06 1.2594620053370766e+05 5.4881578067579536e+16 1.9978180664113192e+29
3.1420042213961282e-15 1.2170915840344687e+06 1.2413801564836208e+05 5.3734385048447200e+16 1.9949446412817495e+29
3.0702470261488918e-15 1.2167603281786351e+06 1.2234635513541002e+05 5.2605581346936488e+16 1.9916315307015499e+29
3.0001286240753394e-15 1.2164505683456636e+06 1.2057129625668649e+05 5.1495055678321408e+16 1.9878151295329916e+29
2.9316115883633456e-15 1.2161637049793638e+06 1.1881293006946311e+05 5.0402705090534728e+16 1.9835709431458927e+29
2.8646593469555428e-15 1.2159011242346349e+06 1.1707134594356501e+05 4.9328424976222536e+16 1.9788728931020466e+29
2.7992361630283719e-15 1.2156642450095052e+06 1.1534662442330313e+05 4.8272104329467088e+16 1.9737372615947353e+29
2.7353071159170559e-15 1.2154545189166714e+06 1.1363883073625270e+05 4.7233621732919088e+16 1.9681824170508083e+29
2.6728380824761013e-15 1.2152734365030811e+06 1.1194802831082453e+05 4.6212854661016848e+16 1.9622066076832773e+29
2.6117957188654957e-15 1.2151225666374164e+06 1.1027427602679053e+05 4.5209678758749016e+16 1.9558250109052664e+29
2.5521474427529691e-15 1.2150035251644345e+06 1.0861765019476491e+05 4.4223981666254792e+16 1.9490409493358431e+29
2.4938614159226217e-15 1.2149180118314566e+06 1.0697838545639870e+05 4.3255744668727944e+16 1.9418804327713179e+29
2.4369065272807395e-15 1.2148676283747591e+06 1.0535655361365531e+05 4.2304840467297608e+16 1.9343168560840790e+29
2.3812523762498158e-15 1.2148540348907309e+06 1.0375218248431715e+05 4.1371115122449368e+16 1.9263941520766804e+29
2.3268692565417277e-15 1.2148789372298273e+06 1.0216529092727893e+05 4.0454409161245328e+16 1.9181217079679364e+29
2.2737281403015041e-15 1.2149440664141146e+06 1.0059587041977771e+05 3.9554547227521224e+16 1.9095055367414780e+29
2.2218006626133126e-15 1.2150512300116385e+06 9.9043920256985846e+04 3.8671360219134384e+16 1.9005284844623328e+29
2.1710591063601611e-15 1.2152022899540449e+06 9.7509440379523585e+04 3.7804680189512520e+16 1.8912391471274262e+29
2.1214763874295099e-15 1.2153991584904885e+06 9.5992424329844347e+04 3.6954336285626520e+16 1.8816519138926219e+29
2.0730260402566669e-15 1.2156437973086422e+06 9.4492863975142100e+04 3.6120157437113616e+16 1.8717251124176903e+29
2.0256822036983470e-15 1.2159382491715392e+06 9.3010743805540726e+04 3.5301969213712008e+16 1.8615408584223850e+29
1.9794196072289361e-15 1.2162846005555380e+06 9.1546038508027312e+04 3.4499592506184840e+16 1.8510401146193016e+29
1.9342135574518784e-15 1.2166850249908143e+06 9.0098717376070155e+04 3.3712846571301688e+16 1.8402974797693777e+29
1.8900399249192402e-15 1.2171417374560330e+06 8.8668733501425653e+04 3.2941542638640544e+16 1.8293079683628542e+29
1.8468751312522100e-15 1.2176570759241255e+06 8.7256023735962546e+04 3.2185485612308792e+16 1.8180498551403544e+29
1.8046961365557400e-15 1.2182334447556892e+06 8.5860539735819606e+04 3.1444490968242748e+16 1.8065887521821570e+29
1.7634804271206827e-15 1.2188733567699962e+06 8.4482229233511549e+04 3.0718374295703216e+16 1.7948682402938478e+29
1.7232060034067163e-15 1.2195794108193833e+06 8.3121031357291329e+04 3.0006948469727984e+16 1.7829631503321280e+29
1.6838513682997199e-15 1.2203543462275232e+06 8.1776862944904249e+04 2.9310018007275072e+16 1.7708762929935778e+29
1.6453955156373893e-15 1.2212010223204950e+06 8.0449650000121808e+04 2.8627396588902432e+16 1.7586034966454768e+29
1.6078179189968424e-15 1.2221224905522713e+06 7.9139320189826147e+04 2.7958904231450936e+16 1.7461957489926275e+29
1.5710985207382948e-15 1.2231220036384482e+06 7.7845795104006480e+04 2.7304366202652148e+16 1.7335833782753826e+29
1.5352177212990160e-15 1.2242027611045237e+06 7.6569603003873752e+04 2.6663933696166352e+16 1.7208835920249886e+29
1.5001563687317299e-15 1.2253671606422726e+06 7.5311624801524813e+04 2.6037897489675508e+16 1.7081014901413006e+29
1.4658957484819409e-15 1.2266179583244703e+06 7.4071773374342156e+04 2.5426031487268992e+16 1.6952673019932658e+29
1.4324175733987857e-15 1.2279580149106306e+06 7.2849945632024537e+04 2.4828104595439572e+16 1.6823011791935830e+29
1.3997039739739272e-15 1.2293902796854114e+06 7.1646041491308744e+04 2.4243890934496512e+16 1.6693208003092319e+29
1.3677374888034679e-15 1.2309176276954701e+06 7.0460090699212276e+04 2.3673231042291492e+16 1.6562722765702265e+29
1.3365010552676013e-15 1.2325430012125643e+06 6.9292032190977727e+04 2.3115917131499032e+16 1.6432097834890757e+29
1.3059780004232072e-15 1.2342694544843512e+06 6.8141747756990881e+04 2.2571715231496244e+16 1.6301549206375419e+29
1.2761520321043861e-15 1.2361001225874918e+06 6.7009116741971811e+04 2.2040393053138528e+16 1.6170281147477335e+29
1.2470072302262402e-15 1.2380382273160624e+06 6.5894014130655734e+04 2.1521718745246780e+16 1.6039666674736902e+29
1.2185280382873081e-15 1.2400870234923533e+06 6.4796310589543798e+04 2.1015461445772268e+16 1.5908909010896330e+29
1.1906992550660171e-15 1.2422499368217224e+06 6.3715876946960008e+04 2.0521393227758652e+16 1.5777960976662611e+29
1.1635060265067758e-15 1.2445304188848417e+06 6.2652582176343756e+04 2.0039288108306060e+16 1.5648420498012358e+29
1.1369338377914151e-15 1.2469320134017882e+06 6.1606293153464867e+04 1.9568921858392324e+16 1.5518743049626667e+29
1.1109685055916584e-15 1.2494583752833076e+06 6.0576870298969312e+04 1.9110070025574136e+16 1.5389520902808275e+29
1.0855961704985305e-15 1.2521132447551929e+06 5.9564167100782048e+04 1.8662508056218920e+16 1.5260875557470580e+29
1.0608032896247057e-15 1.2549004648810467e+06 5.8568044776708499e+04 1.8226017864794140e+16 1.5132939009175961e+29
1.0365766293757621e-15 1.2578239214416498e+06 5.7588363420485803e+04 1.7800383513872702e+16 1.5005860898708846e+29
1.0129032583865274e-15 1.2608877047432321e+06 5.6624981562398440e+04 1.7385390763380098e+16 1.4879701197510040e+29
9.8977054061878349e-16 1.2640958975857284e+06 5.5677729834442682e+04 1.6980815481210734e+16 1.4754382574939206e+29
9.6716612861656596e-16 1.2674529051812848e+06 5.4746420331090900e+04 1.6586429608494690e+16 1.4630187201776976e+29
9.4507795691550233e-16 1.2709630852320406e+06 5.3830908482160397e+04 1.6202027419034606e+16 1.4506974660408544e+29
9.2349423560270548e-16 1.2746308913634983e+06 5.2931049634490970e+04 1.5827405483699356e+16 1.4384986630379312e+29
9.0240344402369017e-16 1.2784608867611431e+06 5.2046698561045057e+04 1.5462362275736462e+16 1.4264316790744620e+29
8.8179432463306952e-16 1.2824575442080814e+06 5.1177717989669465e+04 1.5106701334510444e+16 1.4144763820465188e+29
8.6165587698563285e-16 1.2866254903985793e+06 5.0323977768390148e+04 1.4760229386354090e+16 1.4026847106228132e+29
8.4197735186470735e-16 1.2909693465729072e+06 4.9485311440588150e+04 1.4422735703148570e+16 1.3910215029828571e+29
8.2274824554458266e-16 1.2954967739080929e+06 4.8660977260987929e+04 1.4093776314151930e+16 1.3795472864539087e+29
8.0395829418396960e-16 1.3002149355869221e+06 4.7850569459818216e+04 1.3773069949495408e+16 1.3680774063178431e+29
