8.0395829418396959e-13 8.8243718110172020e+05 3.0155018648616527e+05 1.2016937573227523e+17 2.3595792653945815e+27
7.8559746834753246e-13 8.8398914896570379e+05 3.0218780788197432e+05 1.2096140129096534e+17 2.3883864467985036e+27
7.6765596765250801e-13 8.8555864744362049e+05 3.0282612911009387e+05 1.2175979975714091e+17 2.4181423609511409e+27
7.5012421553758558e-13 8.8714567327355559e+05 3.0346506104369950e+05 1.2256454849492514e+17 2.4487444369630635e+27
7.3299285415128468e-13 8.8874998248400667e+05 3.0410441372309718e+05 1.2337549256150738e+17 2.4804248817758082e+27
7.1625273935704306e-13 8.9037120676337124e+05 3.0474398460603063e+05 1.2419245910886642e+17 2.5129937287016246e+27
6.9989493585237990e-13 8.9200920330127294e+05 3.0538358544197661e+05 1.2501529760291782e+17 2.5466896724616020e+27
6.8391071239955609e-13 8.9366386877179716e+05 3.0602306856744556e+05 1.2584391215943709e+17 2.5813718803199847e+27
6.6829153716511489e-13 8.9533534696263389e+05 3.0666236803830933e+05 1.2667831190833877e+17 2.6170648356888202e+27
6.5302907316589952e-13 8.9702349069760356e+05 3.0730134002567385e+05 1.2751839191999755e+17 2.6539721611162218e+27
6.3811517381904706e-13 8.9872796121430513e+05 3.0793977902696771e+05 1.2836396493902261e+17 2.6919552576641332e+27
6.2354187859361313e-13 9.0044843547233404e+05 3.0857746271601407e+05 1.2921482176217376e+17 2.7311116663126366e+27
6.0930140876152718e-13 9.0218483108659764e+05 3.0921424142680393e+05 1.3007085487527000e+17 2.7714804272968683e+27
5.9538616324556484e-13 9.0393706040959258e+05 3.0984997189330467e+05 1.3093195958634850e+17 2.8130213794246200e+27
5.8178871456214496e-13 9.0570485172426025e+05 3.1048444674643752e+05 1.3179794383967699e+17 2.8558727741010399e+27
5.6850180485680912e-13 9.0748821967069118e+05 3.1111754234794335e+05 1.3266873177075878e+17 2.8999887596174288e+27
5.5551834203020698e-13 9.0928703945712023e+05 3.1174911636007100e+05 1.3354421146201755e+17 2.9455115356275605e+27
5.4283139595259256e-13 9.1110091795989417e+05 3.1237892804541014e+05 1.3442413348427995e+17 2.9923644208969658e+27
5.3043419476474946e-13 9.1292979049533932e+05 3.1300683065304789e+05 1.3530838422919451e+17 3.0406499587982050e+27
5.1832012126339740e-13 9.1477350087343843e+05 3.1363266560812894e+05 1.3619682381806434e+17 3.0903574071435343e+27
5.0648270936916735e-13 9.1663161602153070e+05 3.1425617508858279e+05 1.3708917131673547e+17 3.1416272473033486e+27
4.9491564067522283e-13 9.1850410418621637e+05 3.1487720901553374e+05 1.3798530738431269e+17 3.1944044914117087e+27
4.8361274107470329e-13 9.2039092155362666e+05 3.1549562658111990e+05 1.3888511917999198e+17 3.2487679860061999e+27
4.7256797746521049e-13 9.2229186791598238e+05 3.1611125404522743e+05 1.3978843746243922e+17 3.3046933559032107e+27
4.6177545452852868e-13 9.2420647622026643e+05 3.1672385273503052e+05 1.4069498531514190e+17 3.3623681882136834e+27
4.5122941158391827e-13 9.2613428719782992e+05 3.1733313040130853e+05 1.4160442481810784e+17 3.4218303443714030e+27
4.4092421951325472e-13 9.2807539661898545e+05 3.1793895175523567e+05 1.4251666081293493e+17 3.4829451646615744e+27
4.3085437775639206e-13 9.3002983566697652e+05 3.1854117130910332e+05 1.4343157260673682e+17 3.5460271510031453e+27
4.2101451137516242e-13 9.3199757751564798e+05 3.1913965546600829e+05 1.4434904815211290e+17 3.6108809573285943e+27
4.1139936818441155e-13 9.3397815615519800e+05 3.1973417235585104e+05 1.4526880321293798e+17 3.6777232701590466e+27
4.0200381594855675e-13 9.3597120780972997e+05 3.2032448136406316e+05 1.4619055633707843e+17 3.7466423184274461e+27
3.9282283964218600e-13 9.3797652284610178e+05 3.2091037553549936e+05 1.4711407965348298e+17 3.8175395714122873e+27
3.8385153877319545e-13 9.3999401488196140e+05 3.2149167897018674e+05 1.4803919605357526e+17 3.8905833298574186e+27
3.7508512476708503e-13 9.4202366536913393e+05 3.2206824864205654e+05 1.4896577142967280e+17 3.9658349997381438e+27
3.6651891841097572e-13 9.4406498187726852e+05 3.2263985662001831e+05 1.4989350854908042e+17 4.0433472973271426e+27
3.5814834735600098e-13 9.4611749234147754e+05 3.2320623227092985e+05 1.5082206097550669e+17 4.1230895106197124e+27
3.4996894367675177e-13 9.4818102217628353e+05 3.2376717282400798e+05 1.5175119818154861e+17 4.2052866661028272e+27
3.4197634148644563e-13 9.5025541479175619e+05 3.2432248625251662e+05 1.5268070192093453e+17 4.2899470262340322e+27
3.3416627460656126e-13 9.5234031102220074e+05 3.2487193725479377e+05 1.5361027303208771e+17 4.3770567745390280e+27
3.2653457428970620e-13 9.5443544319883781e+05 3.2541531079720327e+05 1.5453964446671632e+17 4.4667650224635439e+27
3.1907716699447724e-13 9.5654028214341204e+05 3.2595231199534272e+05 1.5546841815181395e+17 4.5591198197540093e+27
3.1179007221113923e-13 9.5865483367224573e+05 3.2648272864335077e+05 1.5639636590520182e+17 4.6542962493561015e+27
3.0466940033697372e-13 9.6077922317377490e+05 3.2700641603039764e+05 1.5732335760053078e+17 4.7523822817092637e+27
2.9771135060013152e-13 9.6291319368988706e+05 3.2752317726969253e+05 1.5824913691384224e+17 4.8532610498108597e+27
2.9091220903091890e-13 9.6505647311161296e+05 3.2803281968240847e+05 1.5917345335584861e+17 4.9572796959951826e+27
2.8426834647940371e-13 9.6720835827159206e+05 3.2853508054137032e+05 1.6009590126358282e+17 5.0642753225869225e+27
2.7777621667829500e-13 9.6936843448727112e+05 3.2902967829369986e+05 1.6101608620665603e+17 5.1744313544221495e+27
2.7143235435007391e-13 9.7153636651258415e+05 3.2951637186477013e+05 1.6193369557358035e+17 5.2878476098380064e+27
2.6523337335734285e-13 9.7371213149335911e+05 3.2999492604665988e+05 1.6284843203969133e+17 5.4047997410804570e+27
2.5917596489541772e-13 9.7589555966275430e+05 3.3046514786304859e+05 1.6376007069449504e+17 5.5251284419103704e+27
2.5325689572620839e-13 9.7808661849959777e+05 3.3092688108580647e+05 1.6466841197265014e+17 5.6490299534423359e+27
2.4747300645241784e-13 9.8028428425417014e+05 3.3137982372384681e+05 1.6557292862023389e+17 5.7765932811958450e+27
2.4182120983117104e-13 9.8248812467058946e+05 3.3182367726509256e+05 1.6647319278299046e+17 5.9079045665496601e+27
2.3629848912614671e-13 9.8469811059411569e+05 3.3225821394279919e+05 1.6736892991824272e+17 6.0431052764495208e+27
2.3090189649734352e-13 9.8691412816324737e+05 3.3268323303110327e+05 1.6825987734986390e+17 6.1822914249857475e+27
2.2562855142762949e-13 9.8913553795049537e+05 3.3309847102758038e+05 1.6914560282405549e+17 6.3256360370181324e+27
2.2047563918521709e-13 9.9136199124994222e+05 3.3350365957766771e+05 1.7002571804074826e+17 6.4731473671395339e+27
2.1544040932125280e-13 9.9359332218440378e+05 3.3389856654323766e+05 1.7089990714512550e+17 6.6249411653274326e+27
2.1052017420172673e-13 9.9582937501719408e+05 3.3428299866903614e+05 1.7176790334741312e+17 6.7813307789000565e+27
2.0571230757290243e-13 9.9806932334276335e+05 3.3465671487637371e+05 1.7262925060739568e+17 6.9421441216548933e+27
2.0101424315950971e-13 1.0003125514177913e+06 3.3501941795063158e+05 1.7348346239335590e+17 7.1077880009246430e+27
1.9642347329496030e-13 1.0025584910609262e+06 3.3537082433590014e+05 1.7433007715387981e+17 7.2781076216955013e+27
1.9193754758283432e-13 1.0048065405133711e+06 3.3571059012526087e+05 1.7516854966827037e+17 7.4532881832287708e+27
1.8755407158894795e-13 1.0070565558544737e+06 3.3603838575692027e+05 1.7599843906600365e+17 7.6336268294333650e+27
1.8327070556328355e-13 1.0093086595238408e+06 3.3635396568994189e+05 1.7681945562197786e+17 7.8191643478791517e+27
1.7908516319110873e-13 1.0115624914335086e+06 3.3665711949113396e+05 1.7763125189593763e+17 8.0100784560528585e+27
1.7499521037262478e-13 1.0138170853118605e+06 3.3694755792731658e+05 1.7843326179241469e+17 8.2064404818608332e+27
1.7099866403047436e-13 1.0160720246098114e+06 3.3722499863563641e+05 1.7922503700067251e+17 8.4084843689095600e+27
1.6709339094449448e-13 1.0183264020308504e+06 3.3748912608539569e+05 1.8000598166942205e+17 8.6161875904858431e+27
1.6327730661307397e-13 1.0205796156200001e+06 3.3773955923804868e+05 1.8077548597731981e+17 8.8298015623646850e+27
1.5954837414051565e-13 1.0228313854519199e+06 3.3797593101359456e+05 1.8153301921908205e+17 9.0492997687430338e+27
1.5590460314981504e-13 1.0250814236638255e+06 3.3819789781863289e+05 1.8227807591538122e+17 9.2751678662294370e+27
1.5234404872026269e-13 1.0273290216319530e+06 3.3840515394210076e+05 1.8301014102592240e+17 9.5084545750381749e+27
1.4886481034931015e-13 1.0295738291569604e+06 3.3859734209024493e+05 1.8372855711151674e+17 9.7460139817794668e+27
1.4546503093815020e-13 1.0318147625327143e+06 3.3877410786092072e+05 1.8443274094200765e+17 9.9912593510880230e+27
1.4214289580045901e-13 1.0340505640247499e+06 3.3893504551041446e+05 1.8512185632269088e+17 1.0242966325743697e+28
1.3889663169377659e-13 1.0362803614069686e+06 3.3907958497804042e+05 1.8579495701420125e+17 1.0501842629593928e+28
1.3572450587301461e-13 1.0385034447693776e+06 3.3920705225541850e+05 1.8645106000732605e+17 1.0767640993440726e+28
1.3262482516557153e-13 1.0407193497730878e+06 3.3931674071289669e+05 1.8708916437556291e+17 1.1040295868605028e+28
1.2959593506757878e-13 1.0429275220386528e+06 3.3940771276556031e+05 1.8770797902481891e+17 1.1320870194059690e+28
1.2663621886078123e-13 1.0451306655619951e+06 3.3947903398142179e+05 1.8830698907559267e+17 1.1609293034609803e+28
1.2374409674958667e-13 1.0473293627515936e+06 3.3953037348152598e+05 1.8888590253380573e+17 1.1906278250536738e+28
1.2091802501782780e-13 1.0495231287099600e+06 3.3956155853115144e+05 1.8944436972890563e+17 1.2211873049231528e+28
1.1815649520477777e-13 1.0517111810125103e+06 3.3957233431340975e+05 1.8998187252825744e+17 1.2526437604917050e+28
1.1545803329998362e-13 1.0538933778840906e+06 3.3956240607270977e+05 1.9049800495796899e+17 1.2849974139701379e+28
1.1282119895649331e-13 1.0560691490401872e+06 3.3953155504280271e+05 1.9099234420811101e+17 1.3182760192289776e+28
1.1024458472204377e-13 1.0582382379916057e+06 3.3947949104810413e+05 1.9146446697640803e+17 1.3525345352927268e+28
1.0772681528781416e-13 1.0604003391475221e+06 3.3940603906588367e+05 1.9191407128085936e+17 1.3877633340884984e+28
1.0526654675433147e-13 1.0625544356029932e+06 3.3931102233904536e+05 1.9234068292723530e+17 1.4240291821417662e+28
1.0286246591414157e-13 1.0647002679219930e+06 3.3919408673717023e+05 1.9274380886797264e+17 1.4612803510344610e+28
1.0051328955086642e-13 1.0668376050128783e+06 3.3905492260397936e+05 1.9312301873846464e+17 1.4995857852548036e+28
9.8217763754265583e-14 1.0689662673036689e+06 3.3889324443609815e+05 1.9347793029172854e+17 1.5389569172529351e+28
9.5974663250940560e-14 1.0710862137857196e+06 3.3870884844527557e+05 1.9380829424687446e+17 1.5794819599677034e+28
9.3782790750328011e-14 1.0731963594029585e+06 3.3850178972361423e+05 1.9411389589310256e+17 1.6211162488426820e+28
9.1640976305625656e-14 1.0752960280101765e+06 3.3827179740527959e+05 1.9439425652763706e+17 1.6638869889129001e+28
8.9548076689313450e-14 1.0773849948368079e+06 3.3801852216552745e+05 1.9464891840425894e+17 1.7078782100251754e+28
8.7502974782940347e-14 1.0794630841605768e+06 3.3774164583231724e+05 1.9487747929628784e+17 1.7530017823141692e+28
8.5504578980841602e-14 1.0815301671195766e+06 3.3744089503864874e+05 1.9507961932084608e+17 1.7993475445743936e+28
8.3551822607479450e-14 1.0835861185218522e+06 3.3711618506932817e+05 1.9525521654350006e+17 1.8470746749002262e+28
8.1643663348086941e-14 1.0856298065666989e+06 3.3676758726726891e+05 1.9540409920015312e+17 1.8960191771813209e+28
7.9779082692314898e-14 1.0876609448852423e+06 3.3639482133065042e+05 1.9552589437699411e+17 1.9462984551737701e+28
7.7957085390588123e-14 1.0896793012302453e+06 3.3599767712511442e+05 1.9562033680817949e+17 1.9979246846234764e+28
7.6176698922872544e-14 1.0916843900808641e+06 3.3557601323330624e+05 1.9568717705181200e+17 2.0508612111607079e+28
7.4436972979579387e-14 1.0936760884135053e+06 3.3512960441773204e+05 1.9572617232501213e+17 2.1052567377746356e+28
7.2736978954321352e-14 1.0956540900290520e+06 3.3465848257195350e+05 1.9573733435974726e+17 2.1610623980948536e+28
7.1075809448253324e-14 1.0976171253674449e+06 3.3416287573922100e+05 1.9572062896223936e+17 2.2182902992694375e+28
6.9452577785735583e-14 1.0995647480654432e+06 3.3364248057754256e+05 1.9567564469738422e+17 2.2769314799321371e+28
6.7866417541055714e-14 1.1014965998754764e+06 3.3309697039293341e+05 1.9560198161233283e+17 2.3371537880189077e+28
6.6316482075959181e-14 1.1034124271560973e+06 3.3252602779509971e+05 1.9549927698345034e+17 2.3987920058617726e+28
6.4801944087744509e-14 1.1053119799839184e+06 3.3192937460691668e+05 1.9536722814208563e+17 2.4620215798465372e+28
6.3321995167676364e-14 1.1071950567627640e+06 3.3130681494638056e+05 1.9520564513672995e+17 2.5268205307479471e+28
6.1875845369483762e-14 1.1090611504391225e+06 3.3065831757939636e+05 1.9501444466653837e+17 2.5932314877748595e+28
6.0462722787715319e-14 1.1109100190050392e+06 3.2998368756211246e+05 1.9479343731358877e+17 2.6613023737051616e+28
5.9081873145721601e-14 1.1127415461169083e+06 3.2928277681691200e+05 1.9454253811608749e+17 2.7309571097645379e+28
5.7732559393047217e-14 1.1145551257778576e+06 3.2855584873737610e+05 1.9426197294763149e+17 2.8023351907664078e+28
5.6414061312020209e-14 1.1163502513752668e+06 3.2780284814858827e+05 1.9395165501122586e+17 2.8754182291997082e+28
5.5125675133322412e-14 1.1181267763988525e+06 3.2702360545276781e+05 1.9361147444469123e+17 2.9502230649892282e+28
5.3866713160343085e-14 1.1198842581521994e+06 3.2621832481925114e+05 1.9324165660837430e+17 3.0267402422727890e+28
5.2636503402109189e-14 1.1216218678781830e+06 3.2538717598176259e+05 1.9284227719021731e+17 3.1049800101950910e+28
5.1434389214598862e-14 1.1233392525066016e+06 3.2452992812553002e+05 1.9241311196901805e+17 3.1850443585913894e+28
5.0259728950248755e-14 1.1250360786404314e+06 3.2364634157523280e+05 1.9195394472756166e+17 3.2667855603576791e+28
4.9111895615462751e-14 1.1267121479342892e+06 3.2273616161042487e+05 1.9146458672447485e+17 3.3504832802159370e+28
4.7990276535945624e-14 1.1283672657928905e+06 3.2179922147013532e+05 1.9094496309102205e+17 3.4359063458877438e+28
4.6894273029677714e-14 1.1300013701020929e+06 3.2083542761075823e+05 1.9039511989500048e+17 3.5232622025444306e+28
4.5823300087358381e-14 1.1316140117893915e+06 3.1984521050691017e+05 1.8981556279071734e+17 3.6124738712245811e+28
4.4776786060149089e-14 1.1332045732034240e+06 3.1882879018212337e+05 1.8920651570060186e+17 3.7035698901626039e+28
4.3754172354546191e-14 1.1347727975077473e+06 3.1778602927064791e+05 1.8856793441417194e+17 3.7965117320553177e+28
4.2754913134222209e-14 1.1363184903459377e+06 3.1671687236314721e+05 1.8789988457267917e+17 3.8913719959894411e+28
4.1778475028678120e-14 1.1378412411840984e+06 3.1562148184505582e+05 1.8720260905701750e+17 3.9882374428036302e+28
4.0824336848547811e-14 1.1393407978187338e+06 3.1449980125914083e+05 1.8647616753264029e+17 4.0869116179646520e+28
3.9891989307404462e-14 1.1408170312896383e+06 3.1335176980434655e+05 1.8572065947485994e+17 4.1876273813654861e+28
3.8980934749921996e-14 1.1422697534973456e+06 3.1217764171288011e+05 1.8493650669667466e+17 4.2901639474740301e+28
3.8090686886242321e-14 1.1436984132886515e+06 3.1097786874179513e+05 1.8412422061179235e+17 4.3947712595102027e+28
3.7220770532411519e-14 1.1451027558887254e+06 3.0975239948971051e+05 1.8328388415948490e+17 4.5011401702159442e+28
3.6370721356742348e-14 1.1464826132539581e+06 3.0850119707310188e+05 1.8241562592633126e+17 4.6095954158474957e+28
3.5540085631969392e-14 1.1478377383862562e+06 3.0722444409436011e+05 1.8151979075868067e+17 4.7199546474691258e+28
3.4728419993065977e-14 1.1491679372777203e+06 3.0592229455718287e+05 1.8059667854428384e+17 4.8322369825344911e+28
3.3935291200589816e-14 1.1504728871714568e+06 3.0459475023774296e+05 1.7964648585789296e+17 4.9464147312619230e+28
3.3160275909435640e-14 1.1517527641120234e+06 3.0324187603123608e+05 1.7866951431889270e+17 5.0626033881560558e+28
3.2402960442867525e-14 1.1530072598209344e+06 3.0186435469333822e+05 1.7766662138567075e+17 5.1807313926128166e+28
3.1662940571711986e-14 1.1542359995837389e+06 3.0046257197840541e+05 1.7663831967784813e+17 5.3007049246338981e+28
3.0939821298595029e-14 1.1554388247820796e+06 2.9903656258003821e+05 1.7558483343562368e+17 5.4226065060471937e+28
3.0233216647105607e-14 1.1566156376977293e+06 2.9758639932216430e+05 1.7450645345145043e+17 5.5461770344079530e+28
2.9542749455774224e-14 1.1577662877406746e+06 2.9611245839939872e+05 1.7340375350483872e+17 5.6717442196112726e+28
2.8868051176757726e-14 1.1588905718961083e+06 2.9461499672022567e+05 1.7227717644867203e+17 5.7991017877722827e+28
2.8208761679120653e-14 1.1599884342316121e+06 2.9309411254678020e+05 1.7112704973642090e+17 5.9283222956874665e+28
2.7564529056609296e-14 1.1610599024442376e+06 2.9154995062891970e+05 1.6995378219881555e+17 6.0593616076387501e+28
2.6935009439816838e-14 1.1621049551382842e+06 2.8998321174614748e+05 1.6875830275298883e+17 6.1919662719558719e+28
2.6319866812637211e-14 1.1631233208833116e+06 2.8839455785099335e+05 1.6754141804804189e+17 6.3263951557621543e+28
2.5718772832910860e-14 1.1641149095843025e+06 2.8678412782724848e+05 1.6630348231256461e+17 6.4624364640337936e+28
2.5131406657167638e-14 1.1650796884357196e+06 2.8515208356723236e+05 1.6504489178632368e+17 6.6000227653810430e+28
2.4557454769370657e-14 1.1660176958259477e+06 2.8349881010011048e+05 1.6376627586838150e+17 6.7393123574766952e+28
2.3996610813572847e-14 1.1669287907216200e+06 2.8182497121818434e+05 1.6246846625529162e+17 6.8802042347647313e+28
2.3448575430394285e-14 1.1678128997757165e+06 2.8013077594307071e+05 1.6115188611892474e+17 7.0223126568058193e+28
2.2913056097234067e-14 1.1686700302757460e+06 2.7841642706520832e+05 1.5981697364377776e+17 7.1661188097837307e+28
2.2389766972132404e-14 1.1695002677060433e+06 2.7668219421089743e+05 1.5846425373146397e+17 7.3112328962544463e+28
2.1878428741197178e-14 1.1703036421570086e+06 2.7492877058111591e+05 1.5709462050136352e+17 7.4576730161110534e+28
2.1378768469516348e-14 1.1710801560131481e+06 2.7315652693334152e+05 1.5570865539311722e+17 7.6052338854152009e+28
2.0890519455474319e-14 1.1718299014829551e+06 2.7136572084914969e+05 1.5430686142401786e+17 7.7544246531373282e+28
2.0413421088395478e-14 1.1725530821017299e+06 2.6955664764975465e+05 1.5288980478909910e+17 7.9045095930753063e+28
1.9947218709439593e-14 1.1732500100694199e+06 2.6773012036475027e+05 1.5145854457661021e+17 8.0557022559186137e+28
1.9491663475673367e-14 1.1739206678583603e+06 2.6588744105911057e+05 1.5001446206106563e+17 8.2079374814134669e+28
1.9046512227246311e-14 1.1745650626459008e+06 2.6402892986971006e+05 1.4855805339665632e+17 8.3612079979813536e+28
1.8611527357600804e-14 1.1751832430090744e+06 2.6215488016406359e+05 1.4708979926293027e+17 8.5154353408612921e+28
1.8186476686645556e-14 1.1757752728868413e+06 2.6026559882443291e+05 1.4561020171686272e+17 8.6698966722060020e+28
1.7771133336825583e-14 1.1763413033065004e+06 2.5836152258183638e+05 1.4411988275800922e+17 8.8253817223007029e+28
1.7365275612023216e-14 1.1768814441252653e+06 2.5644305823162911e+05 1.4261942961985237e+17 8.9814682760881554e+28
1.6968686879223694e-14 1.1773958728498784e+06 2.5451053942060971e+05 1.4110937606344122e+17 9.1380911674929696e+28
1.6581155452884349e-14 1.1778848266571574e+06 2.5256431919549167e+05 1.3959028701994080e+17 9.2952060547001577e+28
1.6202474481943860e-14 1.1783486832585258e+06 2.5060482198156024e+05 1.3806281893104030e+17 9.4525733504117750e+28
1.5832441839412017e-14 1.1787878436746728e+06 2.4863336356907227e+05 1.3652837359595853e+17 9.6104076306081064e+28
1.5470860014481690e-14 1.1792024673438198e+06 2.4665072764060125e+05 1.3498781516389621e+17 9.7683139906342107e+28
1.5117536007103770e-14 1.1795927323810267e+06 2.4465728126000601e+05 1.3344165210301546e+17 9.9261885787516615e+28
1.4772281224970779e-14 1.1799588526646197e+06 2.4265339950375672e+05 1.3189040378450502e+17 1.0084279822714538e+29
1.4434911382852522e-14 1.1803010873265935e+06 2.4063947584446907e+05 1.3033461331687723e+17 1.0242117159933783e+29
1.4105246404230745e-14 1.1806197698419427e+06 2.3861616514654391e+05 1.2877504168695205e+17 1.0399721967178127e+29
1.3783110325180794e-14 1.1809151611878085e+06 2.3658399573844092e+05 1.2721232024247926e+17 1.0556986845146186e+29
1.3468331200447878e-14 1.1811875635054014e+06 2.3454336121636181e+05 1.2564696921006904e+17 1.0713784372980651e+29
1.3160741011668400e-14 1.1814373184504698e+06 2.3249466371348320e+05 1.2407952105143294e+17 1.0870294030227390e+29
1.2860175577687812e-14 1.1816648647491653e+06 2.3043832388610867e+05 1.2251053620851030e+17 1.1025984042202185e+29
1.2566474466926146e-14 1.1818707693121305e+06 2.2837521360530821e+05 1.2094095420522920e+17 1.1181156670369912e+29
1.2279480911744954e-14 1.1820554526484348e+06 2.2630627074896268e+05 1.1937170809207558e+17 1.1335409241341048e+29
1.1999041724770400e-14 1.1822192798568548e+06 2.2423190992290934e+05 1.1780329168139552e+17 1.1488589177459105e+29
1.1725007217126900e-14 1.1823626683956422e+06 2.2215254939989833e+05 1.1623620379910262e+17 1.1640920902485239e+29
1.1457231118538169e-14 1.1824860912235342e+06 2.2006862074938751e+05 1.1467096163812358e+17 1.1792199749931954e+29
1.1195570499253468e-14 1.1825901851450505e+06 2.1798072834040294e+05 1.1310823572589058e+17 1.1942094967493998e+29
1.0939885693756198e-14 1.1826755746816730e+06 2.1589013931563409e+05 1.1154918663368467e+17 1.2090770530861753e+29
1.0690040226215535e-14 1.1827426793816821e+06 2.1379739432056237e+05 1.0999434646633099e+17 1.2238218514262807e+29
1.0445900737640148e-14 1.1827919115976747e+06 2.1170287742559621e+05 1.0844411907046134e+17 1.2383707922515509e+29
1.0207336914695582e-14 1.1828237117626702e+06 2.0960692387140225e+05 1.0689887381966317e+17 1.2527772395822919e+29
9.9742214201477500e-15 1.1828386300429103e+06 2.0750995578373910e+05 1.0535905427593990e+17 1.2669936960117312e+29
9.7464298248943204e-15 1.1828373061304230e+06 2.0541259981210870e+05 1.0382526503100627e+17 1.2810327524187252e+29
9.5238405415489943e-15 1.1828203061555703e+06 2.0331556070585857e+05 1.0229814241981814e+17 1.2948685228103325e+29
9.3063347595421789e-15 1.1827882165691655e+06 2.0121925916418733e+05 1.0077809410503027e+17 1.3085322651610306e+29
9.0937963817038467e-15 1.1827416510352807e+06 1.9912420154487950e+05 9.9265592465902064e+16 1.3219718238751973e+29
8.8861119622950472e-15 1.1826812814540907e+06 1.9703088986311527e+05 9.7761095966420144e+16 1.3351714329714707e+29
8.6831706464543330e-15 1.1826076942018347e+06 1.9493974550814420e+05 9.6265004251820784e+16 1.3481828050785253e+29
8.4848641110271021e-15 1.1825218028845668e+06 1.9285158273481703e+05 9.4778012829004160e+16 1.3609238019727831e+29
8.2910865067466053e-15 1.1824243068745292e+06 1.9076714166606366e+05 9.3300720684039552e+16 1.3734294901552626e+29
8.1017344017351153e-15 1.1823158753544828e+06 1.8868683103206486e+05 9.1833471924648352e+16 1.3856979181367306e+29
7.9167067262954120e-15 1.1821973256463609e+06 1.8661139482632239e+05 9.0376857128686528e+16 1.3976868090193891e+29
7.7359047189634282e-15 1.1820693398843696e+06 1.8454152523431380e+05 8.8931389902121056e+16 1.4094062403459027e+29
7.5592318737926421e-15 1.1819325386644965e+06 1.8247760583160154e+05 8.7497343390030192e+16 1.4208634376550195e+29
7.3865938888424051e-15 1.1817875417329487e+06 1.8041996884118498e+05 8.6074947792614032e+16 1.4320323738904563e+29
7.2178986158429975e-15 1.1816350238402826e+06 1.7836893386110596e+05 8.4664425576771968e+16 1.4429092250154777e+29
7.0530560110097832e-15 1.1814757070848532e+06 1.7632487129086850e+05 8.3266035548445216e+16 1.4534991873420991e+29
6.8919780869811397e-15 1.1813104360142183e+06 1.7428831700671301e+05 8.1880155942727840e+16 1.4637635909753958e+29
6.7345788658535760e-15 1.1811400062724152e+06 1.7225995998610652e+05 8.0507246703450944e+16 1.4737169424429661e+29
6.5807743332898606e-15 1.1809651132739715e+06 1.7024015504654287e+05 7.9147513098129120e+16 1.4833653276118351e+29
6.4304823936749431e-15 1.1807864353639407e+06 1.6822920448831958e+05 7.7801116441741616e+16 1.4927047127017058e+29
6.2836228262960381e-15 1.1806046850501872e+06 1.6622729522286580e+05 7.6468138653483344e+16 1.5017040352659226e+29
6.1401172425237023e-15 1.1804206595423217e+06 1.6423473817039229e+05 7.5148751830207792e+16 1.5103801748152643e+29
5.9998890439705759e-15 1.1802352138549055e+06 1.6225187729864541e+05 7.3843150940368656e+16 1.5187076060927594e+29
5.8628633816057044e-15 1.1800492926627316e+06 1.6027932460193645e+05 7.2551706543365040e+16 1.5267125350725275e+29
5.7289671158028247e-15 1.1798637215516968e+06 1.5831747754351445e+05 7.1274619896639928e+16 1.5343803879005134e+29
5.5981287773008504e-15 1.1796793196278990e+06 1.5636663097955682e+05 7.0012017058856304e+16 1.5417002359019801e+29
5.4702785290559493e-15 1.1794969660919057e+06 1.5442712708935485e+05 6.8764052670827168e+16 1.5486785311660146e+29
5.3453481289650542e-15 1.1793174752817145e+06 1.5249930257547385e+05 6.7530867765440904e+16 1.5552946951156607e+29
5.2232708934404756e-15 1.1791417184552231e+06 1.5058342623568201e+05 6.6312552181670576e+16 1.5615581962426999e+29
5.1039816618164203e-15 1.1789705662575874e+06 1.4867975130053074e+05 6.5109181245662360e+16 1.5675037795637269e+29
4.9874167615685985e-15 1.1788048837641568e+06 1.4678849367120021e+05 6.3920803110182008e+16 1.5730458627563996e+29
4.8735139743278304e-15 1.1786455884265155e+06 1.4490989420987942e+05 6.2747480816322656e+16 1.5782764372854520e+29
4.7622125026701672e-15 1.1784936345219412e+06 1.4304419132101457e+05 6.1589273681978512e+16 1.5831279818135830e+29
4.6534529376651431e-15 1.1783500208350108e+06 1.4119171572132784e+05 6.0446297401070816e+16 1.5876211933853656e+29
4.5471772271654456e-15 1.1782157152654270e+06 1.3935276217772908e+05 5.9318633846145344e+16 1.5917663533438004e+29
4.4433286448206034e-15 1.1780916786746422e+06 1.3752754223401353e+05 5.8206307046203672e+16 1.5955601595888074e+29
4.3418517597983386e-15 1.1779788934023099e+06 1.3571626625708825e+05 5.7109337664998760e+16 1.5989916908638041e+29
4.2426924071975897e-15 1.1778783944132335e+06 1.3391917078893766e+05 5.6027758714544400e+16 1.6020810703350241e+29
4.1457976591370770e-15 1.1777911740602755e+06 1.3213644860663466e+05 5.4961571200507736e+16 1.6048318784903866e+29
4.0511157965041552e-15 1.1777182483454321e+06 1.3036827759295024e+05 5.3910764232098432e+16 1.6072002768351741e+29
3.9585962813490184e-15 1.1776606600009201e+06 1.2861482961578491e+05 5.2875320303967728e+16 1.6092356950210843e+29
3.8681897299092095e-15 1.1776194736781758e+06 1.2687627161443229e+05 5.1855216731315328e+16 1.6109514460185973e+29
3.7798478862502085e-15 1.1775957672315734e+06 1.2515275696426666e+05 5.0850420176713336e+16 1.6122842944473412e+29
3.6935235965081540e-15 1.1775906402280508e+06 1.2344443181462666e+05 4.9860891303380336e+16 1.6133150823396694e+29
3.6091707837206704e-15 1.1776052192363283e+06 1.2175150094034206e+05 4.8886623714617008e+16 1.6139814915676921e+29
3.5267444232325131e-15 1.1776406298012822e+06 1.2007413131659437e+05 4.7927581928982360e+16 1.6143149416716824e+29
3.4462005186630304e-15 1.1776979675975982e+06 1.1841244278122779e+05 4.6983699310415376e+16 1.6143559796997618e+29
3.3674960784223519e-15 1.1777783548825658e+06 1.1676653806504974e+05 4.6054896063610384e+16 1.6140236816111082e+29
3.2905890927639030e-15 1.1778829026616637e+06 1.1513641723118670e+05 4.5141032023534232e+16 1.6134296942433132e+29
3.2154385113611301e-15 1.1780128111304401e+06 1.1352214745872855e+05 4.4242009213927568e+16 1.6124878763529750e+29
3.1420042213961282e-15 1.1781692682744320e+06 1.1192381795629057e+05 4.3357740841619432e+16 1.6112461499193331e+29
3.0702470261488918e-15 1.1783534721608339e+06 1.1034148916260533e+05 4.2488120802438848e+16 1.6096784202842038e+29
3.0001286240753394e-15 1.1785666573516023e+06 1.0877508817854925e+05 4.1632968923555168e+16 1.6078351495078800e+29
2.9316115883633456e-15 1.1788101337732929e+06 1.0722465520828492e+05 4.0792174119774880e+16 1.6056619087066267e+29
2.8646593469555428e-15 1.1790852280189763e+06 1.0569025243013023e+05 3.9965637278540424e+16 1.6032124711230460e+29
2.7992361630283719e-15 1.1793933159197827e+06 1.0417192835561642e+05 3.9153250496488768e+16 1.6004979799504335e+29
2.7353071159170559e-15 1.1797357560166593e+06 1.0266969300328016e+05 3.8354885015917152e+16 1.5974917592525698e+29
2.6728380824761013e-15 1.1801140033362284e+06 1.0118358194174214e+05 3.7570427337079144e+16 1.5942270093601562e+29
2.6117957188654957e-15 1.1805295148274542e+06 9.9713631365567897e+04 3.6799764501523936e+16 1.5906673907092688e+29
2.5521474427529691e-15 1.1809837927464496e+06 9.8259889182586427e+04 3.6042790867891912e+16 1.5868589088433812e+29
2.4938614159226217e-15 1.1814783315461783e+06 9.6822507516276833e+04 3.5299454039844132e+16 1.5827983852170057e+29
2.4369065272807395e-15 1.1820146153472543e+06 9.5401528843331660e+04 3.4569637365847352e+16 1.5785148291645206e+29
2.3812523762498158e-15 1.1825941141575333e+06 9.3996963044117147e+04 3.3853205458335312e+16 1.5739907915561257e+29
2.3268692565417277e-15 1.1832183406417596e+06 9.2608796906826959e+04 3.3150008242173184e+16 1.5692210028222814e+29
2.2737281403015041e-15 1.1838888690717353e+06 9.1236789154156882e+04 3.2459779573646936e+16 1.5642351666145746e+29
2.2218006626133126e-15 1.1846074040557970e+06 8.9880852166390192e+04 3.1782343092877804e+16 1.5590271744605738e+29
2.1710591063601611e-15 1.1853756551906758e+06 8.8540976881790280e+04 3.1117565504970176e+16 1.5536190527451301e+29
2.1214763874295099e-15 1.1861954084725138e+06 8.7217148756053910e+04 3.0465311094019344e+16 1.5480090070028611e+29
2.0730260402566669e-15 1.1870684494608848e+06 8.5909371325809014e+04 2.9825453687386952e+16 1.5421799192176991e+29
2.0256822036983470e-15 1.1879965798860248e+06 8.4617636476897387e+04 2.9197860482255588e+16 1.5361041352902763e+29
1.9794196072289361e-15 1.1889817124391200e+06 8.3341913945490873e+04 2.8582387446681500e+16 1.5299857204505651e+29
1.9342135574518784e-15 1.1900256045736610e+06 8.2082169348294352e+04 2.7978888576590460e+16 1.5236661827453687e+29
1.8900399249192402e-15 1.1911303039152259e+06 8.0838314405746161e+04 2.7387190945669080e+16 1.5171537719464317e+29
1.8468751312522100e-15 1.1922978415455010e+06 7.9610202491795077e+04 2.6807097634298996e+16 1.5104974962105287e+29
1.8046961365557400e-15 1.1935303088738855e+06 7.8397784296423939e+04 2.6238462638219896e+16 1.5036887686949690e+29
1.7634804271206827e-15 1.1948298280779126e+06 7.7201009549173439e+04 2.5681140109166068e+16 1.4967170017736910e+29
1.7232060034067163e-15 1.1961985751493492e+06 7.6019814687044010e+04 2.5134978057978036e+16 1.4896315104693021e+29
1.6838513682997199e-15 1.1976388914893775e+06 7.4854038230966282e+04 2.4599780230638268e+16 1.4824365032529081e+29
1.6453955156373893e-15 1.1991531729048304e+06 7.3703592207134803e+04 2.4075390639968284e+16 1.4751081505124871e+29
1.6078179189968424e-15 1.2007438710791741e+06 7.2568413244489551e+04 2.3561667044895324e+16 1.4676716262305974e+29
1.5710985207382948e-15 1.2024135469213026e+06 7.1448435010324669e+04 2.3058468532781716e+16 1.4601467312770641e+29
1.5352177212990160e-15 1.2041646460356370e+06 7.0343742920782737e+04 2.2565727748158380e+16 1.4525219986225079e+29
1.5001563687317299e-15 1.2059993767705397e+06 6.9254507933906236e+04 2.2083407229991516e+16 1.4448418138523219e+29
1.4658957484819409e-15 1.2079201983212573e+06 6.8180653805833339e+04 2.1611352103990312e+16 1.4370689882913708e+29
1.4324175733987857e-15 1.2099296174493034e+06 6.7122098177968583e+04 2.1149405366509540e+16 1.4292244407141255e+29
1.3997039739739272e-15 1.2120301821389268e+06 6.6078746490287798e+04 2.0697404310285648e+16 1.4213396757797746e+29
1.3677374888034679e-15 1.2142248127669021e+06 6.5050329901940939e+04 2.0255110877282864e+16 1.4134359461027526e+29
1.3365010552676013e-15 1.2165164636971746e+06 6.4036690510204520e+04 1.9822344632295324e+16 1.4057203728743000e+29
1.3059780004232072e-15 1.2189080393662278e+06 6.3037738962359050e+04 1.9398957899125596e+16 1.3974670343048371e+29
1.2761520321043861e-15 1.2214025519268569e+06 6.2053383317128748e+04 1.8984803007540712e+16 1.3894110115771058e+29
1.2470072302262402e-15 1.2240030242179092e+06 6.1083524559966652e+04 1.8579730387593932e+16 1.3813576281120400e+29
1.2185280382873081e-15 1.2267126568976089e+06 6.0128044935626232e+04 1.8183584211993672e+16 1.3733065032698949e+29
1.1906992550660171e-15 1.2295346947947505e+06 5.9186844425878022e+04 1.7796218115539706e+16 1.3652321418174643e+29
1.1635060265067758e-15 1.2324724235689687e+06 5.8259822948348708e+04 1.7417486843813424e+16 1.3571831572450232e+29
1.1369338377914151e-15 1.2355292195888876e+06 5.7346880728316166e+04 1.7047246635144612e+16 1.3491031513405087e+29
1.1109685055916584e-15 1.2387085865529128e+06 5.6447889883264004e+04 1.6685342532735636e+16 1.3411007970664363e+29
1.0855961704985305e-15 1.2420142628067902e+06 5.5562692748982918e+04 1.6331610224263670e+16 1.3330732829194550e+29
1.0608032896247057e-15 1.2454499392580120e+06 5.4691183142476191e+04 1.5985908896667030e+16 1.3250732792261292e+29
1.0365766293757621e-15 1.2490193570361354e+06 5.3833255674841443e+04 1.5648098911512762e+16 1.3171218044751140e+29
1.0129032583865274e-15 1.2527263182921489e+06 5.2988803484067474e+04 1.5318040037246042e+16 1.3092215513783512e+29
9.8977054061878349e-16 1.2565752499717581e+06 5.2157577869025074e+04 1.4995534467949960e+16 1.3013516358334068e+29
9.6716612861656596e-16 1.2605713805968377e+06 5.1339242766114869e+04 1.4680359342507186e+16 1.2935143932487143e+29
9.4507795691550233e-16 1.2647193146336928e+06 5.0533690175809345e+04 1.4372388382797962e+16 1.2857808418591248e+29
9.2349423560270548e-16 1.2690237310389243e+06 4.9740814590116883e+04 1.4071497695510080e+16 1.2780957623646633e+29
9.0240344402369017e-16 1.2734895041692024e+06 4.8960508677684258e+04 1.3777563975927212e+16 1.2704254518606288e+29
8.8179432463306952e-16 1.2781213918027622e+06 4.8192707041359616e+04 1.3490482036910378e+16 1.2628575794430519e+29
8.6165587698563285e-16 1.2829239694538843e+06 4.7437376252274065e+04 1.3210156895097516e+16 1.2554031575784649e+29
8.4197735186470735e-16 1.2879022639176294e+06 4.6694399210735777e+04 1.2936459393627402e+16 1.2480193928692670e+29
8.2274824554458266e-16 1.2930630567727189e+06 4.5963429671379345e+04 1.2669175380922044e+16 1.2407134532137423e+29
8.0395829418396960e-16 1.2984125050407713e+06 4.5244254372060204e+04 1.2408150361996350e+16 1.2334896257244255e+29
