8.0395829418396959e-13 8.7580626648238464e+05 2.9991988881229446e+05 1.1813214923598958e+17 2.2570190377980165e+27
7.8559746834753246e-13 8.7735020632828888e+05 3.0054988682592334e+05 1.1890699289972712e+17 2.2849209880993595e+27
7.6765596765250801e-13 8.7891121140532230e+05 3.0118034896413790e+05 1.1968780851419493e+17 2.3136289098599029e+27
7.5012421553758558e-13 8.8048928648747050e+05 3.0181118352378538e+05 1.2047456738239221e+17 2.3432611818454611e+27
7.3299285415128468e-13 8.8208415171847469e+05 3.0244219603276660e+05 1.2126710743433176e+17 2.3738785669372990e+27
7.1625273935704306e-13 8.8369549417907558e+05 3.0307318247145740e+05 1.2206525253704301e+17 2.4054112648166011e+27
6.9989493585237990e-13 8.8532308505467919e+05 3.0370395028560498e+05 1.2286884511601371e+17 2.4382770728563209e+27
6.8391071239955609e-13 8.8696691475684091e+05 3.0433434849979077e+05 1.2367778283687510e+17 2.4714455525891263e+27
6.6829153716511489e-13 8.8862705111209222e+05 3.0496430408163799e+05 1.2449206261689270e+17 2.5060307344252208e+27
6.5302907316589952e-13 8.9030335529339709e+05 3.0559367031686113e+05 1.2531157359688118e+17 2.5416175109618358e+27
6.3811517381904706e-13 8.9199549936254788e+05 3.0622223787524190e+05 1.2613612221129747e+17 2.5783195185857295e+27
6.2354187859361313e-13 8.9370314618520357e+05 3.0684978249826253e+05 1.2696549555432010e+17 2.6161533297646153e+27
6.0930140876152718e-13 8.9542622965182678e+05 3.0747614918519038e+05 1.2779957701103350e+17 2.6551419533867524e+27
5.9538616324556484e-13 8.9716463329821115e+05 3.0810118958424119e+05 1.2863825304523434e+17 2.6953120069156288e+27
5.8178871456214496e-13 8.9891809559014626e+05 3.0872469221456081e+05 1.2948132483798299e+17 2.7366920168039038e+27
5.6850180485680912e-13 9.0068662214675848e+05 3.0934652878892038e+05 1.3032870783677350e+17 2.7793205416600192e+27
5.5551834203020698e-13 9.0247008061249228e+05 3.0996655110051320e+05 1.3118028020343435e+17 2.8232863972454181e+27
5.4283139595259256e-13 9.0426808781743050e+05 3.1058451547554252e+05 1.3203578776376107e+17 2.8685491872254057e+27
5.3043419476474946e-13 9.0608056393464375e+05 3.1120026910978276e+05 1.3289510673825794e+17 2.9151779642185206e+27
5.1832012126339740e-13 9.0790735626855900e+05 3.1181364917784528e+05 1.3375808959196182e+17 2.9632337157130605e+27
5.0648270936916735e-13 9.0974802828908886e+05 3.1242439467160299e+05 1.3462445060660712e+17 3.0126775748868887e+27
4.9491564067522283e-13 9.1160254477617773e+05 3.1303234884790244e+05 1.3549405945726814e+17 3.0636864568576543e+27
4.8361274107470329e-13 9.1347086113023933e+05 3.1363736431483156e+05 1.3636679233618347e+17 3.1162243735880520e+27
4.7256797746521049e-13 9.1535276845386415e+05 3.1423926292420644e+05 1.3724247237999637e+17 3.1703033546304620e+27
4.6177545452852868e-13 9.1724780431224650e+05 3.1483780312115932e+05 1.3812081828524688e+17 3.2260008545688666e+27
4.5122941158391827e-13 9.1915550282418821e+05 3.1543268866754987e+05 1.3900148699938958e+17 3.2834082594344791e+27
4.4092421951325472e-13 9.2107596573252685e+05 3.1602377556957316e+05 1.3988436940777034e+17 3.3424870367039471e+27
4.3085437775639206e-13 9.2300920146088919e+05 3.1661090955698490e+05 1.4076933108969474e+17 3.4033100337378591e+27
4.2101451137516242e-13 9.2495518704756664e+05 3.1719395393726364e+05 1.4165625323789373e+17 3.4659332803796103e+27
4.1139936818441155e-13 9.2691345796985994e+05 3.1777266971225367e+05 1.4254484216093256e+17 3.5305679171835157e+27
4.0200381594855675e-13 9.2888368637533439e+05 3.1834681301070814e+05 1.4343481162322725e+17 3.5971560446687001e+27
3.9282283964218600e-13 9.3086560522709135e+05 3.1891617079892795e+05 1.4432592484117654e+17 3.6656381561984799e+27
3.8385153877319545e-13 9.3285915004633949e+05 3.1948055948237213e+05 1.4521799307343027e+17 3.7362463202176537e+27
3.7508512476708503e-13 9.3486428021389467e+05 3.2003982827611727e+05 1.4611087006525530e+17 3.8089047151406372e+27
3.6651891841097572e-13 9.3688054375838698e+05 3.2059374707109499e+05 1.4700425580743437e+17 3.8836704255492231e+27
3.5814834735600098e-13 9.3890746980761131e+05 3.2114204034826654e+05 1.4789779824565082e+17 3.9608332696818831e+27
3.4996894367675177e-13 9.4094484898133366e+05 3.2168449882902467e+05 1.4879125768826826e+17 4.0402009026335098e+27
3.4197634148644563e-13 9.4299254543213570e+05 3.2222092335350497e+05 1.4968440594190000e+17 4.1220482233795275e+27
3.3416627460656126e-13 9.4505020127420151e+05 3.2275107352974598e+05 1.5057693767248080e+17 4.2061931383875397e+27
3.2653457428970620e-13 9.4711754402819532e+05 3.2327472836572997e+05 1.5146857829457162e+17 4.2929014849358580e+27
3.1907716699447724e-13 9.4919405917225999e+05 3.2379158862524247e+05 1.5235892606134419e+17 4.3821748198947377e+27
3.1179007221113923e-13 9.5127973737656150e+05 3.2430143269917899e+05 1.5324774034110330e+17 4.4740812722340300e+27
3.0466940033697372e-13 9.5337471647734358e+05 3.2480410519540653e+05 1.5413487592232163e+17 4.5688303426807327e+27
2.9771135060013152e-13 9.5547872279693198e+05 3.2529940274084860e+05 1.5502006861526726e+17 4.6663649696363126e+27
2.9091220903091890e-13 9.5759151070829039e+05 3.2578712723299919e+05 1.5590306177472877e+17 4.7668780045506630e+27
2.8426834647940371e-13 9.5971240869577962e+05 3.2626701539680106e+05 1.5678345232585085e+17 4.8703385063439802e+27
2.7777621667829500e-13 9.6184091460887622e+05 3.2673878127300815e+05 1.5766084333880432e+17 4.9768478431987596e+27
2.7143235435007391e-13 9.6397684973054181e+05 3.2720217629681103e+05 1.5853491480605693e+17 5.0865623387793365e+27
2.6523337335734285e-13 9.6612001569408039e+05 3.2765695765422925e+05 1.5940536174145914e+17 5.1995753223201445e+27
2.5917596489541772e-13 9.6827040412141115e+05 3.2810292367078597e+05 1.6027194963903750e+17 5.3158671719364731e+27
2.5325689572620839e-13 9.7042791806144861e+05 3.2853990952403081e+05 1.6113446934352000e+17 5.4356624614786678e+27
2.4747300645241784e-13 9.7259156201924640e+05 3.2896761861287768e+05 1.6199240788749520e+17 5.5590760747456891e+27
2.4182120983117104e-13 9.7476091214899870e+05 3.2938574792727688e+05 1.6284533727059408e+17 5.6861807270664212e+27
2.3629848912614671e-13 9.7693596104569687e+05 3.2979405985762278e+05 1.6369297375598310e+17 5.8168870987084285e+27
2.3090189649734352e-13 9.7911658125158143e+05 3.3019234689481452e+05 1.6453504997926349e+17 5.9515894133993668e+27
2.2562855142762949e-13 9.8130219829164306e+05 3.3058034557900688e+05 1.6537114124972586e+17 6.0901891252490220e+27
2.2047563918521709e-13 9.8349243732192041e+05 3.3095778476148017e+05 1.6620086254948346e+17 6.2329176697759440e+27
2.1544040932125280e-13 9.8568714979584888e+05 3.3132442235420534e+05 1.6702389165411507e+17 6.3800337177016513e+27
2.1052017420172673e-13 9.8788621659324085e+05 3.3168006493291981e+05 1.6783996783267008e+17 6.5313060109491360e+27
2.0571230757290243e-13 9.9008883637969266e+05 3.3202447548175044e+05 1.6864865095717555e+17 6.6869936750761627e+27
2.0101424315950971e-13 9.9229442414013157e+05 3.3235735679328954e+05 1.6944946578151334e+17 6.8473050907330548e+27
1.9642347329496030e-13 9.9450241119946237e+05 3.3267843006410747e+05 1.7024196868449261e+17 7.0122943403586336e+27
1.9193754758283432e-13 9.9671226103627973e+05 3.3298735288318951e+05 1.7102563011898074e+17 7.1820620410629984e+27
1.8755407158894795e-13 9.9892384018207167e+05 3.3328379058927839e+05 1.7180001498648381e+17 7.3567945659838778e+27
1.8327070556328355e-13 1.0011372939606789e+06 3.3356749249154772e+05 1.7256483785359664e+17 7.5364933161526441e+27
1.7908516319110873e-13 1.0033522919770199e+06 3.3383825241922884e+05 1.7331977053795120e+17 7.7215530645956491e+27
1.7499521037262478e-13 1.0055679369389475e+06 3.3409579497769405e+05 1.7406428355831152e+17 7.9120671174386401e+27
1.7099866403047436e-13 1.0077838388147331e+06 3.3433984713179350e+05 1.7479795828501472e+17 8.1079433582109431e+27
1.6709339094449448e-13 1.0099991498916956e+06 3.3457010786407080e+05 1.7552023939718035e+17 8.3094125368262386e+27
1.6327730661307397e-13 1.0122133301206916e+06 3.3478621289381734e+05 1.7623056175194422e+17 8.5166028287104866e+27
1.5954837414051565e-13 1.0144261400218535e+06 3.3498779882753314e+05 1.7692842145283421e+17 8.7299300858547746e+27
1.5590460314981504e-13 1.0166373519394301e+06 3.3517454245562392e+05 1.7761336423153859e+17 8.9490471714901489e+27
1.5234404872026269e-13 1.0188465233153433e+06 3.3534616171265644e+05 1.7828493242754685e+17 9.1746014444902758e+27
1.4886481034931015e-13 1.0210528405495310e+06 3.3550233469325257e+05 1.7894254624091581e+17 9.4065135745102643e+27
1.4546503093815020e-13 1.0232558496966873e+06 3.3564273947946442e+05 1.7958569653654051e+17 9.6448508625724862e+27
1.4214289580045901e-13 1.0254542777597859e+06 3.3576703378890594e+05 1.8021367042937091e+17 9.8897760786622525e+27
1.3889663169377659e-13 1.0276472660326640e+06 3.3587470738241897e+05 1.8082564388103174e+17 1.0141494918608281e+28
1.3572450587301461e-13 1.0298343505030416e+06 3.3596515970205178e+05 1.8142077876177270e+17 1.0400139393844656e+28
1.3262482516557153e-13 1.0320152155801076e+06 3.3603778809560870e+05 1.8199826521367766e+17 1.0666038776579048e+28
1.2959593506757878e-13 1.0341893781667383e+06 3.3609185731889680e+05 1.8255710263974022e+17 1.0938945913200701e+28
1.2663621886078123e-13 1.0363584255829178e+06 3.3612659880317748e+05 1.8309673125048550e+17 1.1220211532121793e+28
1.2374409674958667e-13 1.0385226231747131e+06 3.3614166529930494e+05 1.8361678306424163e+17 1.1509522943848618e+28
1.2091802501782780e-13 1.0406815944201713e+06 3.3613682861625170e+05 1.8411688330165955e+17 1.1807124892564905e+28
1.1815649520477777e-13 1.0428347831567451e+06 3.3611181742578489e+05 1.8459656807054669e+17 1.2113087016742015e+28
1.1545803329998362e-13 1.0449820968982463e+06 3.3606635048966098e+05 1.8505546266193120e+17 1.2428010289883980e+28
1.1282119895649331e-13 1.0471229103085472e+06 3.3600022403110436e+05 1.8549318484857370e+17 1.2752457120495436e+28
1.1024458472204377e-13 1.0492569958562751e+06 3.3591315866663167e+05 1.8590934003019885e+17 1.3085572282127110e+28
1.0772681528781416e-13 1.0513840769267634e+06 3.3580500688638078e+05 1.8630367345231574e+17 1.3428555104392922e+28
1.0526654675433147e-13 1.0535031124723670e+06 3.3567560968927480e+05 1.8667574565899456e+17 1.3781036431460394e+28
1.0286246591414157e-13 1.0556138071500023e+06 3.3552462221496599e+05 1.8702508652229242e+17 1.4143431154962897e+28
1.0051328955086642e-13 1.0577159957099073e+06 3.3535172597151087e+05 1.8735127988994669e+17 1.4516140779498399e+28
9.8217763754265583e-14 1.0598094981947474e+06 3.3515662686451100e+05 1.8765395554111338e+17 1.4898999496785385e+28
9.5974663250940560e-14 1.0618942614788215e+06 3.3493913503006467e+05 1.8793289108665770e+17 1.5292837167203892e+28
9.3782790750328011e-14 1.0639692287706546e+06 3.3469931808997435e+05 1.8818790723400368e+17 1.5697466310443582e+28
9.1640976305625656e-14 1.0660337517269829e+06 3.3443691842377081e+05 1.8841855847466019e+17 1.6113219695984133e+28
8.9548076689313450e-14 1.0680875763525644e+06 3.3415158941965154e+05 1.8862440230162253e+17 1.6540410147084448e+28
8.7502974782940347e-14 1.0701305294806033e+06 3.3384299991209805e+05 1.8880504192080464e+17 1.6979444486342169e+28
8.5504578980841602e-14 1.0721625299965772e+06 3.3351088229129434e+05 1.8896017496477770e+17 1.7430037026553746e+28
8.3551822607479450e-14 1.0741833487473419e+06 3.3315513217915670e+05 1.8908966626099530e+17 1.7893244314126534e+28
8.1643663348086941e-14 1.0761920737327309e+06 3.3277578850029001e+05 1.8919335470386208e+17 1.8368371689777362e+28
7.9779082692314898e-14 1.0781884289664724e+06 3.3237259128939459e+05 1.8927091395647590e+17 1.8856279250748982e+28
7.7957085390588123e-14 1.0801721744505614e+06 3.3194535592854110e+05 1.8932212154321757e+17 1.9357554302015481e+28
7.6176698922872544e-14 1.0821428167510580e+06 3.3149397828553105e+05 1.8934677790254470e+17 1.9871748915614817e+28
7.4436972979579387e-14 1.0841002117356881e+06 3.3101824500638014e+05 1.8934466256757094e+17 2.0399382091451453e+28
7.2736978954321352e-14 1.0860440689542408e+06 3.3051819992523105e+05 1.8931580887715587e+17 2.0940710703737936e+28
7.1075809448253324e-14 1.0879731598996164e+06 3.2999408302930149e+05 1.8926021360190384e+17 2.1496174721032478e+28
6.9452577785735583e-14 1.0898870406733400e+06 3.2944561015473434e+05 1.8917750279892614e+17 2.2065402668331029e+28
6.7866417541055714e-14 1.0917853500745662e+06 3.2887245815233944e+05 1.8906729196958733e+17 2.2648892112847835e+28
6.6316482075959181e-14 1.0936678452260462e+06 3.2827430669957149e+05 1.8892923493365990e+17 2.3246987843678296e+28
6.4801944087744509e-14 1.0955342684606269e+06 3.2765088568321831e+05 1.8876304730635715e+17 2.3859775703383962e+28
6.3321995167676364e-14 1.0973844014510352e+06 3.2700198657464917e+05 1.8856853090823875e+17 2.4487795511476256e+28
6.1875845369483762e-14 1.0992178471228324e+06 3.2632752310424834e+05 1.8834558352990198e+17 2.5130463724278326e+28
6.0462722787715319e-14 1.1010344465099704e+06 3.2562730855451495e+05 1.8809404770746662e+17 2.5790582303320924e+28
5.9081873145721601e-14 1.1028341195866412e+06 3.2490123737381847e+05 1.8781390682389200e+17 2.6465929441055771e+28
5.7732559393047217e-14 1.1046161883137629e+06 3.2414966186720761e+05 1.8750547154368016e+17 2.7157310153802979e+28
5.6414061312020209e-14 1.1063801321116262e+06 3.2337257530075376e+05 1.8716870720167296e+17 2.7864948907730349e+28
5.5125675133322412e-14 1.1081258167573947e+06 3.2256982065627270e+05 1.8680352008606240e+17 2.8589690366675094e+28
5.3866713160343085e-14 1.1098528077465482e+06 3.2174158807425626e+05 1.8641012386223539e+17 2.9329859042248361e+28
5.2636503402109189e-14 1.1115603372102564e+06 3.2088804057414923e+05 1.8598860462102979e+17 3.0087319781820711e+28
5.1434389214598862e-14 1.1132480518803874e+06 3.2000896661987290e+05 1.8553876842682560e+17 3.0861573689131352e+28
5.0259728950248755e-14 1.1149156342220809e+06 3.1910414513568906e+05 1.8506042857831258e+17 3.1653479703747868e+28
4.9111895615462751e-14 1.1165628875414447e+06 3.1817332948837092e+05 1.8455341590653357e+17 3.2462170202692833e+28
4.7990276535945624e-14 1.1181896403626432e+06 3.1721637005089421e+05 1.8401767862893971e+17 3.3288732806694924e+28
4.6894273029677714e-14 1.1197958107192896e+06 3.1623318760881241e+05 1.8345327695810752e+17 3.4132945931365393e+28
4.5823300087358381e-14 1.1213809959458010e+06 3.1522419020222849e+05 1.8286069190895254e+17 3.4995712006191515e+28
4.4776786060149089e-14 1.1229446207517581e+06 3.1418959464879136e+05 1.8224015464915018e+17 3.5875598097124092e+28
4.3754172354546191e-14 1.1244864723096255e+06 3.1312929438005033e+05 1.8159166433181357e+17 3.6774259368874591e+28
4.2754913134222209e-14 1.1260063530006630e+06 3.1204326491709781e+05 1.8091532166203853e+17 3.7690800734965298e+28
4.1778475028678120e-14 1.1275038682125786e+06 3.1093173887998902e+05 1.8021143328404048e+17 3.8625632848906797e+28
4.0824336848547811e-14 1.1289787502969024e+06 3.0979468709391495e+05 1.7948008230031667e+17 3.9579315988061860e+28
3.9891989307404462e-14 1.1304308420598032e+06 3.0863206339917297e+05 1.7872137544491920e+17 4.0550050993869820e+28
3.8980934749921996e-14 1.1318600084285159e+06 3.0744410078210779e+05 1.7793570176388762e+17 4.1540932871934549e+28
3.8090686886242321e-14 1.1332657156017786e+06 3.0623120373043872e+05 1.7712352594293888e+17 4.2549293504365609e+28
3.7220770532411519e-14 1.1346478289056090e+06 3.0499334260780574e+05 1.7628495429672128e+17 4.3576462745723957e+28
3.6370721356742348e-14 1.1360059440431863e+06 3.0373050758982252e+05 1.7542014375117734e+17 4.4621786009150909e+28
3.5540085631969392e-14 1.1373400971409162e+06 3.0244291387674824e+05 1.7452946103002336e+17 4.5685503706615491e+28
3.4728419993065977e-14 1.1386499337107046e+06 3.0113075207609823e+05 1.7361323272338413e+17 4.6767653778150652e+28
3.3935291200589816e-14 1.1399353171077659e+06 2.9979404099776171e+05 1.7267166223104874e+17 4.7868482044410938e+28
3.3160275909435640e-14 1.1411959999234080e+06 2.9843285981100111e+05 1.7170505000389213e+17 4.8985043826621205e+28
3.2402960442867525e-14 1.1424324865959324e+06 2.9704785386354517e+05 1.7071419424591302e+17 5.0124520098682883e+28
3.1662940571711986e-14 1.1436436985508623e+06 2.9563939812514180e+05 1.6969958663228749e+17 5.1279623785172592e+28
3.0939821298595029e-14 1.1448297312963554e+06 2.9420754839438631e+05 1.6866146427080083e+17 5.2452309041793730e+28
3.0233216647105607e-14 1.1459905038559013e+06 2.9275239368188684e+05 1.6760012084771597e+17 5.3641952211454510e+28
2.9542749455774224e-14 1.1471259317352134e+06 2.9127430845780158e+05 1.6651611091195840e+17 5.4850458516879407e+28
2.8868051176757726e-14 1.1482356712045202e+06 2.8977355754739704e+05 1.6540987164749152e+17 5.6074653151835831e+28
2.8208761679120653e-14 1.1493198347154185e+06 2.8825025641277042e+05 1.6428173311033536e+17 5.7317146652973134e+28
2.7564529056609296e-14 1.1503784096876222e+06 2.8670456579952640e+05 1.6313210181253699e+17 5.8575807300168449e+28
2.6935009439816838e-14 1.1514113882694480e+06 2.8513718841704051e+05 1.6196187816759629e+17 5.9850473662501445e+28
2.6319866812637211e-14 1.1524185103663586e+06 2.8354878878118692e+05 1.6077184449431766e+17 6.1141403177510052e+28
2.5718772832910860e-14 1.1533996916288985e+06 2.8193952059908264e+05 1.5956235116575440e+17 6.2448088425039694e+28
2.5131406657167638e-14 1.1543549021500091e+06 2.8030956007850647e+05 1.5833378746015917e+17 6.3769458668415512e+28
2.4557454769370657e-14 1.1552841696593587e+06 2.7865926531680860e+05 1.5708672630703891e+17 6.5106725781615861e+28
2.3996610813572847e-14 1.1561873765060755e+06 2.7698923362411669e+05 1.5582191454853654e+17 6.6456846789034302e+28
2.3448575430394285e-14 1.1570644841555238e+06 2.7529968524192955e+05 1.5453977109266765e+17 6.7821578960832110e+28
2.2913056097234067e-14 1.1579155036908204e+06 2.7359083574010414e+05 1.5324072750960966e+17 6.9198210214158270e+28
2.2389766972132404e-14 1.1587405648549704e+06 2.7186297179890511e+05 1.5192530527120576e+17 7.0590245141630913e+28
2.1878428741197178e-14 1.1595396811815407e+06 2.7011681027905212e+05 1.5059438613653187e+17 7.1994492398069956e+28
2.1378768469516348e-14 1.1603128799671566e+06 2.6835273988168460e+05 1.4924854298500835e+17 7.3409405678350943e+28
2.0890519455474319e-14 1.1610602509269319e+06 2.6657102633820655e+05 1.4788825978841763e+17 7.4835818466786307e+28
2.0413421088395478e-14 1.1617819934812286e+06 2.6477197100415581e+05 1.4651407805276371e+17 7.6274449994774146e+28
1.9947218709439593e-14 1.1624784021804922e+06 2.6295633816311689e+05 1.4512696752028186e+17 7.7721492021449040e+28
1.9491663475673367e-14 1.1631494814035727e+06 2.6112533374518171e+05 1.4372818290246850e+17 7.9177762909243012e+28
1.9046512227246311e-14 1.1637952513600343e+06 2.5927928236074583e+05 1.4231820491649242e+17 8.0643137091714158e+28
1.8611527357600804e-14 1.1644157862851997e+06 2.5741848631202406e+05 1.4089750296319293e+17 8.2113122077018247e+28
1.8186476686645556e-14 1.1650111898726746e+06 2.5554326207218799e+05 1.3946656784672962e+17 8.3595175135740065e+28
1.7771133336825583e-14 1.1655816118748737e+06 2.5365406878251769e+05 1.3802601510633702e+17 8.5079259540086268e+28
1.7365275612023216e-14 1.1661271763527717e+06 2.5175133484804528e+05 1.3657642565702875e+17 8.6572152591042980e+28
1.6968686879223694e-14 1.1666480763382034e+06 2.4983539818199305e+05 1.3511831058789398e+17 8.8068251202998762e+28
1.6581155452884349e-14 1.1671446047876042e+06 2.4790661559838429e+05 1.3365220973789883e+17 8.9568121628078523e+28
1.6202474481943860e-14 1.1676169894923300e+06 2.4596540845110544e+05 1.3217874337903243e+17 9.1071821901272576e+28
1.5832441839412017e-14 1.1680657654541712e+06 2.4401302061594772e+05 1.3069920151844134e+17 9.2577273660060305e+28
1.5470860014481690e-14 1.1684910630318415e+06 2.4205020459827594e+05 1.2921438989329381e+17 9.4083309435497302e+28
1.5117536007103770e-14 1.1688930627038227e+06 2.4007733018590734e+05 1.2772479659423698e+17 9.5590445289776286e+28
1.4772281224970779e-14 1.1692720023128763e+06 2.3809477392436215e+05 1.2623091838916235e+17 9.7097393222962238e+28
1.4434911382852522e-14 1.1696281556662035e+06 2.3610292995767310e+05 1.2473327384525266e+17 9.8602585615956557e+28
1.4105246404230745e-14 1.1699618602422972e+06 2.3410243849789273e+05 1.2323258031324304e+17 1.0010444178223678e+29
1.3783110325180794e-14 1.1702733970122696e+06 2.3209382100703279e+05 1.2172943668737365e+17 1.0160478811002423e+29
1.3468331200447878e-14 1.1705630556313749e+06 2.3007746994766319e+05 1.2022433732086603e+17 1.0309855002915123e+29
1.3160741011668400e-14 1.1708312174538150e+06 2.2805378762799190e+05 1.1871778966302768e+17 1.0458796630536540e+29
1.2860175577687812e-14 1.1710783098787048e+06 2.2602319080082412e+05 1.1721032305501733e+17 1.0607047146099994e+29
1.2566474466926146e-14 1.1713049042240218e+06 2.2398652757412969e+05 1.1570281921843206e+17 1.0754779140098961e+29
1.2279480911744954e-14 1.1715114224964459e+06 2.2194471082003633e+05 1.1419615594026053e+17 1.0901532755239687e+29
1.1999041724770400e-14 1.1716982345597786e+06 2.1989814965291964e+05 1.1269079715220232e+17 1.1047365701839968e+29
1.1725007217126900e-14 1.1718657479354141e+06 2.1784725873852865e+05 1.1118721380360888e+17 1.1192257462039787e+29
1.1457231118538169e-14 1.1720144663340948e+06 2.1579246107372583e+05 1.0968588811367342e+17 1.1335979651216196e+29
1.1195570499253468e-14 1.1721449745258715e+06 2.1373433432724749e+05 1.0818743664544088e+17 1.1478347967064408e+29
1.0939885693756198e-14 1.1722578922701697e+06 2.1167403331245633e+05 1.0669288895095861e+17 1.1619863815050969e+29
1.0690040226215535e-14 1.1723537127818121e+06 2.0961207735727247e+05 1.0520273983668946e+17 1.1759901446792353e+29
1.0445900737640148e-14 1.1724326201956666e+06 2.0754883824454414e+05 1.0371736558573138e+17 1.1898153614043501e+29
1.0207336914695582e-14 1.1724953435036957e+06 2.0548463452671460e+05 1.0223710766568488e+17 1.2034948709964738e+29
9.9742214201477500e-15 1.1725423358358648e+06 2.0341988050836459e+05 1.0076238610572982e+17 1.2169972539349497e+29
9.7464298248943204e-15 1.1725742776684989e+06 2.0135522259030415e+05 9.9293799351362848e+16 1.2303374662304316e+29
9.5238405415489943e-15 1.1725917583204375e+06 1.9929140011038468e+05 9.7831985903445968e+16 1.2434974574107724e+29
9.3063347595421789e-15 1.1725953548244613e+06 1.9722882325313819e+05 9.6377323941249376e+16 1.2564564073144870e+29
9.0937963817038467e-15 1.1725856868390951e+06 1.9516800184858876e+05 9.4930266117273856e+16 1.2692185352590686e+29
8.8861119622950472e-15 1.1725633730377567e+06 1.9310943980353183e+05 9.3491247836919312e+16 1.2817421301851124e+29
8.6831706464543330e-15 1.1725290871652095e+06 1.9105354474092240e+05 9.2060632763633216e+16 1.2940774916815694e+29
8.4848641110271021e-15 1.1724835801857316e+06 1.8900099099398509e+05 9.0638978936053408e+16 1.3061722739037907e+29
8.2910865067466053e-15 1.1724275505222813e+06 1.8695240098612508e+05 8.9226778501616752e+16 1.3180367555939167e+29
8.1017344017351153e-15 1.1723616978717789e+06 1.8490817503660871e+05 8.7824359233857248e+16 1.3296673498253148e+29
7.9167067262954120e-15 1.1722868384657511e+06 1.8286904705024688e+05 8.6432285842443456e+16 1.3410422167642454e+29
7.7359047189634282e-15 1.1722036658188915e+06 1.8083570284862991e+05 8.5051052086649328e+16 1.3521482100563793e+29
7.5592318737926421e-15 1.1721128201457066e+06 1.7880851407068665e+05 8.3680913052973632e+16 1.3630097152772205e+29
7.3865938888424051e-15 1.1720149309879357e+06 1.7678779568498346e+05 8.2322078754384896e+16 1.3735934788844039e+29
7.2178986158429975e-15 1.1719106902500712e+06 1.7477384985469005e+05 8.0974752823322016e+16 1.3839120038859489e+29
7.0530560110097832e-15 1.1718008480680096e+06 1.7276703670534576e+05 7.9639179917706720e+16 1.3939415456564258e+29
6.8919780869811397e-15 1.1716862603257410e+06 1.7076790354618433e+05 7.8315736709102160e+16 1.4036916992260359e+29
6.7345788658535760e-15 1.1715677581776017e+06 1.6877717276230588e+05 7.7004892166400752e+16 1.4131359353643101e+29
6.5807743332898606e-15 1.1714460182988225e+06 1.6679518954226750e+05 7.5706836203273456e+16 1.4222912551829941e+29
6.4304823936749431e-15 1.1713217496848772e+06 1.6482223959550829e+05 7.4421710704404176e+16 1.4311404931675149e+29
6.2836228262960381e-15 1.1711956565989624e+06 1.6285848097051386e+05 7.3149573224878256e+16 1.4396871707393895e+29
6.1401172425237023e-15 1.1710685513951275e+06 1.6090421057204957e+05 7.1890579502975224e+16 1.4479302030666083e+29
5.9998890439705759e-15 1.1709412787104584e+06 1.5895976122774248e+05 7.0644909991075264e+16 1.4558590618586599e+29
5.8628633816057044e-15 1.1708147940762590e+06 1.5702571577854830e+05 6.9412903552879968e+16 1.4634464110860770e+29
5.7289671158028247e-15 1.1706899282515137e+06 1.5510245673435790e+05 6.8194745607635880e+16 1.4707542426424171e+29
5.5981287773008504e-15 1.1705675083990190e+06 1.5319026837984429e+05 6.6990551180724808e+16 1.4777043421856055e+29
5.4702785290559493e-15 1.1704484027666505e+06 1.5128947594573390e+05 6.5800458612756840e+16 1.4843321216532419e+29
5.3453481289650542e-15 1.1703334722354917e+06 1.4940040074358566e+05 6.4624595274249688e+16 1.4906743313711459e+29
5.2232708934404756e-15 1.1702235797819032e+06 1.4752330172796352e+05 6.3463042426898040e+16 1.4967171551447580e+29
5.1039816618164203e-15 1.1701195887523231e+06 1.4565842070170655e+05 6.2315866134482736e+16 1.5023098902483444e+29
4.9874167615685985e-15 1.1700223989450089e+06 1.4380595905465362e+05 6.1183104567680616e+16 1.5076162433166115e+29
4.8735139743278304e-15 1.1699329417777858e+06 1.4196614716586561e+05 6.0064813307328456e+16 1.5126166004722259e+29
4.7622125026701672e-15 1.1698521734900651e+06 1.4013921435658744e+05 5.8961045580457000e+16 1.5172605887212190e+29
4.6534529376651431e-15 1.1697811268244421e+06 1.3832549540123943e+05 5.7871918060597144e+16 1.5215817664454747e+29
4.5471772271654456e-15 1.1697207708748998e+06 1.3652528560554929e+05 5.6797511446514408e+16 1.5255764042597691e+29
4.4433286448206034e-15 1.1696721766235768e+06 1.3473878743206509e+05 5.5737844065023992e+16 1.5292526701200251e+29
4.3418517597983386e-15 1.1696360614771200e+06 1.3296620373480441e+05 5.4692932248549888e+16 1.5325930874808275e+29
4.2426924071975897e-15 1.1696137270949341e+06 1.3120776795719186e+05 5.3662807081493496e+16 1.5356047465488479e+29
4.1457976591370770e-15 1.1696060983951536e+06 1.2946366524549150e+05 5.2647465533582200e+16 1.5382919966580609e+29
4.0511157965041552e-15 1.1696142037049138e+06 1.2773406588849980e+05 5.1646893374247736e+16 1.5406513503146438e+29
3.9585962813490184e-15 1.1696391014763641e+06 1.2601914018964741e+05 5.0661073831094624e+16 1.5426886985556937e+29
3.8681897299092095e-15 1.1696818048716474e+06 1.2431905765590319e+05 4.9689986946412760e+16 1.5444255467202078e+29
3.7798478862502085e-15 1.1697435459921050e+06 1.2263396406104967e+05 4.8733596213475264e+16 1.5458392303280688e+29
3.6935235965081540e-15 1.1698252862029597e+06 1.2096399938630532e+05 4.7791860587618736e+16 1.5469328450468439e+29
3.6091707837206704e-15 1.1699282034204307e+06 1.1930937213820036e+05 4.6864776633776200e+16 1.5477199375221953e+29
3.5267444232325131e-15 1.1700534050426222e+06 1.1767024922446013e+05 4.5952309902090992e+16 1.5481785538064555e+29
3.4462005186630304e-15 1.1702019983286229e+06 1.1604674391256309e+05 4.5054391699980272e+16 1.5483949390714717e+29
3.3674960784223519e-15 1.1703750834786361e+06 1.1443895083359834e+05 4.4170939417486056e+16 1.5482552239791609e+29
3.2905890927639030e-15 1.1705737254917931e+06 1.1284685072397001e+05 4.3301805521335832e+16 1.5478502274638888e+29
3.2154385113611301e-15 1.1707992486974208e+06 1.1127050093261800e+05 4.2446889559251504e+16 1.5471515676157051e+29
3.1420042213961282e-15 1.1710526985218236e+06 1.0970998483893911e+05 4.1606104300136824e+16 1.5461943703399063e+29
3.0702470261488918e-15 1.1713353009248406e+06 1.0816535452167054e+05 4.0779342042643608e+16 1.5448892960538172e+29
3.0001286240753394e-15 1.1716482827107608e+06 1.0663651301594506e+05 3.9966414544167536e+16 1.5433545591386221e+29
2.9316115883633456e-15 1.1719929589390324e+06 1.0512349179224826e+05 3.9167210165800464e+16 1.5415474234473432e+29
2.8646593469555428e-15 1.1723706449345329e+06 1.0362634969512193e+05 3.8381632341123360e+16 1.5394560659768786e+29
2.7992361630283719e-15 1.1727826697484101e+06 1.0214512730088798e+05 3.7609572371157456e+16 1.5371129398378374e+29
2.7353071159170559e-15 1.1732304238497673e+06 1.0067982773714633e+05 3.6850903125913976e+16 1.5345199166463533e+29
2.6728380824761013e-15 1.1737153192776151e+06 9.9230481132033907e+04 3.6105512572770888e+16 1.5316783413016157e+29
2.6117957188654957e-15 1.1742388018239820e+06 9.7797119862233172e+04 3.5373290187248132e+16 1.5285898908229342e+29
2.5521474427529691e-15 1.1748023483104925e+06 9.6379786817774118e+04 3.4654131826246928e+16 1.5252532317728989e+29
2.4938614159226217e-15 1.1754074167892870e+06 9.4978620594148684e+04 3.3947980974227872e+16 1.5217141799154283e+29
2.4369065272807395e-15 1.1760554605206244e+06 9.3593658235628143e+04 3.3254722888235328e+16 1.5179532799089766e+29
2.3812523762498158e-15 1.1767479218728766e+06 9.2224906614617605e+04 3.2574225704761372e+16 1.5139474854710915e+29
2.3268692565417277e-15 1.1774862535311771e+06 9.0872347992114184e+04 3.1906342291712536e+16 1.5097664333417479e+29
2.2737281403015041e-15 1.1782720340804437e+06 8.9535702461517794e+04 3.1250794445579272e+16 1.5053679389543444e+29
2.2218006626133126e-15 1.1791069358183728e+06 8.8214870692093988e+04 3.0607407774376888e+16 1.5007894658224570e+29
2.1710591063601611e-15 1.1799926756682522e+06 8.6909841332732976e+04 2.9976054038401552e+16 1.4959893457626922e+29
2.1214763874295099e-15 1.1809309762860148e+06 8.5620598346182465e+04 2.9356603249354144e+16 1.4910040426942131e+29
2.0730260402566669e-15 1.1819235810525778e+06 8.4347147823215739e+04 2.8748936856070980e+16 1.4858732284930001e+29
2.0256822036983470e-15 1.1829722713940297e+06 8.3089481586478840e+04 2.8152927967933192e+16 1.4805261476360015e+29
1.9794196072289361e-15 1.1840788471205009e+06 8.1847568659501107e+04 2.7568438408967392e+16 1.4750767611339909e+29
1.9342135574518784e-15 1.1852451295133848e+06 8.0621374017621303e+04 2.6995327979775972e+16 1.4694136971978934e+29
1.8900399249192402e-15 1.1864729992663611e+06 7.9410802711063036e+04 2.6433426998082584e+16 1.4636274673162373e+29
1.8468751312522100e-15 1.1877644791046020e+06 7.8215694840453099e+04 2.5882539533951180e+16 1.4577211968559683e+29
1.8046961365557400e-15 1.1891215985239909e+06 7.7036000828107441e+04 2.5342525795743184e+16 1.4516536127741246e+29
1.7634804271206827e-15 1.1905463782590129e+06 7.5871670627160696e+04 2.4813246139620116e+16 1.4454830488900051e+29
1.7232060034067163e-15 1.1920409432802803e+06 7.4722640413381785e+04 2.4294554565737456e+16 1.4391727671658757e+29
1.6838513682997199e-15 1.1936075446550250e+06 7.3588735341590538e+04 2.3786255152997112e+16 1.4327327031515977e+29
1.6453955156373893e-15 1.1952484829312202e+06 7.2469865466258445e+04 2.3288197263926648e+16 1.4262389258368698e+29
1.6078179189968424e-15 1.1969661359897214e+06 7.1365968684652806e+04 2.2800244617301148e+16 1.4195948156536555e+29
1.5710985207382948e-15 1.1987630112057002e+06 7.0276979435068177e+04 2.2322260997663380e+16 1.4128215544259487e+29
1.5352177212990160e-15 1.2006410395264998e+06 6.9202912200452571e+04 2.1854148688111444e+16 1.4060750504438160e+29
1.5001563687317299e-15 1.2026029228266170e+06 6.8143824799831214e+04 2.1395824666331876e+16 1.3991770353001099e+29
1.4658957484819409e-15 1.2046509077500969e+06 6.7099642728717226e+04 2.0947144666405460e+16 1.3922609514088453e+29
1.4324175733987857e-15 1.2067874402136556e+06 6.6070286997926465e+04 2.0507962762388324e+16 1.3852624392167325e+29
1.3997039739739272e-15 1.2090149768416563e+06 6.5055663661483100e+04 2.0078125548937976e+16 1.3782239957934123e+29
1.3677374888034679e-15 1.2113365006603363e+06 6.4055456148864214e+04 1.9657384897581520e+16 1.3711265654713431e+29
1.3365010552676013e-15 1.2137549854385820e+06 6.3069491693750213e+04 1.9245565332864772e+16 1.3640074666146730e+29
1.3059780004232072e-15 1.2162732918413086e+06 6.2097685424893803e+04 1.8842531738531120e+16 1.3568165337735045e+29
1.2761520321043861e-15 1.2188944163326609e+06 6.1139950238798294e+04 1.8448149072114928e+16 1.3496395370669218e+29
1.2470072302262402e-15 1.2216213702016547e+06 6.0196191140523159e+04 1.8062279862126452e+16 1.3424206473154971e+29
1.2185280382873081e-15 1.2244573126835525e+06 5.9266291248186317e+04 1.7684779051150948e+16 1.3351620728679717e+29
1.1906992550660171e-15 1.2274054672126633e+06 5.8350155004558626e+04 1.7315512280302926e+16 1.3279332753755721e+29
1.1635060265067758e-15 1.2304691343436181e+06 5.7447688651943936e+04 1.6954347063182908e+16 1.3207347947839279e+29
1.1369338377914151e-15 1.2336515096084778e+06 5.6558796860374008e+04 1.6601151064420292e+16 1.3134588072125026e+29
1.1109685055916584e-15 1.2369562223271928e+06 5.5683352655384762e+04 1.6255779237214838e+16 1.3062227543480011e+29
1.0855961704985305e-15 1.2403869639532338e+06 5.4821196995356935e+04 1.5918076878287940e+16 1.2990302264792995e+29
1.0608032896247057e-15 1.2439474007434011e+06 5.3972228650087534e+04 1.5587914551312012e+16 1.2918657532367360e+29
1.0365766293757621e-15 1.2476412395044235e+06 5.3136347786733371e+04 1.5265164023717422e+16 1.2846713269322034e+29
1.0129032583865274e-15 1.2514722458529191e+06 5.2313453158577664e+04 1.4949696169234672e+16 1.2775703241380887e+29
9.8977054061878349e-16 1.2554449065017039e+06 5.1503282984886624e+04 1.4641317521690748e+16 1.2704972450539461e+29
9.6716612861656596e-16 1.2595646670236725e+06 5.0705476965379938e+04 1.4339806643607132e+16 1.2634725044664172e+29
9.4507795691550233e-16 1.2638361591828046e+06 4.9919932876889485e+04 1.4045049124788100e+16 1.2564657359408423e+29
9.2349423560270548e-16 1.2682641209501466e+06 4.9146551602845735e+04 1.3756933054734154e+16 1.2495242990876463e+29
9.0240344402369017e-16 1.2728534693623835e+06 4.8385233298459389e+04 1.3475347668218184e+16 1.2426823299985661e+29
8.8179432463306952e-16 1.2776090253931140e+06 4.7635923013028376e+04 1.3200200871387090e+16 1.2358427001067552e+29
8.6165587698563285e-16 1.2825353350749116e+06 4.6898602653499125e+04 1.2931412361639632e+16 1.2291179162621037e+29
8.4197735186470735e-16 1.2876374994013596e+06 4.6173163974024203e+04 1.2668865908619340e+16 1.2224815272988448e+29
8.2274824554458266e-16 1.2929219556918319e+06 4.5459325978284323e+04 1.2412382336134932e+16 1.2159301964496616e+29
8.0395829418396960e-16 1.2983950141352655e+06 4.4756907624435538e+04 1.2161826805337730e+16 1.2094285933547471e+29
