1.3034450456442319e-13 1.0998569261693913e+06 3.6125536740657070e+05 2.2399716727921286e+17 1.4043265113896031e+28
1.2736769250295522e-13 1.1022643544862259e+06 3.6155593631343445e+05 2.2501638662177818e+17 1.4381085836661534e+28
1.2445886497277978e-13 1.1046680152154618e+06 3.6183615297484276e+05 2.2601373076332246e+17 1.4728688080933469e+28
1.2161646934094502e-13 1.1070677409865444e+06 3.6209558186305745e+05 2.2698847927903254e+17 1.5086460071229313e+28
1.1883898843358280e-13 1.1094634502007682e+06 3.6233383775090671e+05 2.2794000393923366e+17 1.5455025777035627e+28
1.1612493972609140e-13 1.1118546634005853e+06 3.6255061923616711e+05 2.2886768472200688e+17 1.5835009614574361e+28
1.1347287455181307e-13 1.1142403498247780e+06 3.6274551648770150e+05 2.2977061102685267e+17 1.6225824649621100e+28
1.1088137732878848e-13 1.1166203664206867e+06 3.6291810595294723e+05 2.3064809176909133e+17 1.6628280113046058e+28
1.0834906480416357e-13 1.1189946847618001e+06 3.6306802089192567e+05 2.3149954799886320e+17 1.7042459169745568e+28
1.0587458531585960e-13 1.1213632779510154e+06 3.6319502945372614e+05 2.3232458740636630e+17 1.7469296183325611e+28
1.0345661807110061e-13 1.1237245842750492e+06 3.6329894788837858e+05 2.3312245792408752e+17 1.7908485586546477e+28
1.0109387244141800e-13 1.1260780264096579e+06 3.6337936131031433e+05 2.3389237418862912e+17 1.8360668190427198e+28
9.8785087273759645e-14 1.1284235515192084e+06 3.6343587339471723e+05 2.3463371411158141e+17 1.8825604680564876e+28
9.6529030217328091e-14 1.1307611605959686e+06 3.6346816349264112e+05 2.3534599945348003e+17 1.9304403573003161e+28
9.4324497065792540e-14 1.1330906528164011e+06 3.6347612631651183e+05 2.3602897803044989e+17 1.9796948186245135e+28
9.2170311114527357e-14 1.1354102171457170e+06 3.6345968003808073e+05 2.3668195828782720e+17 2.0304150355180276e+28
9.0065322532524111e-14 1.1377194421339862e+06 3.6341841598760820e+05 2.3730423188607283e+17 2.0825272232536096e+28
8.8008407748653749e-14 1.1400182269148224e+06 3.6335194925709610e+05 2.3789521049258992e+17 2.1361509169874315e+28
8.5998468851941389e-14 1.1423065918026057e+06 3.6325997086748603e+05 2.3845445355478070e+17 2.1912862954821343e+28
8.4034433005537854e-14 1.1445845753927203e+06 3.6314239145537250e+05 2.3898182854722048e+17 2.2480241681326355e+28
8.2115251874078126e-14 1.1468502158930688e+06 3.6299942683147558e+05 2.3947700056497878e+17 2.3063155328894219e+28
8.0239901064114556e-14 1.1491026429393545e+06 3.6283073238888825e+05 2.3993924249208410e+17 2.3662314554142178e+28
7.8407379577329547e-14 1.1513416517870820e+06 3.6263588983793347e+05 2.4036790475980582e+17 2.4276389474325416e+28
7.6616709276239171e-14 1.1535670601138023e+06 3.6241452213184204e+05 2.4076242581606019e+17 2.4910319080242746e+28
7.4866934362094120e-14 1.1557788380360750e+06 3.6216633735017374e+05 2.4112241074612874e+17 2.5560079534028336e+28
7.3157120864709113e-14 1.1579765684650175e+06 3.6189136865505250e+05 2.4144778213108570e+17 2.6227737766243127e+28
7.1486356143940540e-14 1.1601585151162688e+06 3.6158973022655264e+05 2.4173815872202218e+17 2.6913031378049014e+28
6.9853748402549340e-14 1.1623242449399645e+06 3.6126100814874499e+05 2.4199286831876957e+17 2.7616608766762122e+28
6.8258426210191922e-14 1.1644734380262704e+06 3.6090479156083794e+05 2.4221129450611712e+17 2.8338632988031144e+28
6.6699538038279346e-14 1.1666058629904187e+06 3.6052070543769887e+05 2.4239290143257082e+17 2.9079761724831475e+28
6.5176251805459642e-14 1.1687214050509103e+06 3.6010844066681457e+05 2.4253728837146083e+17 2.9840598910470427e+28
6.3687754433483073e-14 1.1708198280266412e+06 3.5966796934074047e+05 2.4264439710258691e+17 3.0620667377843884e+28
6.2233251413206546e-14 1.1728995988223548e+06 3.5919956966749125e+05 2.4271414822496906e+17 3.1421491442192570e+28
6.0811966380513527e-14 1.1749601594927537e+06 3.5870288678558095e+05 2.4274595678393526e+17 3.2242023731310647e+28
5.9423140701916598e-14 1.1770011476614508e+06 3.5817752299863897e+05 2.4273925647294739e+17 3.3083353027637823e+28
5.8066033069624018e-14 1.1790222690581623e+06 3.5762310979075584e+05 2.4269355083352666e+17 3.3945956762345279e+28
5.6739919105856401e-14 1.1810233132671763e+06 3.5703932361138100e+05 2.4260844346795299e+17 3.4830021019962377e+28
5.5444090976197747e-14 1.1829979400611988e+06 3.5642593438252981e+05 2.4248372590535878e+17 3.5736126940777268e+28
5.4177857011776965e-14 1.1849643037853423e+06 3.5578330569350091e+05 2.4231973925407027e+17 3.6665243352529156e+28
5.2940541340079946e-14 1.1869022749252880e+06 3.5511160722459457e+05 2.4211639162297258e+17 3.7615765371587770e+28
5.1731483524191169e-14 1.1888177180677312e+06 3.5441046537375380e+05 2.4187318126780230e+17 3.8589354563858151e+28
5.0550038210274379e-14 1.1907102479350828e+06 3.5367952320385486e+05 2.4158965486947658e+17 3.9585749684241936e+28
4.9395574783106182e-14 1.1925795491010495e+06 3.5291844833862310e+05 2.4126542280978198e+17 4.0605330438191984e+28
4.8267477029473483e-14 1.1944253676509536e+06 3.5212694755926071e+05 2.4090018678684080e+17 4.1647509994391859e+28
4.7165142809261315e-14 1.1962476088332867e+06 3.5130480299697578e+05 2.4049380626908813e+17 4.2717139057380167e+28
4.6087983734050369e-14 1.1980458917840824e+06 3.5045231480192201e+05 2.4004671368888845e+17 4.3809902210052465e+28
4.5035424853054727e-14 1.1998190143019040e+06 3.4956995449275966e+05 2.3955926701817526e+17 4.4926525137474344e+28
4.4006904346233925e-14 1.2015665254680510e+06 3.4865742019799777e+05 2.3903111935609165e+17 4.6066994346928655e+28
4.3001873224411935e-14 1.2032880394022558e+06 3.4771440946570178e+05 2.3846195933562730e+17 4.7233932765481258e+28
4.2019795036245003e-14 1.2049832252692536e+06 3.4674064086749434e+05 2.3785153385051117e+17 4.8425119515834771e+28
4.1060145581883383e-14 1.2066518220603550e+06 3.4573586364884127e+05 2.3719966675226298e+17 4.9642338771409698e+28
4.0122412633170009e-14 1.2082936642773198e+06 3.4469987648536160e+05 2.3650629406273226e+17 5.0885492690746307e+28
3.9206095660231701e-14 1.2099087842299123e+06 3.4363259185529116e+05 2.3577157546707846e+17 5.2154940001755245e+28
3.8310705564312932e-14 1.2114965791111442e+06 3.4253488919816696e+05 2.3499663476214477e+17 5.3451058776732017e+28
3.7435764416711054e-14 1.2130562729871902e+06 3.4140716458715778e+05 2.3418189860775344e+17 5.4773045996458482e+28
3.6580805203675266e-14 1.2145871234615420e+06 3.4024919100143953e+05 2.3332721801037757e+17 5.6119333323395614e+28
3.5745371577130082e-14 1.2160891752952931e+06 3.3906075774789060e+05 2.3243249257380816e+17 5.7492348438551147e+28
3.4929017611091854e-14 1.2175619734006501e+06 3.3784167553398985e+05 2.3149768071721254e+17 5.8892092175099244e+28
3.4131307563649586e-14 1.2190053195587886e+06 3.3659178461127583e+05 2.3052281552198118e+17 6.0318648781168968e+28
3.3351815644380291e-14 1.2204190881425200e+06 3.3531096998459427e+05 2.2950803336750208e+17 6.1771320059403951e+28
3.2590125787076211e-14 1.2218033331926693e+06 3.3399919793117390e+05 2.2845364150217734e+17 6.3252062710964380e+28
3.1845831427663766e-14 1.2231581243366268e+06 3.3265711124861753e+05 2.2736076333232864e+17 6.4759421751253491e+28
3.1118535287192496e-14 1.2244825395868444e+06 3.3128614561894652e+05 2.2623109216334157e+17 6.6292254120698184e+28
3.0407849159781986e-14 1.2257761921683135e+06 3.2988627497868525e+05 2.2506477261566806e+17 6.7850236978884472e+28
2.9713393705410436e-14 1.2270387566185060e+06 3.2845740141138015e+05 2.2386190961664861e+17 6.9436482607253996e+28
2.9034798247435492e-14 1.2282699477354703e+06 3.2699944392153458e+05 2.2262265528232563e+17 7.1046579367451664e+28
2.8371700574740582e-14 1.2294695558904049e+06 3.2551234301592241e+05 2.2134721802882163e+17 7.2682050789152680e+28
2.7723746748398006e-14 1.2306374396292157e+06 3.2399606758644286e+05 2.2003587586361242e+17 7.4344722402764496e+28
2.7090590912749222e-14 1.2317735508477069e+06 3.2245062791000941e+05 2.1868900082621216e+17 7.6032159760206819e+28
2.6471895110798524e-14 1.2328779992942309e+06 3.2087610501551902e+05 2.1730711325449018e+17 7.7744934923763300e+28
2.5867329103822819e-14 1.2339511446582985e+06 3.1927305994509574e+05 2.1589136492889878e+17 7.9483605513581332e+28
2.5276570195102104e-14 1.2349925385179308e+06 3.1764360970768763e+05 2.1444435306299795e+17 8.1244685939030763e+28
2.4699303057674619e-14 1.2360017894139215e+06 3.1598811194965820e+05 2.1296669594856061e+17 8.3030679648164322e+28
2.4135219566025775e-14 1.2369786452150426e+06 3.1430661491349700e+05 2.1145872009367011e+17 8.4838314113125116e+28
2.3584018631621879e-14 1.2379228900966221e+06 3.1259918041998876e+05 2.0992078752093018e+17 8.6668765312432359e+28
2.3045406042199010e-14 1.2388343611448070e+06 3.1086588618173002e+05 2.0835330044450118e+17 8.8521613438440149e+28
2.2519094304722283e-14 1.2397129345736883e+06 3.0910682951366185e+05 2.0675670840192682e+17 9.0396479411920356e+28
2.2004802491932525e-14 1.2405585604873924e+06 3.0732213229468599e+05 2.0513151795579558e+17 9.2289624741542782e+28
2.1502256092396139e-14 1.2413713058309641e+06 3.0551195155454200e+05 2.0347831229830701e+17 9.4206090170455153e+28
2.1011186863980902e-14 1.2421513448352432e+06 3.0367650084295851e+05 2.0179779072245856e+17 9.6142013050636902e+28
2.0531332690677177e-14 1.2428991807140789e+06 3.0181625517262315e+05 2.0009103524902298e+17 9.8097494043318171e+28
2.0062437442689093e-14 1.2436150007939853e+06 2.9993369410860568e+05 1.9836112321285885e+17 1.0007156747029691e+29
1.9604250839721682e-14 1.2442985648031721e+06 2.9802975119487132e+05 1.9660930401579946e+17 1.0206139039313438e+29
1.9156528317389540e-14 1.2449497240673229e+06 2.9610463521946379e+05 1.9483609044730010e+17 1.0406480657256216e+29
1.8719030896676474e-14 1.2455683648608839e+06 2.9415856454402604e+05 1.9304201666086883e+17 1.0608717801830715e+29
1.8291525056377185e-14 1.2461543941555936e+06 2.9219176788130816e+05 1.9122763985209670e+17 1.0812357177617962e+29
1.7873782608451008e-14 1.2467078295888556e+06 2.9020448559529358e+05 1.8939354284726986e+17 1.1017099953615947e+29
1.7465580576223436e-14 1.2472284901439110e+06 2.8819697140077490e+05 1.8754033749612819e+17 1.1222958215342533e+29
1.7066701075368561e-14 1.2477166019528983e+06 2.8616949552038731e+05 1.8566867069673322e+17 1.1429962835879614e+29
1.6676931197609617e-14 1.2481722612670294e+06 2.8412234975265316e+05 1.8377923396562758e+17 1.1638181565122495e+29
1.6296062897076247e-14 1.2485956744626614e+06 2.8205585819888668e+05 1.8187278325129142e+17 1.1847120109953356e+29
1.5923892879256492e-14 1.2489872549786766e+06 2.7997040867584676e+05 1.7995019640283754e+17 1.2057109723159836e+29
1.5560222492484907e-14 1.2493477191330979e+06 2.7786765806571819e+05 1.7801367588425766e+17 1.2267647260408523e+29
1.5204857621909482e-14 1.2496772483648167e+06 2.7574942150017136e+05 1.7606536305677616e+17 1.2478706966666514e+29
1.4857608585879548e-14 1.2499762982121119e+06 2.7361604887924116e+05 1.7410589109116301e+17 1.2689162794042172e+29
1.4518290034700000e-14 1.2502436551797441e+06 2.7146789224250353e+05 1.7213589963457283e+17 1.2901588183550880e+29
1.4186720851698373e-14 1.2504806991631105e+06 2.6930530997381627e+05 1.7015603930299206e+17 1.3113596541537868e+29
1.3862724056550466e-14 1.2506870961489459e+06 2.6712866719828377e+05 1.6816697263460026e+17 1.3325032408163976e+29
1.3546126710814688e-14 1.2508630805685692e+06 2.6493833660305443e+05 1.6616937582945862e+17 1.3536531018004994e+29
1.3236759825623229e-14 1.2510087968872730e+06 2.6273469921919052e+05 1.6416394053615805e+17 1.3747620244016968e+29
1.2934458271481416e-14 1.2511245626742505e+06 2.6051814691150846e+05 1.6215137861735130e+17 1.3958294522856314e+29
1.2639060690127591e-14 1.2512106937186960e+06 2.5828908526797907e+05 1.6013242784890797e+17 1.4168271099497848e+29
1.2350409408405148e-14 1.2512676285419499e+06 2.5604793988418757e+05 1.5810786381436067e+17 1.4377704780040734e+29
1.2068350354102353e-14 1.2512959501282400e+06 2.5379517095461098e+05 1.5607852703888387e+17 1.4586348947663452e+29
1.1792732973713671e-14 1.2512965828566169e+06 2.5153154672655143e+05 1.5404562749130253e+17 1.4794154122311342e+29
1.1523410152079321e-14 1.2512707707605383e+06 2.4926005563375435e+05 1.5201242167611318e+17 1.5000724443357222e+29
1.1260238133860496e-14 1.2512189012439060e+06 2.4698181995920112e+05 1.4998017177939658e+17 1.5205779046323601e+29
1.1003076446807520e-14 1.2511412426172220e+06 2.4469729556996023e+05 1.4794949169250646e+17 1.5409666748401329e+29
1.0751787826780414e-14 1.2510380873802807e+06 2.4240693982017829e+05 1.4592099347402742e+17 1.5611763389034219e+29
1.0506238144482260e-14 1.2509097482585288e+06 2.4011120673752984e+05 1.4389528037680741e+17 1.5811973934208622e+29
1.0266296333865410e-14 1.2507565866661805e+06 2.3781055654786719e+05 1.4187296148294995e+17 1.6010202033132602e+29
1.0031834322172771e-14 1.2505789718347557e+06 2.3550544616316888e+05 1.3985463777121750e+17 1.6206333306311292e+29
9.8027269615772023e-15 1.2503773308007468e+06 2.3319633420891047e+05 1.3784091011083680e+17 1.6400354456227126e+29
9.5788519623817244e-15 1.2501521191938177e+06 2.3088368055230047e+05 1.3583237913393315e+17 1.6591974287498330e+29
9.3600898277453490e-15 1.2499038429976834e+06 2.2856794726005004e+05 1.3382964742419152e+17 1.6780742144529364e+29
9.1463237899000056e-15 1.2496330652014206e+06 2.2624960023208259e+05 1.3183332304203605e+17 1.6967265173499302e+29
8.9374397478235813e-15 1.2493404292408796e+06 2.2392911257814133e+05 1.2984402634829074e+17 1.7150820923795865e+29
8.7333262063369529e-15 1.2490266868913251e+06 2.2160697241782836e+05 1.2786240511209146e+17 1.7331456972700595e+29
8.5338742165915458e-15 1.2486928442317953e+06 2.1928377894061065e+05 1.2588924766718141e+17 1.7509231098501373e+29
8.3389773179160489e-15 1.2483405583954190e+06 2.1696207398621159e+05 1.2392705073939814e+17 1.7683574912409401e+29
8.1485314809915867e-15 1.2479706407555935e+06 2.1464325276202074e+05 1.2197710031097317e+17 1.7854861825831121e+29
7.9624350523241374e-15 1.2475835814610715e+06 2.1232778666101789e+05 1.2003983289250938e+17 1.8022712160808629e+29
7.7805886999856040e-15 1.2471799050596273e+06 2.1001614156185242e+05 1.1811567186217595e+17 1.8186788910088555e+29
7.6028953605937091e-15 1.2467601301093756e+06 2.0770877755598028e+05 1.1620502736637946e+17 1.8347199620453853e+29
7.4292601875027870e-15 1.2463248099882493e+06 2.0540614868365278e+05 1.1430829623098861e+17 1.8503671445006560e+29
7.2595905001780601e-15 1.2458745111509089e+06 2.0310870276722685e+05 1.1242586204303901e+17 1.8656164055234473e+29
7.0937957347258395e-15 1.2454098207869041e+06 2.0081688116801390e+05 1.1055809511270021e+17 1.8804745418741002e+29
6.9317873955535132e-15 1.2449313432057495e+06 1.9853111860373273e+05 1.0870535256311861e+17 1.8948994937070443e+29
6.7734790081338004e-15 1.2444397047367999e+06 1.9625184356065432e+05 1.0686797915896528e+17 1.9088825750208772e+29
6.6187860728474995e-15 1.2439355524959869e+06 1.9397947558102699e+05 1.0504630439513128e+17 1.9224376936354180e+29
6.4676260198803997e-15 1.2434195594518417e+06 1.9171443047168999e+05 1.0324064924165138e+17 1.9355305107884217e+29
6.3199181651505146e-15 1.2428924245921469e+06 1.8945711530378633e+05 1.0145132064804392e+17 1.9481458224980162e+29
6.1755836672414601e-15 1.2423548805745526e+06 1.8720793126330571e+05 9.9678615776126800e+16 1.9603563971933820e+29
6.0345454853197760e-15 1.2418076937394566e+06 1.8496727456861830e+05 9.7922824524074704e+16 1.9720268581036396e+29
5.8967283380130765e-15 1.2412517171333625e+06 1.8273556209460594e+05 9.6184256254658720e+16 1.9832705840583497e+29
5.7620586632273521e-15 1.2406880243548730e+06 1.8051370610043439e+05 9.4463610060899296e+16 1.9939529926234602e+29
5.6304645788821971e-15 1.2401174519895420e+06 1.7830230199472720e+05 9.2761281740113216e+16 2.0041640293695770e+29
5.5018758445424190e-15 1.2395407656864519e+06 1.7610171095062458e+05 9.1077466450517632e+16 2.0138761835359489e+29
5.3762238239262512e-15 1.2389586542459752e+06 1.7391228507841771e+05 8.9412345387543920e+16 2.0230721293981945e+29
5.2534414482695754e-15 1.2383719622026219e+06 1.7173436718683987e+05 8.7766085793223696e+16 2.0317402408379626e+29
5.1334631805268398e-15 1.2377814570569990e+06 1.6956829086166082e+05 8.6138841316397360e+16 2.0398951393464256e+29
5.0162249803897478e-15 1.2371879554337421e+06 1.6741438000469815e+05 8.4530751769159968e+16 2.0474886631426764e+29
4.9016642701046575e-15 1.2365922798763779e+06 1.6527294907452105e+05 8.2941943685204128e+16 2.0545740485440716e+29
4.7897199010706539e-15 1.2359952631731008e+06 1.6314430328315409e+05 8.1372530698164416e+16 2.0611406132948853e+29
4.6803321212006318e-15 1.2353977746369259e+06 1.6102873667060671e+05 7.9822611811768656e+16 2.0671427286316039e+29
4.5734425430276039e-15 1.2348006465669696e+06 1.5892653845658194e+05 7.8292278594952528e+16 2.0725648177079547e+29
4.4689941125394096e-15 1.2342048793550124e+06 1.5683798097055324e+05 7.6781602098055632e+16 2.0775225251465251e+29
4.3669310787253419e-15 1.2336112828381634e+06 1.5476333157402853e+05 7.5290646281060752e+16 2.0819267635905497e+29
4.2671989638180992e-15 1.2330208109964286e+06 1.5270284659239871e+05 7.3819461505098256e+16 2.0857568736379812e+29
4.1697445342153616e-15 1.2324344048595054e+06 1.5065677212960110e+05 7.2368085664955536e+16 2.0889997415587212e+29
4.0745157720656289e-15 1.2318530412355727e+06 1.4862534583450729e+05 7.0936546110428784e+16 2.0917832571925609e+29
3.9814618475027285e-15 1.2312776799045624e+06 1.4660879286510582e+05 6.9524855352515864e+16 2.0939443276821063e+29
3.8905330915146871e-15 1.2307092775400253e+06 1.4460728680224533e+05 6.8132983437638408e+16 2.0955800779010072e+29
3.8016809694320490e-15 1.2301488231262811e+06 1.4262092704790243e+05 6.6760848654505488e+16 2.0966767353058221e+29
3.7148580550216820e-15 1.2295973773569358e+06 1.4064990626211456e+05 6.5408436727702600e+16 2.0972424478017066e+29
3.6300180051723820e-15 1.2290560254745800e+06 1.3869441279667581e+05 6.4075727101890568e+16 2.0972520339644245e+29
3.5471155351583725e-15 1.2285258866371678e+06 1.3675462615278584e+05 6.2762690084583456e+16 2.0966916269947469e+29
3.4661063944679726e-15 1.2280081021123456e+06 1.3483071556557721e+05 6.1469285736902392e+16 2.0957721125444059e+29
3.3869473431841341e-15 1.2275038237976369e+06 1.3292284154789743e+05 6.0195465563822520e+16 2.0940445276186775e+29
3.3095961289044082e-15 1.2270142585521969e+06 1.3103115524397459e+05 5.8941172135335576e+16 2.0918880242443497e+29
3.2340114641881375e-15 1.2265406227453114e+06 1.2915579866200867e+05 5.7706339530440480e+16 2.0893063400142728e+29
3.1601530045185851e-15 1.2260841648249864e+06 1.2729690475252786e+05 5.6490893629294752e+16 2.0861648359036107e+29
3.0879813267683689e-15 1.2256461705208633e+06 1.2545459752841436e+05 5.5294752451690288e+16 2.0825384821458453e+29
3.0174579081568189e-15 1.2252279517785276e+06 1.2362899214096468e+05 5.4117826444947000e+16 2.0783825573612181e+29
2.9485451056877899e-15 1.2248308587977728e+06 1.2182019502865234e+05 5.2960018849246776e+16 2.0737370572100260e+29
2.8812061360570792e-15 1.2244562733066981e+06 1.2002830400353289e+05 5.1821226001972616e+16 2.0686085032985824e+29
2.8154050560188366e-15 1.2241056159062230e+06 1.1825340840015018e+05 5.0701337715932792e+16 2.0629798211147295e+29
2.7511067432001902e-15 1.2237803509940791e+06 1.1649558921261814e+05 4.9600237666432360e+16 2.0569209321268664e+29
2.6882768773542044e-15 1.2234819889518863e+06 1.1475491924183654e+05 4.8517803828196472e+16 2.0504375403852262e+29
2.6268819220408658e-15 1.2232120651521555e+06 1.1303146334271017e+05 4.7453909113754576e+16 2.0436109129149424e+29
2.5668891067264429e-15 1.2229722306572821e+06 1.1132527861098865e+05 4.6408422307849296e+16 2.0360220245484545e+29
2.5082664092917689e-15 1.2227641496236885e+06 1.0963646709021105e+05 4.5381243160476792e+16 2.0281835946529448e+29
2.4509825389398413e-15 1.2225896067692593e+06 1.0796531086381349e+05 4.4372377307561456e+16 2.0199442680431480e+29
2.3950069194939339e-15 1.2224502535545770e+06 1.0631187318862614e+05 4.3381684577344368e+16 2.0112855779312865e+29
2.3403096730770451e-15 1.2223478340343328e+06 1.0467617952723202e+05 4.2409001180715040e+16 2.0022221368342734e+29
2.2868616041640776e-15 1.2222841091587697e+06 1.0305824802392341e+05 4.1454159170792896e+16 1.9928002338796236e+29
2.2346341839983204e-15 1.2222608863660963e+06 1.0145808965152723e+05 4.0516986719135264e+16 1.9829766549249424e+29
2.1835995353637413e-15 1.2222800505442282e+06 9.9875708363513942e+04 3.9597308396817304e+16 1.9728207362529825e+29
2.1337304177050529e-15 1.2223435290031219e+06 9.8311101261717049e+04 3.8694945464417208e+16 1.9623045482712313e+29
2.0850002125876895e-15 1.2224533159812554e+06 9.6764258742343125e+04 3.7809716142626432e+16 1.9514659710265732e+29
2.0373829094897630e-15 1.2226114695239055e+06 9.5235164647851489e+04 3.6941435890861752e+16 1.9403387466296375e+29
1.9908530919185111e-15 1.2228201223662945e+06 9.3723796430210306e+04 3.6089917699259936e+16 1.9288492370973568e+29
1.9453859238438902e-15 1.2230814857449334e+06 9.2230125310267060e+04 3.5254972382442288e+16 1.9171117669193155e+29
1.9009571364419231e-15 1.2233978048056499e+06 9.0754116400584986e+04 3.4436408849834508e+16 1.9050500022432097e+29
1.8575430151408058e-15 1.2237714839661815e+06 8.9295728881410600e+04 3.3634034445976548e+16 1.8927307569804341e+29
1.8151203869629318e-15 1.2242049731206293e+06 8.7854916119339570e+04 3.2847655256557284e+16 1.8801545052063142e+29
1.7736666081558853e-15 1.2247008276250693e+06 8.6431625805979202e+04 3.2077076482121380e+16 1.8673656934654908e+29
1.7331595521060322e-15 1.2252617128786959e+06 8.5025800076522850e+04 3.1322102855891740e+16 1.8543332220797901e+29
1.6935775975280644e-15 1.2258904253397235e+06 8.3637375604596906e+04 3.0582539151527412e+16 1.8410551153135010e+29
1.6548996169242735e-15 1.2265898807754933e+06 8.2266283672567355e+04 2.9858190871433336e+16 1.8276042443674682e+29
1.6171049653074639e-15 1.2273631699744982e+06 8.0912450174313053e+04 2.9148865276632592e+16 1.8139868048760175e+29
1.5801734691813059e-15 1.2282135778537937e+06 7.9575795486786359e+04 2.8454373296845628e+16 1.8002020836439694e+29
1.5440854157724590e-15 1.2291446928964301e+06 7.8256234034868088e+04 2.7774534803765220e+16 1.7862762987775954e+29
1.5088215425085454e-15 1.2301599381090801e+06 7.6954630214647274e+04 2.7109683257819324e+16 1.7722223302120688e+29
1.4743630267364270e-15 1.2312617081745137e+06 7.5672130760061918e+04 2.6460237432130780e+16 1.7581259248850407e+29
1.4406914756753528e-15 1.2324527737770474e+06 7.4408631107626221e+04 2.5825937686394932e+16 1.7439355455676414e+29
1.4077889165994998e-15 1.2337359965831335e+06 7.3164017467338344e+04 2.5206522667872528e+16 1.7297120553877524e+29
1.3756377872447288e-15 1.2351143366669598e+06 7.1938172371272027e+04 2.4601732246594812e+16 1.7154537778359077e+29
1.3442209264344809e-15 1.2365907696776972e+06 7.0730974882401817e+04 2.4011307678828768e+16 1.7011525773218065e+29
1.3135215649197088e-15 1.2381683915456352e+06 6.9542300758308891e+04 2.3434991726982444e+16 1.6868246178496942e+29
1.2835233164280074e-15 1.2398503597448585e+06 6.8372022630450127e+04 2.2872528788232612e+16 1.6725052683004646e+29
1.2542101689172138e-15 1.2416399207422261e+06 6.7220010189627807e+04 2.2323665022744056e+16 1.6582042170002339e+29
1.2255664760287071e-15 1.2435403968520546e+06 6.6086130342322242e+04 2.1788148450675876e+16 1.6439194942741375e+29
1.1975769487359024e-15 1.2455552243220075e+06 6.4970247395170714e+04 2.1265729067821204e+16 1.6296619416488984e+29
1.1702266471835235e-15 1.2476878661111924e+06 6.3872223198147141e+04 2.0756158917256776e+16 1.6154397863905651e+29
1.1435009727131788e-15 1.2499419378580365e+06 6.2791917374974910e+04 2.0259192239946460e+16 1.6012650651880866e+29
1.1173856600711341e-15 1.2523211091792630e+06 6.1729187363847261e+04 1.9774585432425020e+16 1.5871781803225010e+29
1.0918667697939680e-15 1.2548291681104577e+06 6.0683888695207657e+04 1.9302097234311256e+16 1.5731539935210450e+29
1.0669306807681948e-15 1.2574699593181438e+06 5.9655875082841318e+04 1.8841488714310192e+16 1.5591612138774127e+29
1.0425640829597643e-15 1.2602474599265154e+06 5.8644998645931744e+04 1.8392523369811580e+16 1.5453157874571968e+29
1.0187539703096067e-15 1.2631657165925195e+06 5.7651109833728158e+04 1.7954967012300268e+16 1.5315676578703971e+29
9.9548763379146742e-16 1.2662288860907559e+06 5.6674058039516494e+04 1.7528588070255206e+16 1.5179203238285016e+29
9.7275265462824949e-16 1.2694412128901256e+06 5.5713691284738561e+04 1.7113157289251642e+16 1.5043515071980507e+29
9.5053689766328181e-16 1.2728070235545300e+06 5.4769856634412754e+04 1.6708447859963144e+16 1.4909427156747846e+29
9.2882850488301017e-16 1.2763307549295973e+06 5.3842400303839611e+04 1.6314235306911668e+16 1.4776498790600509e+29
9.0761588908758227e-16 1.2800168673203657e+06 5.2931167854197207e+04 1.5930297353350318e+16 1.4645022910339524e+29
8.8688772770598363e-16 1.2838699901314925e+06 5.2036004449381697e+04 1.5556413700334974e+16 1.4514916922595909e+29
8.6663295675245865e-16 1.2878946620098851e+06 5.1156755161256588e+04 1.5192365530892772e+16 1.4386405446390822e+29
8.4684076492092008e-16 1.2920954917911107e+06 5.0293265553473844e+04 1.4837934416791210e+16 1.4259436746421207e+29
8.2750058781423281e-16 1.2964771899370735e+06 4.9445313582417388e+04 1.4492869233696484e+16 1.4134054241960055e+29
8.0860210230532282e-16 1.3010493581830566e+06 4.8611792403613268e+04 1.4156560071761324e+16 1.4010076703751481e+29
7.9013522102701666e-16 1.3058201067281710e+06 4.7792255882860707e+04 1.3828706913089302e+16 1.3887478705259839e+29
7.7209008698777573e-16 1.3107962083757033e+06 4.6986564516589860e+04 1.3509142847421770e+16 1.3766453095156921e+29
7.5445706831034403e-16 1.3159850816151926e+06 4.6194578623218847e+04 1.3197703340599880e+16 1.3647027623367971e+29
7.3722675309060295e-16 1.3213941803804489e+06 4.5416158407339200e+04 1.2894226225834148e+16 1.3529243888958096e+29
7.2038994437380810e-16 1.3270313072939771e+06 4.4651164062940770e+04 1.2598551745823044e+16 1.3413427768431541e+29
7.0393765524555966e-16 1.3329046180166590e+06 4.3899455838002883e+04 1.2310522549406576e+16 1.3299208837367696e+29
6.8786110403491200e-16 1.3390225627608534e+06 4.3160894123575854e+04 1.2029983712358664e+16 1.3187046444172538e+29
6.7215170962700741e-16 1.3453939399636628e+06 4.2435339506131539e+04 1.1756782729097032e+16 1.3076806189018185e+29
6.5680108688276234e-16 1.3520279235579690e+06 4.1722652882334296e+04 1.1490769551662362e+16 1.2968831002127096e+29
6.4180104216318214e-16 1.3589340423111641e+06 4.1022695479219386e+04 1.1231796554374798e+16 1.2862845562189234e+29
6.2714356895586757e-16 1.3661222323207620e+06 4.0335328956104859e+04 1.0979718559717208e+16 1.2759193390034460e+29
6.1282084360140366e-16 1.3736028372227859e+06 3.9660415441879697e+04 1.0734392818268846e+16 1.2657865283066349e+29
5.9882522111737343e-16 1.3813866096002730e+06 3.8997817616270455e+04 1.0495679015160146e+16 1.2558743298305813e+29
5.8514923111771788e-16 1.3894848181736914e+06 3.8347398758588788e+04 1.0263439257174054e+16 1.2462271727574475e+29
5.7178557382529251e-16 1.3979091048235430e+06 3.7709022775597121e+04 1.0037538034615194e+16 1.2368281905879727e+29
5.5872711617550918e-16 1.4066716621387587e+06 3.7082554307223269e+04 9.8178422505627120e+15 1.2276974342620210e+29
5.4596688800894214e-16 1.4157851611050158e+06 3.6467858718092524e+04 9.6042211533323380e+15 1.2188438281311205e+29
5.3349807835088809e-16 1.4252628278897204e+06 3.5864802186709130e+04 9.3965463419339860e+15 1.2102467880878973e+29
5.2131403177591577e-16 1.4351184207276430e+06 3.5273251684310009e+04 9.1946916863894600e+15 1.2019800205214701e+29
5.0940824485540904e-16 1.4453662790064213e+06 3.4693075103654322e+04 8.9985333510017840e+15 1.1939647228689673e+29
4.9777436268627590e-16 1.4560213242261973e+06 3.4124141236759089e+04 8.8079496997155970e+15 1.1862307956562667e+29
4.8640617549890073e-16 1.4670990909123742e+06 3.3566319792716735e+04 8.6228212122013530e+15 1.1788496234673206e+29
4.7529761534259607e-16 1.4786157521397204e+06 3.3019481502997129e+04 8.4430304542274570e+15 1.1717723051845515e+29
4.6444275284673031e-16 1.4905881096814200e+06 3.2483498106567851e+04 8.2684619147489230e+15 1.1650165804910947e+29
4.5383579405582714e-16 1.5030336243651088e+06 3.1958242406691737e+04 8.0990018444949580e+15 1.1585888202217489e+29
4.4347107733696044e-16 1.5159703871472699e+06 3.1443588359057550e+04 7.9345379997503310e+15 1.1525173332239756e+29
4.3334307035776212e-16 1.5294170908742805e+06 3.0939411188663853e+04 7.7749591469083390e+15 1.1467799654926675e+29
4.2344636713344653e-16 1.5433929049470618e+06 3.0445587741715186e+04 7.6201538936753030e+15 1.1413933677682904e+29
4.1377568514129074e-16 1.5579232825312805e+06 2.9961789438016156e+04 7.4699411113009420e+15 1.1363591151949662e+29
4.0432586250099861e-16 1.5730510978518412e+06 2.9487240510695770e+04 7.3240120863210430e+15 1.1316736934427628e+29
3.9509185521946011e-16 1.5888054360910698e+06 2.9021789516327459e+04 7.1822732467708520e+15 1.1273520567480035e+29
3.8606873449845004e-16 1.6052155372877431e+06 2.8565336126496197e+04 7.0446491204010450e+15 1.1234446066005249e+29
3.7725168410379811e-16 1.6223123161181265e+06 2.8117781154038410e+04 6.9110661907439470e+15 1.1199117966532004e+29
3.6863599779464314e-16 1.6401284590474679e+06 2.7679026561401064e+04 6.7814528998845410e+15 1.1168108829868769e+29
3.6021707681141283e-16 1.6586985506223182e+06 2.7248975477318018e+04 6.6557396617908480e+15 1.1141111587217005e+29
3.5199042742115059e-16 1.6780592356169531e+06 2.6827532198452071e+04 6.5338588658438390e+15 1.1118821892904079e+29
3.4395165851892459e-16 1.6982491687374611e+06 2.6414602225146340e+04 6.4157449094217050e+15 1.1101182876376231e+29
3.3609647928400092e-16 1.7193095376686316e+06 2.6010092240892369e+04 6.3013341935210840e+15 1.1088651641756215e+29
3.2842069688954614e-16 1.7412838593579535e+06 2.5613910141298988e+04 6.1905651570816440e+15 1.1081127577262929e+29
3.2092021426464852e-16 1.7642183158746024e+06 2.5225964994985607e+04 6.0833782715817740e+15 1.1079152867420981e+29
3.1359102790743073e-16 1.7881619166225493e+06 2.4846167098371265e+04 5.9797160964446480e+15 1.1083033329789505e+29
3.0642922574812607e-16 1.8131666886279501e+06 2.4474427915017179e+04 5.8795232729923230e+15 1.1092850018068435e+29
2.9943098506094546e-16 1.8392878928438521e+06 2.4110660103066093e+04 5.7827465725625960e+15 1.1109073155216358e+29
2.9259257042363247e-16 1.8665842824492960e+06 2.3754777483790265e+04 5.6893349177549600e+15 1.1132239365831408e+29
2.8591033172363045e-16 1.8951182797185809e+06 2.3406695041842391e+04 5.5992394297180970e+15 1.1162314009541915e+29
2.7938070220977239e-16 1.9249563294476431e+06 2.3066328880510071e+04 5.5124134511201850e+15 1.1200233089956453e+29
2.7300019658846798e-16 1.9561691002277927e+06 2.2733596217799513e+04 5.4288126086999640e+15 1.1246565153589038e+29
2.6676540916337937e-16 1.9888319678143424e+06 2.2408415344719822e+04 5.3483948595195210e+15 1.1301272271141432e+29
2.6067301201757291e-16 2.0230250150948754e+06 2.2090705596568208e+04 5.2711205399211100e+15 1.1365485339861382e+29
2.5471975323718787e-16 2.0588337856202461e+06 2.1780387297758938e+04 5.1969524409462950e+15 1.1439699918064978e+29
2.4890245517568165e-16 2.0963494611928596e+06 2.1477381725002251e+04 5.1258558723606110e+15 1.1525098058213454e+29
2.4321801275770754e-16 2.1356692136597214e+06 2.1181611048490748e+04 5.0577987463228080e+15 1.1622061907806836e+29
2.3766339182172811e-16 2.1768969409690714e+06 2.0892998258982621e+04 4.9927516577659090e+15 1.1732146757171385e+29
2.3223562750049038e-16 2.2201434553184686e+06 2.0611467109613775e+04 4.9306879884437760e+15 1.1856146642702730e+29
2.2693182263847298e-16 2.2655271995754717e+06 2.0336942004807235e+04 4.8715839927215830e+15 1.1995648858436032e+29
2.2174914624549076e-16 2.3131747428496354e+06 2.0069348013725335e+04 4.8154189737280370e+15 1.2152592839480129e+29
2.1668483198560157e-16 2.3632213978318362e+06 1.9808610254162635e+04 4.7621750812203990e+15 1.2327907687218148e+29
2.1173617670053667e-16 2.4158119386026775e+06 1.9554654679745665e+04 4.7118379700492460e+15 1.2524486223127319e+29
2.0690053896684433e-16 2.4711010091477023e+06 1.9307406993898301e+04 4.6643963069574200e+15 1.2744674008481416e+29
2.0217533768598549e-16 2.5292543261710829e+06 1.9066792789400512e+04 4.6198419667846970e+15 1.2991216657041383e+29
1.9755805070663656e-16 2.5904487904001642e+06 1.8832737088790280e+04 4.5781697141790250e+15 1.3267483750560224e+29
1.9304621347844833e-16 2.6548732840695684e+06 1.8605163642595489e+04 4.5393762482472510e+15 1.3577490971824760e+29
1.8863741773655088e-16 2.7227457755877911e+06 1.8383934827638201e+04 4.5034457485986415e+15 1.3926363625422653e+29
1.8432931021610843e-16 2.7944737730831015e+06 1.8168417584623458e+04 4.4702911444086155e+15 1.4320114233484009e+29
1.8011959139622462e-16 2.8703910184589750e+06 1.7958429439866559e+04 4.4399412520086055e+15 1.4767134779783285e+29
1.7600601427253427e-16 2.9508175023508770e+06 1.7753935045909770e+04 4.4124629845773660e+15 1.5276458289580005e+29
1.7198638315783372e-16 3.0361040350133409e+06 1.7554900294267947e+04 4.3879351290008720e+15 1.5859216019086219e+29
1.6805855251009547e-16 3.1266358934433996e+06 1.7361292339768173e+04 4.3664500887651655e+15 1.6529021263149676e+29
1.6422042578724897e-16 3.2228368744228487e+06 1.7173079634670150e+04 4.3481159450926150e+15 1.7303379521275604e+29
1.6046995432812222e-16 3.3251740464257998e+06 1.6990231958920496e+04 4.3330589214352600e+15 1.8203925295851671e+29
1.5680513625893401e-16 3.4341631888654921e+06 1.6812720471729881e+04 4.3214263277640190e+15 1.9257580939861931e+29
1.5322401542476018e-16 3.5503749576959768e+06 1.6640517740228363e+04 4.3133900881166350e+15 2.0497764859328194e+29
1.4972468034540927e-16 3.6744420954087158e+06 1.6473597887693573e+04 4.3091510604019350e+15 2.1968160907548459e+29
1.4630526319513456e-16 3.8070677834858275e+06 1.6311936534716944e+04 4.3089441497969785e+15 2.3725518278920362e+29
1.4296393880565723e-16 3.9490351884141038e+06 1.6155511033977777e+04 4.3130446929630035e+15 2.5839233027084119e+29
1.3969892369194906e-16 4.1012188031155928e+06 1.6004300533984215e+04 4.3217761872991145e+15 2.8405422085440182e+29
1.3650847510027293e-16 4.2645975094767585e+06 1.5858286128392507e+04 4.3355198148402015e+15 3.1546666211301890e+29
1.3339089007795866e-16 4.4402701611145120e+06 1.5717450976560182e+04 4.3547262728234900e+15 3.5426897018343835e+29
1.3034450456442319e-16 4.6294736126883337e+06 1.5581780758927480e+04 4.3799306193016870e+15 4.0263594930295760e+29
