8.0395829418396959e-13 8.6939028670825821e+05 2.9834797508893028e+05 1.1619091249857594e+17 2.1616603526140021e+27
7.8559746834753246e-13 8.7092609819212102e+05 2.9897050560282124e+05 1.1694927028740738e+17 2.1886535338956399e+27
7.6765596765250801e-13 8.7247852787684160e+05 2.9959327182021417e+05 1.1771321840112078e+17 2.2165027835442910e+27
7.5012421553758558e-13 8.7404756698231481e+05 3.0021617643453705e+05 1.1848271873688109e+17 2.2451454433083282e+27
7.3299285415128468e-13 8.7563292644555576e+05 3.0083902355161705e+05 1.1925760600098624e+17 2.2747850704424045e+27
7.1625273935704306e-13 8.7723429314366169e+05 3.0146160615851206e+05 1.2003769910137590e+17 2.3052460296572547e+27
6.9989493585237990e-13 8.7885148865292815e+05 3.0208372925980057e+05 1.2082283590103118e+17 2.3367355296270298e+27
6.8391071239955609e-13 8.8048445539772604e+05 3.0270523534318345e+05 1.2161290401999030e+17 2.3691396787852715e+27
6.6829153716511489e-13 8.8213314798713243e+05 3.0332604746455781e+05 1.2240789234815294e+17 2.4025711476766957e+27
6.5302907316589952e-13 8.8379758273593418e+05 3.0394601327911939e+05 1.2320768101919386e+17 2.4370329411761289e+27
6.3811517381904706e-13 8.8547737369518320e+05 3.0456492231780163e+05 1.2401207368012670e+17 2.4725328908971843e+27
6.2354187859361313e-13 8.8717218901145319e+05 3.0518254687251075e+05 1.2482085200086366e+17 2.5091175257693455e+27
6.0930140876152718e-13 8.8888193625142728e+05 3.0579872680279025e+05 1.2563389087079786e+17 2.5467955298461610e+27
5.9538616324556484e-13 8.9060651573259931e+05 3.0641330898974324e+05 1.2645106860024811e+17 2.5856599795696477e+27
5.8178871456214496e-13 8.9234565040048945e+05 3.0702607816833688e+05 1.2727218029998445e+17 2.6256568235819542e+27
5.6850180485680912e-13 8.9409934730781324e+05 3.0763690002871747e+05 1.2809713130260499e+17 2.6668953163571761e+27
5.5551834203020698e-13 8.9586747025860951e+05 3.0824562183173682e+05 1.2892579192930229e+17 2.7093721632604391e+27
5.4283139595259256e-13 8.9764962609047513e+05 3.0885199645857047e+05 1.2975790284106784e+17 2.7531749279880283e+27
5.3043419476474946e-13 8.9944574260996783e+05 3.0945586598229065e+05 1.3059333155477883e+17 2.7982375248438959e+27
5.1832012126339740e-13 9.0125565834787232e+05 3.1005706228475447e+05 1.3143192194434150e+17 2.8446987225198875e+27
5.0648270936916735e-13 9.0307892212528491e+05 3.1065532103967486e+05 1.3227338358244274e+17 2.8925173997459790e+27
4.9491564067522283e-13 9.0491553165949881e+05 3.1125047931467800e+05 1.3311757616026890e+17 2.9418181778709722e+27
4.8361274107470329e-13 9.0676540402599087e+05 3.1184238317525026e+05 1.3396436531273048e+17 2.9925260937388667e+27
4.7256797746521049e-13 9.0862832692992745e+05 3.1243085051485215e+05 1.3481356754918858e+17 3.0448765863818176e+27
4.6177545452852868e-13 9.1050385453309189e+05 3.1301563507105398e+05 1.3566489504831501e+17 3.0987358503544811e+27
4.5122941158391827e-13 9.1239151757670532e+05 3.1359643850821839e+05 1.3651800230491907e+17 3.1542258507207644e+27
4.4092421951325472e-13 9.1429140797022625e+05 3.1417310751852009e+05 1.3737276597776074e+17 3.2112621109890055e+27
4.3085437775639206e-13 9.1620352285769000e+05 3.1474548150778608e+05 1.3822904141047226e+17 3.2700460473541589e+27
4.2101451137516242e-13 9.1812786123751907e+05 3.1531341325764457e+05 1.3908669436278230e+17 3.3307017299935869e+27
4.1139936818441155e-13 9.2006393496317801e+05 3.1587666269667319e+05 1.3994542933968888e+17 3.3931700357295513e+27
4.0200381594855675e-13 9.2201141000729345e+05 3.1643498213287484e+05 1.4080495507308402e+17 3.4573801754477624e+27
3.9282283964218600e-13 9.2397004328556790e+05 3.1698815140856151e+05 1.4166502491506715e+17 3.5236321749984118e+27
3.8385153877319545e-13 9.2593971693687537e+05 3.1753597963628836e+05 1.4252543949691003e+17 3.5919429581424712e+27
3.7508512476708503e-13 9.2792046109030407e+05 3.1807830828643427e+05 1.4338604095095285e+17 3.6621348379918814e+27
3.6651891841097572e-13 9.2991177625529608e+05 3.1861490364297951e+05 1.4424652494395738e+17 3.7345069668675267e+27
3.5814834735600098e-13 9.3191319778853189e+05 3.1914548648742842e+05 1.4510653559013782e+17 3.8091020958963932e+27
3.4996894367675177e-13 9.3392453575359937e+05 3.1966984082839097e+05 1.4596582427731350e+17 3.8858168334518152e+27
3.4197634148644563e-13 9.3594564197851205e+05 3.2018775997639017e+05 1.4682415283531965e+17 3.9648733925428625e+27
3.3416627460656126e-13 9.3797617321508343e+05 3.2069899853567779e+05 1.4768121022297299e+17 4.0463111075594506e+27
3.2653457428970620e-13 9.4001583739908913e+05 3.2120332820430893e+05 1.4853671293943693e+17 4.1300618424297665e+27
3.1907716699447724e-13 9.4206413958883856e+05 3.2170044717468269e+05 1.4939025827443837e+17 4.2165289472107960e+27
3.1179007221113923e-13 9.4412105872686661e+05 3.2219012318510306e+05 1.5024159213142912e+17 4.3053601147553240e+27
3.0466940033697372e-13 9.4618672985454777e+05 3.2267218954569835e+05 1.5109055387229728e+17 4.3969077272296849e+27
2.9771135060013152e-13 9.4826088614682294e+05 3.2314643773973879e+05 1.5193687389132723e+17 4.4913480395459938e+27
2.9091220903091890e-13 9.5034328394933196e+05 3.2361266256881272e+05 1.5278028746840787e+17 4.5884007854000086e+27
2.8426834647940371e-13 9.5243325798113842e+05 3.2407060003631876e+05 1.5362039416514374e+17 4.6885554942312100e+27
2.7777621667829500e-13 9.5453034983122151e+05 3.2451996070059808e+05 1.5445679617045014e+17 4.7915671386441029e+27
2.7143235435007391e-13 9.5663432960233930e+05 3.2496048716522771e+05 1.5528916463744589e+17 4.8973485143307493e+27
2.6523337335734285e-13 9.5874509945635241e+05 3.2539192925355938e+05 1.5611718793450925e+17 5.0070105370102153e+27
2.5917596489541772e-13 9.6086245938011142e+05 3.2581407499852078e+05 1.5694062021590317e+17 5.1194895651778822e+27
2.5325689572620839e-13 9.6298649850828596e+05 3.2622675283426209e+05 1.5775924592761251e+17 5.2355400791728244e+27
2.4747300645241784e-13 9.6511619293482974e+05 3.2662966967451823e+05 1.5857256380907616e+17 5.3549122784975314e+27
2.4182120983117104e-13 9.6725114346741524e+05 3.2702251762048743e+05 1.5938014545881798e+17 5.4777537437807166e+27
2.3629848912614671e-13 9.6939129648959311e+05 3.2740504947752506e+05 1.6018169895101549e+17 5.6043689284083075e+27
2.3090189649734352e-13 9.7153659923859627e+05 3.2777704972913524e+05 1.6097695109878355e+17 5.7348160287078042e+27
2.2562855142762949e-13 9.7368643491410266e+05 3.2813825497431163e+05 1.6176548485576112e+17 5.8689829862410087e+27
2.2047563918521709e-13 9.7584048446223908e+05 3.2848838952973962e+05 1.6254691664225030e+17 6.0071517047074316e+27
2.1544040932125280e-13 9.7799860914319661e+05 3.2882720514447190e+05 1.6332092313147568e+17 6.1495670547702047e+27
2.1052017420172673e-13 9.8016069232260936e+05 3.2915450160176109e+05 1.6408724138111331e+17 6.2960679108795383e+27
2.0571230757290243e-13 9.8232597273461847e+05 3.2947004758312786e+05 1.6484544918053027e+17 6.4468889554380609e+27
2.0101424315950971e-13 9.8449385452123033e+05 3.2977354816152202e+05 1.6559508559184403e+17 6.6022593687607558e+27
1.9642347329496030e-13 9.8666390860394482e+05 3.3006472589548322e+05 1.6633572038192890e+17 6.7620204111120747e+27
1.9193754758283432e-13 9.8883551753493620e+05 3.3034323773307796e+05 1.6706683674646195e+17 6.9266580503060648e+27
1.8755407158894795e-13 9.9100860223921540e+05 3.3060874606509908e+05 1.6778800839776960e+17 7.0958699632810040e+27
1.8327070556328355e-13 9.9318332852819155e+05 3.3086099291303981e+05 1.6849895180267363e+17 7.2701251460853239e+27
1.7908516319110873e-13 9.9535940938119288e+05 3.3109977512474789e+05 1.6919935615201984e+17 7.4496804503925907e+27
1.7499521037262478e-13 9.9753598326850624e+05 3.3132483170821081e+05 1.6988872880330909e+17 7.6344463210451348e+27
1.7099866403047436e-13 9.9971272481515561e+05 3.3153589526666497e+05 1.7056667549126294e+17 7.8243831975735000e+27
1.6709339094449448e-13 1.0018888271116453e+06 3.3173268031067995e+05 1.7123268166374707e+17 8.0200083753565949e+27
1.6327730661307397e-13 1.0040638102430222e+06 3.3191483761505480e+05 1.7188622373582947e+17 8.2211556884621955e+27
1.5954837414051565e-13 1.0062374765363291e+06 3.3208200898681697e+05 1.7252682673067024e+17 8.4279526554976030e+27
1.5590460314981504e-13 1.0084096758307489e+06 3.3223388880149671e+05 1.7315408218968765e+17 8.6410588477001381e+27
1.5234404872026269e-13 1.0105800164857608e+06 3.3237021511511598e+05 1.7376758428916963e+17 8.8601379115175133e+27
1.4886481034931015e-13 1.0127477920879992e+06 3.3249070130510558e+05 1.7436682824411616e+17 9.0856359986689855e+27
1.4546503093815020e-13 1.0149126286133823e+06 3.3259505976339063e+05 1.7495137997214227e+17 9.3173292953936068e+27
1.4214289580045901e-13 1.0170733812390391e+06 3.3268300599461567e+05 1.7552063858350176e+17 9.5555970441747326e+27
1.3889663169377659e-13 1.0192293080618421e+06 3.3275409073225589e+05 1.7607390037943098e+17 9.8006354820228789e+27
1.3572450587301461e-13 1.0213801372657489e+06 3.3280778446804453e+05 1.7661046443626218e+17 1.0052374623902159e+28
1.3262482516557153e-13 1.0235256039921761e+06 3.3284358661958930e+05 1.7712970381406022e+17 1.0311286276937738e+28
1.2959593506757878e-13 1.0256654610991237e+06 3.3286097454639769e+05 1.7763091305900554e+17 1.0577535132124716e+28
1.2663621886078123e-13 1.0278001614416275e+06 3.3285938936691621e+05 1.7811354753907254e+17 1.0851272274008626e+28
1.2374409674958667e-13 1.0299296708629137e+06 3.3283847797664389e+05 1.7857717910887658e+17 1.1133231822409000e+28
1.2091802501782780e-13 1.0320537075218043e+06 3.3279794723260531e+05 1.7902139570764589e+17 1.1422861486575416e+28
1.1815649520477777e-13 1.0341719492497651e+06 3.3273750197048520e+05 1.7944577593254285e+17 1.1721097719866775e+28
1.1545803329998362e-13 1.0362842579761121e+06 3.3265687235099153e+05 1.7984997193870154e+17 1.2027917367204941e+28
1.1282119895649331e-13 1.0383901082204168e+06 3.3255586830498942e+05 1.8023363860670666e+17 1.2343434068533738e+28
1.1024458472204377e-13 1.0404892530285823e+06 3.3243422988427448e+05 1.8059642094822387e+17 1.2667802877573845e+28
1.0772681528781416e-13 1.0425813701447058e+06 3.3229181939048029e+05 1.8093808450615136e+17 1.3001515141297486e+28
1.0526654675433147e-13 1.0446654445550853e+06 3.3212851041084016e+05 1.8125824390381830e+17 1.3344722320295858e+28
1.0286246591414157e-13 1.0467411634455273e+06 3.3194396387554769e+05 1.8155644567793098e+17 1.3697181901689045e+28
1.0051328955086642e-13 1.0488083471443704e+06 3.3173784221369389e+05 1.8183227240413318e+17 1.4059630429780627e+28
9.8217763754265583e-14 1.0508668713341898e+06 3.3150985386352713e+05 1.8208538127039504e+17 1.4432368857707355e+28
9.5974663250940560e-14 1.0529166821842389e+06 3.3125981492539722e+05 1.8231556372986752e+17 1.4815073825581756e+28
9.3782790750328011e-14 1.0549567427602136e+06 3.3098780732142518e+05 1.8252267725416365e+17 1.5208781018836975e+28
9.1640976305625656e-14 1.0569864060335541e+06 3.3069358446911391e+05 1.8270630422707744e+17 1.5613002182603491e+28
8.9548076689313450e-14 1.0590054053740583e+06 3.3037680235293764e+05 1.8286601630733962e+17 1.6028361717353261e+28
8.7502974782940347e-14 1.0610135866058606e+06 3.3003711972369597e+05 1.8300142602852854e+17 1.6454417123533038e+28
8.5504578980841602e-14 1.0630108296351691e+06 3.2967426754045958e+05 1.8311223679034480e+17 1.6892431181989830e+28
8.3551822607479450e-14 1.0649967086042098e+06 3.2928812033603620e+05 1.8319829809956854e+17 1.7343188603914476e+28
8.1643663348086941e-14 1.0669710760898280e+06 3.2887868797893060e+05 1.8325946396484118e+17 1.7803448466496248e+28
7.9779082692314898e-14 1.0689330718135112e+06 3.2844572509946901e+05 1.8329544409574707e+17 1.8278039908318671e+28
7.7957085390588123e-14 1.0708826449075893e+06 3.2798907466018439e+05 1.8330605933662563e+17 1.8764533896550469e+28
7.6176698922872544e-14 1.0728192900883744e+06 3.2750866786832921e+05 1.8329115526250630e+17 1.9263760667661802e+28
7.4436972979579387e-14 1.0747428578531446e+06 3.2700430614890385e+05 1.8325053635985520e+17 1.9776220458957507e+28
7.2736978954321352e-14 1.0766530598244525e+06 3.2647604210916301e+05 1.8318425145126714e+17 2.0301833409109571e+28
7.1075809448253324e-14 1.0785487240303396e+06 3.2592412959494401e+05 1.8309232980181430e+17 2.0840377596818236e+28
6.9452577785735583e-14 1.0804293624113414e+06 3.2534829697848018e+05 1.8297442269608768e+17 2.1392716333702854e+28
6.7866417541055714e-14 1.0822946559855815e+06 3.2474823196859949e+05 1.8283017119300390e+17 2.1958631480864944e+28
6.6316482075959181e-14 1.0841443631141393e+06 3.2412360604285216e+05 1.8265923672608067e+17 2.2538535861967676e+28
6.4801944087744509e-14 1.0859780691756613e+06 3.2347415818599425e+05 1.8246135336139613e+17 2.3132950496945901e+28
6.3321995167676364e-14 1.0877959519950054e+06 3.2279966832978581e+05 1.8223631590193859e+17 2.3741742149766501e+28
6.1875845369483762e-14 1.0895973602685551e+06 3.2209998914766655e+05 1.8198399564026832e+17 2.4365626663562847e+28
6.0462722787715319e-14 1.0913822472323931e+06 3.2137494503376586e+05 1.8170426897926477e+17 2.5004614191092242e+28
5.9081873145721601e-14 1.0931506046785710e+06 3.2062446514028474e+05 1.8139717161683347e+17 2.5659160897595561e+28
5.7732559393047217e-14 1.0949017504302743e+06 3.1984900223248312e+05 1.8106311398477680e+17 2.6329108452294612e+28
5.6414061312020209e-14 1.0966351942215238e+06 3.1904858901138819e+05 1.8070209680465165e+17 2.7014442141057518e+28
5.5125675133322412e-14 1.0983505803030322e+06 3.1822308365229587e+05 1.8031404522999043e+17 2.7716025611105137e+28
5.3866713160343085e-14 1.1000476800313175e+06 3.1737266143726389e+05 1.7989916001709568e+17 2.8432625302444392e+28
5.2636503402109189e-14 1.1017257498701178e+06 3.1649747763910278e+05 1.7945753539010810e+17 2.9166560394759650e+28
5.1434389214598862e-14 1.1033844134627234e+06 3.1559733948462759e+05 1.7898900480620835e+17 2.9915906348655253e+28
5.0259728950248755e-14 1.1050233663822501e+06 3.1467204236622516e+05 1.7849340672620787e+17 3.0681577396637422e+28
4.9111895615462751e-14 1.1066424192314586e+06 3.1372135156657250e+05 1.7797059547297027e+17 3.1463236233795368e+28
4.7990276535945624e-14 1.1082414444486473e+06 3.1274512937517039e+05 1.7742053366563139e+17 3.2263843997103653e+28
4.6894273029677714e-14 1.1098203094479456e+06 3.1174331188459718e+05 1.7684329577076339e+17 3.3080400779706269e+28
4.5823300087358381e-14 1.1113786615780615e+06 3.1071628478250973e+05 1.7623933898203962e+17 3.3914060783366254e+28
4.4776786060149089e-14 1.1129159876590385e+06 3.0966426269773400e+05 1.7560890249469030e+17 3.4765258486634875e+28
4.3754172354546191e-14 1.1144320458496774e+06 3.0858715996970562e+05 1.7495201129374707e+17 3.5632202846155525e+28
4.2754913134222209e-14 1.1159267825341951e+06 3.0748499140737701e+05 1.7426881239042845e+17 3.6518920161493483e+28
4.1778475028678120e-14 1.1173996724749408e+06 3.0635805613688298e+05 1.7355966756694134e+17 3.7421834958387382e+28
4.0824336848547811e-14 1.1188504804795713e+06 3.0520635111491580e+05 1.7282468051227613e+17 3.8340712417111234e+28
3.9891989307404462e-14 1.1202790938396154e+06 3.0402984661492659e+05 1.7206396728706019e+17 3.9280341774776967e+28
3.8980934749921996e-14 1.1216852995500269e+06 3.0282874825665238e+05 1.7127787592660058e+17 4.0236615104123194e+28
3.8090686886242321e-14 1.1230686660782977e+06 3.0160341889463150e+05 1.7046683414996109e+17 4.1209559058748108e+28
3.7220770532411519e-14 1.1244289932902006e+06 3.0035384891900711e+05 1.6963096824195309e+17 4.2200745586127843e+28
3.6370721356742348e-14 1.1257661367293568e+06 2.9908004801657464e+05 1.6877045033486307e+17 4.3209226908591759e+28
3.5540085631969392e-14 1.1270799064138518e+06 2.9778227181124524e+05 1.6788567961272358e+17 4.4234811471152900e+28
3.4728419993065977e-14 1.1283700235314793e+06 2.9646074010528694e+05 1.6697699786681037e+17 4.5277917208604829e+28
3.3935291200589816e-14 1.1296363691931490e+06 2.9511549147993722e+05 1.6604461836638083e+17 4.6338650849446280e+28
3.3160275909435640e-14 1.1308789205840712e+06 2.9374661788196623e+05 1.6508883844883059e+17 4.7416709210725350e+28
3.2402960442867525e-14 1.1320974600992491e+06 2.9235472621836956e+05 1.6411039769424995e+17 4.8511872255142003e+28
3.1662940571711986e-14 1.1332917136558087e+06 2.9094018224866159e+05 1.6310976984358640e+17 4.9623859484927675e+28
3.0939821298595029e-14 1.1344615124260567e+06 2.8950305955825699e+05 1.6208719938753699e+17 5.0752777527178878e+28
3.0233216647105607e-14 1.1356067819121843e+06 2.8804346420420456e+05 1.6104298421215075e+17 5.1898975710998725e+28
2.9542749455774224e-14 1.1367274074251389e+06 2.8656176774287981e+05 1.5997765843866579e+17 5.3060393292007321e+28
2.8868051176757726e-14 1.1378232331129045e+06 2.8505824109767942e+05 1.5889165150430906e+17 5.4239132941717819e+28
2.8208761679120653e-14 1.1388942092892835e+06 2.8353301748492429e+05 1.5778529668227456e+17 5.5432613349851317e+28
2.7564529056609296e-14 1.1399403907690633e+06 2.8198627295254276e+05 1.5665899756456026e+17 5.6642623650762179e+28
2.6935009439816838e-14 1.1409617855527001e+06 2.8041870983845741e+05 1.5551362387151005e+17 5.7868774007777673e+28
2.6319866812637211e-14 1.1419581271518560e+06 2.7883099640505703e+05 1.5434993698122630e+17 5.9107961673894704e+28
2.5718772832910860e-14 1.1429293605460750e+06 2.7722329971285770e+05 1.5316828134673277e+17 6.0363165973296582e+28
2.5131406657167638e-14 1.1438754462251852e+06 2.7559580702013022e+05 1.5196903538453261e+17 6.1632606001459110e+28
2.4557454769370657e-14 1.1447964050117473e+06 2.7394885367276933e+05 1.5075272402197734e+17 6.2915374630238241e+28
2.3996610813572847e-14 1.1456921487117982e+06 2.7228297090765758e+05 1.4952001350328227e+17 6.4212545861783705e+28
2.3448575430394285e-14 1.1465626574449504e+06 2.7059838745204470e+05 1.4827131443124832e+17 6.5521094035968027e+28
2.2913056097234067e-14 1.1474079735357356e+06 2.6889533312963019e+05 1.4700705478884307e+17 6.6842268457325448e+28
2.2389766972132404e-14 1.1482282077338435e+06 2.6717410730921238e+05 1.4572774668189264e+17 6.8175900594081937e+28
2.1878428741197178e-14 1.1490234401579078e+06 2.6543545293414936e+05 1.4443426432457318e+17 6.9522926588615477e+28
2.1378768469516348e-14 1.1497936478924546e+06 2.6367977306850924e+05 1.4312716789648427e+17 7.0878293599058334e+28
2.0890519455474319e-14 1.1505389775629351e+06 2.6190734224755113e+05 1.4180692470648050e+17 7.2244793987418091e+28
2.0413421088395478e-14 1.1512595877464337e+06 2.6011846555507591e+05 1.4047404996677219e+17 7.3621220878070378e+28
1.9947218709439593e-14 1.1519557495881482e+06 2.5831386060376058e+05 1.3912943116555133e+17 7.5005704677735094e+28
1.9491663475673367e-14 1.1526275462339546e+06 2.5649464220068083e+05 1.3777420788673203e+17 7.6400982293730175e+28
1.9046512227246311e-14 1.1532749528737555e+06 2.5466113624484488e+05 1.3640884226320190e+17 7.7803671234906013e+28
1.8611527357600804e-14 1.1538980861069688e+06 2.5281365357838012e+05 1.3503379269865125e+17 7.9211002759522764e+28
1.8186476686645556e-14 1.1544970763589167e+06 2.5095251836637597e+05 1.3364953703875206e+17 8.0626013480306100e+28
1.7771133336825583e-14 1.1550720891822381e+06 2.4907821430451400e+05 1.3225668845457730e+17 8.2047343557969756e+28
1.7365275612023216e-14 1.1556232697915868e+06 2.4719118603182203e+05 1.3085581519199755e+17 8.3473007976946701e+28
1.6968686879223694e-14 1.1561507967917055e+06 2.4529177726779785e+05 1.2944740922989475e+17 8.4901210693507705e+28
1.6581155452884349e-14 1.1566549476012848e+06 2.4338034723880520e+05 1.2803198579150573e+17 8.6334930183741927e+28
1.6202474481943860e-14 1.1571360683722680e+06 2.4145731474096805e+05 1.2661013163915738e+17 8.7770508152993722e+28
1.5832441839412017e-14 1.1575945671405706e+06 2.3952385323271874e+05 1.2518303168182566e+17 8.9208129088483252e+28
1.5470860014481690e-14 1.1580306113199727e+06 2.3758068545368794e+05 1.2375143786137050e+17 9.0646766142106307e+28
1.5117536007103770e-14 1.1584444125587845e+06 2.3562818221037317e+05 1.2231581705809800e+17 9.2083668892159577e+28
1.4772281224970779e-14 1.1588362102506678e+06 2.3366672245359261e+05 1.2087664628176938e+17 9.3521362441866473e+28
1.4434911382852522e-14 1.1592062988825566e+06 2.3169669927666750e+05 1.1943441899674683e+17 9.4955982374191385e+28
1.4105246404230745e-14 1.1595550162431474e+06 2.2971873949265530e+05 1.1798981286380200e+17 9.6387742595874577e+28
1.3783110325180794e-14 1.1598826542707107e+06 2.2773335661106135e+05 1.1654339491657184e+17 9.7816946810414254e+28
1.3468331200447878e-14 1.1601895317039811e+06 2.2574094166078899e+05 1.1509563494601307e+17 9.9240097760503748e+28
1.3160741011668400e-14 1.1604760221458327e+06 2.2374189635442162e+05 1.1364701649614622e+17 1.0066036417788847e+29
1.2860175577687812e-14 1.1607425676682738e+06 2.2173663416405156e+05 1.1219804033085824e+17 1.0207287570323313e+29
1.2566474466926146e-14 1.1609897285163421e+06 2.1972598130043995e+05 1.1074953576547398e+17 1.0347919795769317e+29
1.2279480911744954e-14 1.1612179288791849e+06 2.1771082144470327e+05 1.0930232292280662e+17 1.0487573146146060e+29
1.1999041724770400e-14 1.1614275500940371e+06 2.1569156208808423e+05 1.0785684271484043e+17 1.0626401692665354e+29
1.1725007217126900e-14 1.1616190114009643e+06 2.1366861257541107e+05 1.0641353800792586e+17 1.0764341910831384e+29
1.1457231118538169e-14 1.1617927892258354e+06 2.1164238826792801e+05 1.0497285937115016e+17 1.0901132263803927e+29
1.1195570499253468e-14 1.1619494728959796e+06 2.0961344153395586e+05 1.0353537408700136e+17 1.1036756034558183e+29
1.0939885693756198e-14 1.1620896457245706e+06 2.0758281793798952e+05 1.0210198929551117e+17 1.1171200044113404e+29
1.0690040226215535e-14 1.1622137433247687e+06 2.0555101681102143e+05 1.0067316582527333e+17 1.1304076943610190e+29
1.0445900737640148e-14 1.1623222061962695e+06 2.0351839900421808e+05 9.9249255601725312e+16 1.1435621268908683e+29
1.0207336914695582e-14 1.1624155141834256e+06 2.0148526514348848e+05 9.7830571937040768e+16 1.1565475249054923e+29
9.9742214201477500e-15 1.1624942451399581e+06 1.9945202300191546e+05 9.6417514339101824e+16 1.1694070596162025e+29
9.7464298248943204e-15 1.1625590862051798e+06 1.9741933901879587e+05 9.5010676231627248e+16 1.1820700105952010e+29
9.5238405415489943e-15 1.1626106523603022e+06 1.9538797863358792e+05 9.3610689637060176e+16 1.1945439341501179e+29
9.3063347595421789e-15 1.1626495162474108e+06 1.9335834691841583e+05 9.2217911415910976e+16 1.2068638972424189e+29
9.0937963817038467e-15 1.1626762952949402e+06 1.9133095533556407e+05 9.0832773808146272e+16 1.2189887506291237e+29
8.8861119622950472e-15 1.1626916118159033e+06 1.8930630879954173e+05 8.9455690204984672e+16 1.2308860935706679e+29
8.6831706464543330e-15 1.1626960996116837e+06 1.8728480053113139e+05 8.8086989972139712e+16 1.2425869436469642e+29
8.4848641110271021e-15 1.1626904611230756e+06 1.8526697527366664e+05 8.6727109959079264e+16 1.2540766996013796e+29
8.2910865067466053e-15 1.1626753739157680e+06 1.8325334292493452e+05 8.5376444590222496e+16 1.2653419959971297e+29
8.1017344017351153e-15 1.1626515562478404e+06 1.8124429138373476e+05 8.4035301824734608e+16 1.2763633268476535e+29
7.9167067262954120e-15 1.1626198279489723e+06 1.7924054973050169e+05 8.2704227249205056e+16 1.2871646546694942e+29
7.7359047189634282e-15 1.1625809047291088e+06 1.7724279503001235e+05 8.1383693255475888e+16 1.2977124275290485e+29
7.5592318737926421e-15 1.1625354279268840e+06 1.7525138782227441e+05 8.0073938704148320e+16 1.3080116664997931e+29
7.3865938888424051e-15 1.1624840480381395e+06 1.7326662789249138e+05 7.8775156285832032e+16 1.3180556418558098e+29
7.2178986158429975e-15 1.1624274672669864e+06 1.7128879860079676e+05 7.7487530136532384e+16 1.3278474000908660e+29
7.0530560110097832e-15 1.1623664602766330e+06 1.6931825055382011e+05 7.6211292099290992e+16 1.3373586368761477e+29
6.8919780869811397e-15 1.1623019122357094e+06 1.6735554190368034e+05 7.4946816991134352e+16 1.3466296676384536e+29
6.7345788658535760e-15 1.1622346506363465e+06 1.6540142543884763e+05 7.3694580114761232e+16 1.3555873877296118e+29
6.5807743332898606e-15 1.1621653997415570e+06 1.6345623746756415e+05 7.2454757583678960e+16 1.3642840851574378e+29
6.4304823936749431e-15 1.1620948329375233e+06 1.6152024800177285e+05 7.1227473714059104e+16 1.3726819934010769e+29
6.2836228262960381e-15 1.1620236721435753e+06 1.5959358675214730e+05 7.0012763254455256e+16 1.3808117659525982e+29
6.1401172425237023e-15 1.1619527242704846e+06 1.5767653826543599e+05 6.8810767895348840e+16 1.3886355909390609e+29
5.9998890439705759e-15 1.1618828790518024e+06 1.5576942297784318e+05 6.7621653134431080e+16 1.3961475959245137e+29
5.8628633816057044e-15 1.1618150563979873e+06 1.5387279812188615e+05 6.6445730803121912e+16 1.4033970685264948e+29
5.7289671158028247e-15 1.1617500902073209e+06 1.5198703041030519e+05 6.5283170314293256e+16 1.4103247979906652e+29
5.5981287773008504e-15 1.1616888370363195e+06 1.5011239365549173e+05 6.4134076252967032e+16 1.4169711702226080e+29
5.4702785290559493e-15 1.1616321683364084e+06 1.4824919882566977e+05 6.2998573972012800e+16 1.4232885530983425e+29
5.3453481289650542e-15 1.1615809357000648e+06 1.4639775093218219e+05 6.1876776679195280e+16 1.4293080506978744e+29
5.2232708934404756e-15 1.1615360332529922e+06 1.4455829971378963e+05 6.0768758074340920e+16 1.4350208158690572e+29
5.1039816618164203e-15 1.1614983304182037e+06 1.4273107601435672e+05 5.9674575764068648e+16 1.4404092231192881e+29
4.9874167615685985e-15 1.1614687345655931e+06 1.4091626710498749e+05 5.8594258606151640e+16 1.4455077745727872e+29
4.8735139743278304e-15 1.1614481996272905e+06 1.3911409438014106e+05 5.7527856292400296e+16 1.4503016197049814e+29
4.7622125026701672e-15 1.1614376914333347e+06 1.3732477777873588e+05 5.6475415913661064e+16 1.4547678934191436e+29
4.6534529376651431e-15 1.1614382626824952e+06 1.3554865546511058e+05 5.5437054567204096e+16 1.4589453842572672e+29
4.5471772271654456e-15 1.1614508856776750e+06 1.3378602365099685e+05 5.4412852232253208e+16 1.4628063059454285e+29
4.4433286448206034e-15 1.1614765600712278e+06 1.3203707492194118e+05 5.3402821093434536e+16 1.4663531210450821e+29
4.3418517597983386e-15 1.1615162828045546e+06 1.3030200595674591e+05 5.2406974458431368e+16 1.4696043981504667e+29
4.2426924071975897e-15 1.1615711073921581e+06 1.2858104662878513e+05 5.1425341180547560e+16 1.4725453972841804e+29
4.1457976591370770e-15 1.1616420177821843e+06 1.2687437555785030e+05 5.0457915381975064e+16 1.4751875136786863e+29
4.0511157965041552e-15 1.1617300909030538e+06 1.2518215381548088e+05 4.9504678140454352e+16 1.4775211299155462e+29
3.9585962813490184e-15 1.1618363797221149e+06 1.2350455176363216e+05 4.8565614848488672e+16 1.4795821253637912e+29
3.8681897299092095e-15 1.1619619608453412e+06 1.2184174048586679e+05 4.7640707445621200e+16 1.4813193370688728e+29
3.7798478862502085e-15 1.1621079202338031e+06 1.2019385925828382e+05 4.6729917340014824e+16 1.4827946285034339e+29
3.6935235965081540e-15 1.1622753875825028e+06 1.1856104070135042e+05 4.5833200892619104e+16 1.4839670361605923e+29
3.6091707837206704e-15 1.1624654310752570e+06 1.1694349778524788e+05 4.4950558219215848e+16 1.4848604533732820e+29
3.5267444232325131e-15 1.1626792222436455e+06 1.1534139684521929e+05 4.4081955608346064e+16 1.4854484189243405e+29
3.4462005186630304e-15 1.1629178309968302e+06 1.1375484535875905e+05 4.3227323164086576e+16 1.4858119575390765e+29
3.3674960784223519e-15 1.1631823452460563e+06 1.1218392796905375e+05 4.2386573882126168e+16 1.4858658644673243e+29
3.2905890927639030e-15 1.1634738860189253e+06 1.1062860989931491e+05 4.1559556376007800e+16 1.4857622265381779e+29
3.2154385113611301e-15 1.1637936112205929e+06 1.0908893818707443e+05 4.0746167373814680e+16 1.4851724589016474e+29
3.1420042213961282e-15 1.1641427085077153e+06 1.0756499081377726e+05 3.9946319523787128e+16 1.4844276224798058e+29
3.0702470261488918e-15 1.1645223424913893e+06 1.0605681168073496e+05 3.9159903780810232e+16 1.4834231383912138e+29
3.0001286240753394e-15 1.1649337329868292e+06 1.0456428149489906e+05 3.8386725336509960e+16 1.4821796125458430e+29
2.9316115883633456e-15 1.1653781812329276e+06 1.0308742466154491e+05 3.7626673251571736e+16 1.4806903732205248e+29
2.8646593469555428e-15 1.1658569979713201e+06 1.0162629358468941e+05 3.6879650875969016e+16 1.4789412004596925e+29
2.7992361630283719e-15 1.1663715088617438e+06 1.0018092677135127e+05 3.6145553253406816e+16 1.4769653205075165e+29
2.7353071159170559e-15 1.1669230813696890e+06 9.8751316264756460e+04 3.5424251494400872e+16 1.4747511059795742e+29
2.6728380824761013e-15 1.1675131003239776e+06 9.7337488400607341e+04 3.4715636177137644e+16 1.4723191318670190e+29
2.6117957188654957e-15 1.1681430098873230e+06 9.5939471939061870e+04 3.4019599216161460e+16 1.4696543003248524e+29
2.5521474427529691e-15 1.1688142530079302e+06 9.4557305183107310e+04 3.3336038183719612e+16 1.4667849270629113e+29
2.4938614159226217e-15 1.1695282551602265e+06 9.3191113777080012e+04 3.2664892885664532e+16 1.4637243667416999e+29
2.4369065272807395e-15 1.1702864361597460e+06 9.1840929495132455e+04 3.2006050449738580e+16 1.4604387817192974e+29
2.3812523762498158e-15 1.1710902068890033e+06 9.0506756827283592e+04 3.1359382839937716e+16 1.4569559782969901e+29
2.3268692565417277e-15 1.1719409709859309e+06 8.9188572710362205e+04 3.0724745017498404e+16 1.4532974523731120e+29
2.2737281403015041e-15 1.1728403034701785e+06 8.7886063185320192e+04 3.0101850166513680e+16 1.4494345650470133e+29
2.2218006626133126e-15 1.1737898754832388e+06 8.6599116660703381e+04 2.9490524941106404e+16 1.4454008462930473e+29
2.1710591063601611e-15 1.1747913542613655e+06 8.5327720378950296e+04 2.8890646510060524e+16 1.4412074966062534e+29
2.1214763874295099e-15 1.1758464347956167e+06 8.4071857271651286e+04 2.8302090471321820e+16 1.4368122474413698e+29
2.0730260402566669e-15 1.1769569801219364e+06 8.2831533983563932e+04 2.7724744154881732e+16 1.4323826107890204e+29
2.0256822036983470e-15 1.1781242773773801e+06 8.1606743422541360e+04 2.7158486992765296e+16 1.4276345830673813e+29
1.9794196072289361e-15 1.1793505064297193e+06 8.0397454032859023e+04 2.6603186413439152e+16 1.4227799456349961e+29
1.9342135574518784e-15 1.1806372915074169e+06 7.9203629937332065e+04 2.6058707524879400e+16 1.4177798595068344e+29
1.8900399249192402e-15 1.1819864539058246e+06 7.8025169982014428e+04 2.5524883884589476e+16 1.4126667677749852e+29
1.8468751312522100e-15 1.1833999788928744e+06 7.6861901850890979e+04 2.5001520839849220e+16 1.4074120482653348e+29
1.8046961365557400e-15 1.1848798175094356e+06 7.5713775987212939e+04 2.4488484596305876e+16 1.4021167993931488e+29
1.7634804271206827e-15 1.1864279451735583e+06 7.4580742518657280e+04 2.3985641319769260e+16 1.3966097094620263e+29
1.7232060034067163e-15 1.1880463577361219e+06 7.3462736057276794e+04 2.3492849672936128e+16 1.3910571706820007e+29
1.6838513682997199e-15 1.1897372619933998e+06 7.2359571165003072e+04 2.3009915782920284e+16 1.3853581153221318e+29
1.6453955156373893e-15 1.1915028771269815e+06 7.1271155108635779e+04 2.2536693348627768e+16 1.3795991431484183e+29
1.6078179189968424e-15 1.1933454218878008e+06 7.0197426544642090e+04 2.2073051383244880e+16 1.3737421315421920e+29
1.5710985207382948e-15 1.1952671661972404e+06 6.9138321311844324e+04 2.1618858582489948e+16 1.3677519514983571e+29
1.5352177212990160e-15 1.1972704032938674e+06 6.8093786973520153e+04 2.1173989703897676e+16 1.3617617645194745e+29
1.5001563687317299e-15 1.1993574219019420e+06 6.7063776720770009e+04 2.0738321655213888e+16 1.3556401549617488e+29
1.4658957484819409e-15 1.2015305694946449e+06 6.6048217623544464e+04 2.0311719816563840e+16 1.3494649655861624e+29
1.4324175733987857e-15 1.2037922298881740e+06 6.5047033825994033e+04 1.9894048336204560e+16 1.3432546497903984e+29
1.3997039739739272e-15 1.2061447882196873e+06 6.4060131855635183e+04 1.9485162270550376e+16 1.3369955786952757e+29
1.3677374888034679e-15 1.2085912896386879e+06 6.3087151116470166e+04 1.9084805102570532e+16 1.3306661567361862e+29
1.3365010552676013e-15 1.2111347100304987e+06 6.2127904604324838e+04 1.8692805729214088e+16 1.3243298658669844e+29
1.3059780004232072e-15 1.2137779380479131e+06 6.1182312071098895e+04 1.8309040752625868e+16 1.3179273335664917e+29
1.2761520321043861e-15 1.2165238774710279e+06 6.0250290906574199e+04 1.7933386551987872e+16 1.3115473367460430e+29
1.2470072302262402e-15 1.2193755405657343e+06 5.9331749838543728e+04 1.7565716637030384e+16 1.3050886570434893e+29
1.2185280382873081e-15 1.2223360767997431e+06 5.8426572344076762e+04 1.7205895557236658e+16 1.2986228342305457e+29
1.1906992550660171e-15 1.2254086726050051e+06 5.7534667598382082e+04 1.6853800219957938e+16 1.2921696876617788e+29
1.1635060265067758e-15 1.2285965493017915e+06 5.6655946554529968e+04 1.6509309050122904e+16 1.2857451254616749e+29
1.1369338377914151e-15 1.2319030123844941e+06 5.5790318552367426e+04 1.6172300390686530e+16 1.2792462433523623e+29
1.1109685055916584e-15 1.2353315234172274e+06 5.4937659267024042e+04 1.5842639354125464e+16 1.2729115339774140e+29
1.0855961704985305e-15 1.2388858415080397e+06 5.4097805605636771e+04 1.5520178463648480e+16 1.2663610471563139e+29
1.0608032896247057e-15 1.2425695899668017e+06 5.3270662064605400e+04 1.5204799297436904e+16 1.2599379583593808e+29
1.0365766293757621e-15 1.2463864560646128e+06 5.2456133957014834e+04 1.4896383996740888e+16 1.2535487780695184e+29
1.0129032583865274e-15 1.2503401595207511e+06 5.1654125257326334e+04 1.4594813547677708e+16 1.2471827419777521e+29
9.8977054061878349e-16 1.2544352424416463e+06 5.0864361859976503e+04 1.4299898535373630e+16 1.2408542471296664e+29
9.6716612861656596e-16 1.2586775555652108e+06 5.0086460797194100e+04 1.4011419107523488e+16 1.2345370505692864e+29
9.4507795691550233e-16 1.2630712780536560e+06 4.9320324904348090e+04 1.3729271464315772e+16 1.2282881735277259e+29
9.2349423560270548e-16 1.2676216765446598e+06 4.8565862093954049e+04 1.3453355220714684e+16 1.2220591184004397e+29
9.0240344402369017e-16 1.2723335623580979e+06 4.7822978485999825e+04 1.3183570485975034e+16 1.2159228122583244e+29
8.8179432463306952e-16 1.2772117802642130e+06 4.7091629631822376e+04 1.2919837525608372e+16 1.2098370297996610e+29
8.6165587698563285e-16 1.2822608793875016e+06 4.6371811444196916e+04 1.2662089277260388e+16 1.2038440365612521e+29
8.4197735186470735e-16 1.2874860220191041e+06 4.5663423994781464e+04 1.2410221382366332e+16 1.1978732290022379e+29
8.2274824554458266e-16 1.2928934035783305e+06 4.4966247468642090e+04 1.2164086582749000e+16 1.1920033012225390e+29
8.0395829418396960e-16 1.2984891472677272e+06 4.4280131496816015e+04 1.1923568291563124e+16 1.1862188316746497e+29
