8.0395829418396959e-13 8.9638647448851343e+05 3.0499941894068813e+05 1.2456024756140982e+17 2.5894498092125774e+27
7.8559746834753246e-13 8.9795414895969338e+05 3.0565276666291960e+05 1.2538889440398542e+17 2.6202443181623740e+27
7.6765596765250801e-13 8.9954029221563984e+05 3.0630730372474750e+05 1.2622477308941597e+17 2.6521748703895127e+27
7.5012421553758558e-13 9.0114492905621394e+05 3.0696295011919388e+05 1.2706787889609536e+17 2.6850036826867536e+27
7.3299285415128468e-13 9.0276778460107441e+05 3.0761952031134325e+05 1.2791806610024368e+17 2.7189642817308594e+27
7.1625273935704306e-13 9.0440856369071419e+05 3.0827681745581160e+05 1.2877517240776395e+17 2.7539570079510231e+27
6.9989493585237990e-13 9.0606706005261710e+05 3.0893466003395309e+05 1.2963905974765528e+17 2.7900068759584768e+27
6.8391071239955609e-13 9.0774322009976872e+05 3.0959291041051765e+05 1.3050965022107117e+17 2.8272540514075810e+27
6.6829153716511489e-13 9.0943719744422019e+05 3.1025151421305252e+05 1.3138697536335570e+17 2.8655960031579699e+27
6.5302907316589952e-13 9.1114883443673991e+05 3.1091033468973346e+05 1.3227094459792587e+17 2.9052015654959942e+27
6.3811517381904706e-13 9.1287781686015381e+05 3.1156917326342617e+05 1.3316138304497718e+17 2.9462325826833511e+27
6.2354187859361313e-13 9.1462380499453330e+05 3.1222781190316385e+05 1.3405809012596787e+17 2.9879929784754616e+27
6.0930140876152718e-13 9.1638674151427345e+05 3.1288611216797744e+05 1.3496097823556899e+17 3.0312938645611124e+27
5.9538616324556484e-13 9.1816653536709119e+05 3.1354393971042661e+05 1.3586995979065130e+17 3.0759756902060456e+27
5.8178871456214496e-13 9.1996292979749176e+05 3.1420109540462663e+05 1.3678485709114606e+17 3.1219951674865286e+27
5.6850180485680912e-13 9.2177594088758144e+05 3.1485746779439476e+05 1.3770561659521653e+17 3.1693527448063040e+27
5.5551834203020698e-13 9.2360545517393854e+05 3.1551292394400190e+05 1.3863214422363493e+17 3.2181989629590537e+27
5.4283139595259256e-13 9.2545108129846223e+05 3.1616722892666463e+05 1.3956420077581056e+17 3.2684984744685931e+27
5.3043419476474946e-13 9.2731275238956651e+05 3.1682024753533857e+05 1.4050169341832619e+17 3.3204132060996745e+27
5.1832012126339740e-13 9.2919035575951706e+05 3.1747183130482852e+05 1.4144450077994365e+17 3.3738268219070586e+27
5.0648270936916735e-13 9.3108341523894423e+05 3.1812172833225474e+05 1.4239235157009347e+17 3.4288639079678022e+27
4.9491564067522283e-13 9.3299192216470779e+05 3.1876980168483069e+05 1.4334514952425712e+17 3.4855876356604340e+27
4.8361274107470329e-13 9.3491584565826540e+05 3.1941592298664857e+05 1.4430280415873398e+17 3.5439457433679757e+27
4.7256797746521049e-13 9.3685498881665641e+05 3.2005992838155420e+05 1.4526516394449501e+17 3.6041212532022838e+27
4.6177545452852868e-13 9.3880887708040059e+05 3.2070158472651121e+05 1.4623196117571350e+17 3.6660735038335636e+27
4.5122941158391827e-13 9.4077704365308094e+05 3.2134060670742544e+05 1.4720286769381818e+17 3.7298808845884878e+27
4.4092421951325472e-13 9.4275961681613501e+05 3.2197687613508635e+05 1.4817781753545078e+17 3.7956832328956299e+27
4.3085437775639206e-13 9.4475662092314183e+05 3.2261026333263214e+05 1.4915671688400710e+17 3.8633027699789877e+27
4.2101451137516242e-13 9.4676804514322290e+05 3.2324064996457641e+05 1.5013948002689520e+17 3.9330093791342315e+27
4.1139936818441155e-13 9.4879341397456382e+05 3.2386780850508309e+05 1.5112583015163843e+17 4.0048896327516494e+27
4.0200381594855675e-13 9.5083236493091914e+05 3.2449150706685270e+05 1.5211549909977734e+17 4.0788043048415226e+27
3.9282283964218600e-13 9.5288467877371772e+05 3.2511155138883955e+05 1.5310827890716160e+17 4.1549788836697164e+27
3.8385153877319545e-13 9.5495029399539123e+05 3.2572778002320329e+05 1.5410401591548653e+17 4.2334344264562076e+27
3.7508512476708503e-13 9.5702918005519023e+05 3.2634006566080218e+05 1.5510260236460234e+17 4.3141943092834803e+27
3.6651891841097572e-13 9.5912084148063674e+05 3.2694818543040997e+05 1.5610374834247994e+17 4.3974397691211212e+27
3.5814834735600098e-13 9.6122479476153548e+05 3.2755187583659746e+05 1.5710711623830445e+17 4.4831451906826140e+27
3.4996894367675177e-13 9.6334086920814426e+05 3.2815094833819050e+05 1.5811249686640970e+17 4.5713454923324424e+27
3.4197634148644563e-13 9.6546890628196159e+05 3.2874522430567280e+05 1.5911969225734397e+17 4.6621893590285901e+27
3.3416627460656126e-13 9.6760854592906521e+05 3.2933447837315232e+05 1.6012841647659171e+17 4.7556925995844778e+27
3.2653457428970620e-13 9.6975949789280444e+05 3.2991850629785180e+05 1.6113841742000525e+17 4.8519935376826112e+27
3.1907716699447724e-13 9.7192124223114015e+05 3.3049702128301322e+05 1.6214930453540906e+17 4.9511891331250649e+27
3.1179007221113923e-13 9.7409377442688344e+05 3.3106983044838114e+05 1.6316087697884006e+17 5.0533018487616953e+27
3.0466940033697372e-13 9.7627724306206999e+05 3.3163681024135224e+05 1.6417303688952858e+17 5.1584032622420738e+27
2.9771135060013152e-13 9.7847138864537480e+05 3.3219777352552279e+05 1.6518554053401149e+17 5.2667552685166729e+27
2.9091220903091890e-13 9.8067584591694444e+05 3.3275253982481448e+05 1.6619815317329030e+17 5.3781859815015670e+27
2.8426834647940371e-13 9.8289000373235520e+05 3.3330084768809198e+05 1.6721046481141907e+17 5.4929527570229886e+27
2.7777621667829500e-13 9.8511332636033732e+05 3.3384242151026201e+05 1.6822208302204922e+17 5.6111129543303346e+27
2.7143235435007391e-13 9.8734557172815234e+05 3.3437703389204433e+05 1.6923270999250294e+17 5.7326965746095259e+27
2.6523337335734285e-13 9.8958655741032911e+05 3.3490446525781346e+05 1.7024206560969219e+17 5.8578877745812442e+27
2.5917596489541772e-13 9.9183629497904854e+05 3.3542453984932072e+05 1.7124994602587824e+17 5.9870006121240867e+27
2.5325689572620839e-13 9.9409456731012347e+05 3.3593711439266230e+05 1.7225616676792918e+17 6.1196478421508575e+27
2.4747300645241784e-13 9.9636039342376951e+05 3.3644187702546135e+05 1.7326017290945763e+17 6.2562309670177357e+27
2.4182120983117104e-13 9.9863329204107053e+05 3.3693853702381341e+05 1.7426153639978986e+17 6.3967963503134467e+27
2.3629848912614671e-13 1.0009132220143711e+06 3.3742688396802719e+05 1.7525999956324179e+17 6.5415060590361551e+27
2.3090189649734352e-13 1.0032000549465517e+06 3.3790673055433435e+05 1.7625531050436659e+17 6.6905462956857237e+27
2.2562855142762949e-13 1.0054930930057144e+06 3.3837781048720097e+05 1.7724701861556099e+17 6.8437710203252609e+27
2.2047563918521709e-13 1.0077919741594687e+06 3.3883986368904199e+05 1.7823473318709370e+17 7.0014330257573042e+27
2.1544040932125280e-13 1.0100964581446075e+06 3.3929266433640092e+05 1.7921813478956838e+17 7.1638439107042304e+27
2.1052017420172673e-13 1.0124064424936925e+06 3.3973603153664613e+05 1.8019696115153670e+17 7.3319665521584694e+27
2.0571230757290243e-13 1.0147209033221821e+06 3.4016970852453343e+05 1.8117071389641645e+17 7.5028020432701932e+27
2.0101424315950971e-13 1.0170392602869930e+06 3.4059339260873653e+05 1.8213887647172275e+17 7.6796487727829088e+27
1.9642347329496030e-13 1.0193608648924743e+06 3.4100679159965756e+05 1.8310095178530461e+17 7.8613836445057238e+27
1.9193754758283432e-13 1.0216850668151210e+06 3.4140955761981494e+05 1.8405636234300842e+17 8.0484981844709895e+27
1.8755407158894795e-13 1.0240116584237666e+06 3.4180136730184889e+05 1.8500465052649075e+17 8.2407771084023530e+27
1.8327070556328355e-13 1.0263407199441293e+06 3.4218198378171975e+05 1.8594551660043779e+17 8.4385806427413421e+27
1.7908516319110873e-13 1.0286718245040373e+06 3.4255118610889668e+05 1.8687857162212304e+17 8.6420190608073608e+27
1.7499521037262478e-13 1.0310038573577940e+06 3.4290865129082522e+05 1.8780316500566589e+17 8.8511363612971889e+27
1.7099866403047436e-13 1.0333364094664208e+06 3.4325408144368883e+05 1.8871879228824387e+17 9.0661997615111330e+27
1.6709339094449448e-13 1.0356683665172332e+06 3.4358712172863248e+05 1.8962475959048509e+17 9.2870964181523988e+27
1.6327730661307397e-13 1.0379990576320122e+06 3.4390736593168328e+05 1.9052037666383146e+17 9.5141132132165256e+27
1.5954837414051565e-13 1.0403280767512324e+06 3.4421441320323839e+05 1.9140501936579654e+17 9.7474913195807424e+27
1.5590460314981504e-13 1.0426550570401922e+06 3.4450789717109164e+05 1.9227810265570134e+17 9.9872757120438842e+27
1.5234404872026269e-13 1.0449793005404655e+06 3.4478745816630591e+05 1.9313898264652202e+17 1.0233453602854331e+28
1.4886481034931015e-13 1.0472997382345614e+06 3.4505266300880996e+05 1.9398683317347734e+17 1.0486442238894976e+28
1.4546503093815020e-13 1.0496156422769148e+06 3.4530308021090174e+05 1.9482089848964829e+17 1.0746115396510184e+28
1.4214289580045901e-13 1.0519253898649395e+06 3.4553818333455274e+05 1.9564009402117149e+17 1.1012842392122715e+28
1.3889663169377659e-13 1.0542277378685058e+06 3.4575727458607766e+05 1.9644320589638806e+17 1.1286179635628543e+28
1.3572450587301461e-13 1.0565218312159923e+06 3.4595953328376886e+05 1.9722894792389066e+17 1.1566962553708139e+28
1.3262482516557153e-13 1.0588068122239094e+06 3.4614403747684235e+05 1.9799590749635779e+17 1.1854951755770303e+28
1.2959593506757878e-13 1.0610819784397972e+06 3.4630946763315448e+05 1.9874221616471350e+17 1.2150354083784304e+28
1.2663621886078123e-13 1.0633524752282416e+06 3.4645469998072955e+05 1.9946765816161050e+17 1.2454542978428700e+28
1.2374409674958667e-13 1.0656195304219280e+06 3.4657946282920573e+05 2.0017213806107021e+17 1.2767892261199234e+28
1.2091802501782780e-13 1.0678823967965397e+06 3.4668367603715794e+05 2.0085533162353210e+17 1.3091011162981551e+28
1.1815649520477777e-13 1.0701397887925080e+06 3.4676708431237651e+05 2.0151655807225981e+17 1.3422458790752304e+28
1.1545803329998362e-13 1.0723915934519887e+06 3.4682937244449829e+05 2.0215535393730838e+17 1.3764314910113125e+28
1.1282119895649331e-13 1.0746371541511526e+06 3.4687028432389058e+05 2.0277119987797494e+17 1.4116054791680420e+28
1.1024458472204377e-13 1.0768762107598805e+06 3.4688949647802545e+05 2.0336359287730717e+17 1.4478171753521634e+28
1.0772681528781416e-13 1.0791084697254272e+06 3.4688680159580027e+05 2.0393216471473174e+17 1.4850428262897057e+28
1.0526654675433147e-13 1.0813329130167123e+06 3.4686196567127551e+05 2.0447633430386502e+17 1.5233410061592987e+28
1.0286246591414157e-13 1.0835493404690770e+06 3.4681462793718482e+05 2.0499557626986176e+17 1.5627451569347496e+28
1.0051328955086642e-13 1.0857574632032434e+06 3.4674449651080562e+05 2.0548943025063856e+17 1.6032799230931953e+28
9.8217763754265583e-14 1.0879570171497341e+06 3.4665127621590690e+05 2.0595744624013136e+17 1.6449730023134049e+28
9.5974663250940560e-14 1.0901479998639473e+06 3.4653475469903246e+05 2.0639934589297677e+17 1.6878674509076505e+28
9.3782790750328011e-14 1.0923292101147294e+06 3.4639495039265830e+05 2.0681482145041837e+17 1.7319359796437191e+28
9.1640976305625656e-14 1.0945000040787314e+06 3.4623156279670756e+05 2.0720331707581370e+17 1.7772553517967885e+28
8.9548076689313450e-14 1.0966601828911230e+06 3.4604424449885939e+05 2.0756435338286317e+17 1.8238373198046945e+28
8.7502974782940347e-14 1.0988095068293656e+06 3.4583268586040696e+05 2.0789748812105146e+17 1.8717275553986361e+28
8.5504578980841602e-14 1.1009479219500385e+06 3.4559661327900481e+05 2.0820238050163610e+17 1.9209023565704409e+28
8.3551822607479450e-14 1.1030752474896980e+06 3.4533598329177120e+05 2.0847893843072547e+17 1.9715359692502103e+28
8.1643663348086941e-14 1.1051900647943486e+06 3.4505090250891756e+05 2.0872692024374307e+17 2.0234548911110779e+28
7.9779082692314898e-14 1.1072920590980621e+06 3.4474105960346444e+05 2.0894586816511814e+17 2.0768209458556813e+28
7.7957085390588123e-14 1.1093809508043607e+06 3.4440618142466509e+05 2.0913540557184470e+17 2.1316385149477831e+28
7.6176698922872544e-14 1.1114563124761540e+06 3.4404606740094972e+05 2.0929520010808493e+17 2.1878895441567390e+28
7.4436972979579387e-14 1.1135180235170824e+06 3.4366045539168123e+05 2.0942493879756221e+17 2.2456703584019364e+28
7.2736978954321352e-14 1.1155657832472252e+06 3.4324936395769916e+05 2.0952460276860582e+17 2.3049760560945660e+28
7.1075809448253324e-14 1.1175982168293234e+06 3.4281298231158429e+05 2.0959406653052550e+17 2.3658057650173664e+28
6.9452577785735583e-14 1.1196148728581532e+06 3.4235097696794732e+05 2.0963285098136890e+17 2.4281956027068427e+28
6.7866417541055714e-14 1.1216154338885560e+06 3.4186300988675351e+05 2.0964051418964560e+17 2.4921948550507307e+28
6.6316482075959181e-14 1.1235995755973398e+06 3.4134876684228930e+05 2.0961665312479526e+17 2.5578276886154304e+28
6.4801944087744509e-14 1.1255670899094432e+06 3.4080795278843574e+05 2.0956092334723034e+17 2.6251647693031399e+28
6.3321995167676364e-14 1.1275177770214821e+06 3.4024039732246631e+05 2.0947315072596678e+17 2.6941983779699383e+28
6.1875845369483762e-14 1.1294508892340930e+06 3.3964617403832619e+05 2.0935328217244022e+17 2.7649548378448586e+28
6.0462722787715319e-14 1.1313660628689772e+06 3.3902505634600919e+05 2.0920103394516669e+17 2.8374490466713744e+28
5.9081873145721601e-14 1.1332631229769341e+06 3.3837682401368394e+05 2.0901619558172330e+17 2.9117618973522752e+28
5.7732559393047217e-14 1.1351415094334346e+06 3.3770154665840894e+05 2.0879878399129306e+17 2.9878353240593547e+28
5.6414061312020209e-14 1.1370008010478094e+06 3.3699908632480458e+05 2.0854862292964131e+17 3.0658165734770184e+28
5.5125675133322412e-14 1.1388408565132688e+06 3.3626924504808901e+05 2.0826556087824896e+17 3.1455956340981570e+28
5.3866713160343085e-14 1.1406611850246051e+06 3.3551225095190661e+05 2.0794983959762042e+17 3.2272867844708590e+28
5.2636503402109189e-14 1.1424608497296714e+06 3.3472828459367651e+05 2.0760150694052797e+17 3.3109001703203504e+28
5.1434389214598862e-14 1.1442394621756361e+06 3.3391706900544890e+05 2.0722026022587248e+17 3.3964724070393226e+28
5.0259728950248755e-14 1.1459966919733700e+06 3.3307833138396678e+05 2.0680582496914550e+17 3.4838485654378126e+28
4.9111895615462751e-14 1.1477322967942096e+06 3.3221179988891591e+05 2.0635796789247616e+17 3.5733756248833321e+28
4.7990276535945624e-14 1.1494460865337527e+06 3.3131726905206364e+05 2.0587655626040211e+17 3.6647253683864595e+28
4.6894273029677714e-14 1.1511379908494931e+06 3.3039461731372715e+05 2.0536160518284723e+17 3.7582289940733435e+28
4.5823300087358381e-14 1.1528074908231448e+06 3.2944431556642777e+05 2.0481366383837821e+17 3.8538103308601311e+28
4.4776786060149089e-14 1.1544538979488548e+06 3.2846658468477870e+05 2.0423292986856979e+17 3.9517141791010331e+28
4.3754172354546191e-14 1.1560767710069939e+06 3.2746123176126863e+05 2.0361927529247622e+17 4.0510726965751453e+28
4.2754913134222209e-14 1.1576759928554320e+06 3.2642812656342529e+05 2.0297266755635229e+17 4.1527678512233087e+28
4.1778475028678120e-14 1.1592511390001844e+06 3.2536729146824707e+05 2.0229321435615360e+17 4.2566483678823073e+28
4.0824336848547811e-14 1.1608019671033178e+06 3.2427861374164483e+05 2.0158092132394246e+17 4.3625924805721971e+28
3.9891989307404462e-14 1.1623283618469411e+06 3.2316200187138002e+05 2.0083586878060790e+17 4.4706602067250075e+28
3.8980934749921996e-14 1.1638301366578701e+06 3.2201775539672677e+05 2.0005855247512246e+17 4.5809318989547700e+28
3.8090686886242321e-14 1.1653065903345835e+06 3.2084641274495987e+05 1.9924956849422026e+17 4.6932875061794832e+28
3.7220770532411519e-14 1.1667574310252129e+06 3.1964787664468278e+05 1.9840894473646403e+17 4.8077318033452128e+28
3.6370721356742348e-14 1.1681824483652315e+06 3.1842206034998310e+05 1.9753675549596941e+17 4.9244515417698623e+28
3.5540085631969392e-14 1.1695813858635796e+06 3.1716906752447179e+05 1.9663327643215411e+17 5.0432463738587447e+28
3.4728419993065977e-14 1.1709539472117876e+06 3.1588898249352851e+05 1.9569875541169373e+17 5.1641762153670777e+28
3.3935291200589816e-14 1.1723000108677091e+06 3.1458176718474657e+05 1.9473336538258586e+17 5.2873236013788468e+28
3.3160275909435640e-14 1.1736195679248238e+06 3.1324745950810972e+05 1.9373741211955920e+17 5.4124965827676066e+28
3.2402960442867525e-14 1.1749123308196866e+06 3.1188681470103073e+05 1.9271187569997654e+17 5.5398998998005471e+28
3.1662940571711986e-14 1.1761778610362618e+06 3.1050023468854389e+05 1.9165730307838064e+17 5.6694379186440337e+28
3.0939821298595029e-14 1.1774159734868326e+06 3.0908771581618401e+05 1.9057389769804474e+17 5.8010480942106834e+28
3.0233216647105607e-14 1.1786265467201069e+06 3.0764929207619780e+05 1.8946193343297741e+17 5.9347459280093799e+28
2.9542749455774224e-14 1.1798093898342743e+06 3.0618534124365321e+05 1.8832202233071238e+17 6.0704608190857440e+28
2.8868051176757726e-14 1.1809642773424019e+06 3.0469610398621531e+05 1.8715461852422483e+17 6.2083154418463385e+28
2.8208761679120653e-14 1.1820911017114187e+06 3.0318163902360143e+05 1.8596003621583533e+17 6.3481900214247655e+28
2.7564529056609296e-14 1.1831898852324549e+06 3.0164205629182007e+05 1.8473868505230109e+17 6.4899623218173565e+28
2.6935009439816838e-14 1.1842605916122866e+06 3.0007805288448493e+05 1.8349155594869152e+17 6.6337871867386215e+28
2.6319866812637211e-14 1.1853029061829799e+06 2.9849028026643267e+05 1.8221949918550806e+17 6.7795415966378949e+28
2.5718772832910860e-14 1.1863167264023619e+06 2.9687884497792670e+05 1.8092287441768621e+17 6.9271107915509076e+28
2.5131406657167638e-14 1.1873020341893435e+06 2.9524388565969653e+05 1.7960210261977117e+17 7.0766145747591420e+28
2.4557454769370657e-14 1.1882588681175462e+06 2.9358583145256509e+05 1.7825791941638394e+17 7.2279076598402247e+28
2.3996610813572847e-14 1.1891870130221078e+06 2.9190548560544924e+05 1.7689134536780595e+17 7.3811986768985693e+28
2.3448575430394285e-14 1.1900863820306123e+06 2.9020303742486751e+05 1.7550281884169962e+17 7.5357354023831988e+28
2.2913056097234067e-14 1.1909569235940285e+06 2.8847865572041343e+05 1.7409277977897805e+17 7.6921617769531802e+28
2.2389766972132404e-14 1.1917985923511854e+06 2.8673257800191466e+05 1.7266176490481094e+17 7.8502281046433525e+28
2.1878428741197178e-14 1.1926116745023706e+06 2.8496543790811882e+05 1.7121067787605565e+17 8.0098116896097645e+28
2.1378768469516348e-14 1.1933958691398404e+06 2.8317757214074850e+05 1.6974012334244499e+17 8.1708987429958342e+28
2.0890519455474319e-14 1.1941513612866185e+06 2.8136921926626255e+05 1.6825064284763104e+17 8.3333091365008083e+28
2.0413421088395478e-14 1.1948783603214761e+06 2.7954066042375442e+05 1.6674285449298861e+17 8.4972286583300879e+28
1.9947218709439593e-14 1.1955772221749458e+06 2.7769281009389239e+05 1.6521801535534141e+17 8.6625840084199908e+28
1.9491663475673367e-14 1.1962478775327925e+06 2.7582717137207149e+05 1.6367778816913638e+17 8.8288916382848339e+28
1.9046512227246311e-14 1.1968902952935274e+06 2.7394405185827147e+05 1.6212269799302563e+17 8.9964176858154035e+28
1.8611527357600804e-14 1.1975044721382714e+06 2.7204372592055646e+05 1.6055324948262778e+17 9.1649034293917789e+28
1.8186476686645556e-14 1.1980906085640008e+06 2.7012648020786338e+05 1.5896996870136224e+17 9.3346674513111763e+28
1.7771133336825583e-14 1.1986483338256388e+06 2.6819269456977840e+05 1.5737347605674778e+17 9.5045797469409735e+28
1.7365275612023216e-14 1.1991781745105274e+06 2.6624273748250207e+05 1.5576438227597619e+17 9.6757782763679835e+28
1.6968686879223694e-14 1.1996801374897740e+06 2.6427692670836812e+05 1.5414326125918112e+17 9.8475302860153748e+28
1.6581155452884349e-14 1.2001544563583778e+06 2.6229560725747282e+05 1.5251073312824080e+17 1.0019927774874197e+29
1.6202474481943860e-14 1.2006015085390443e+06 2.6029920748871815e+05 1.5086753119877850e+17 1.0192852086835090e+29
1.5832441839412017e-14 1.2010217181726671e+06 2.5828919702896843e+05 1.4921531093698707e+17 1.0366290718937374e+29
1.5470860014481690e-14 1.2014152329177535e+06 2.5626642166571115e+05 1.4755506151609648e+17 1.0539914221410614e+29
1.5117536007103770e-14 1.2017821755707928e+06 2.5423124224099849e+05 1.4588733588894406e+17 1.0713660410803136e+29
1.4772281224970779e-14 1.2021227380758571e+06 2.5218402810671937e+05 1.4421270005933235e+17 1.0887452580405715e+29
1.4434911382852522e-14 1.2024371619883701e+06 2.5012517130889648e+05 1.4253175168899742e+17 1.1061408370924305e+29
1.4105246404230745e-14 1.2027257490879758e+06 2.4805535486566118e+05 1.4084534527062168e+17 1.1234998665634391e+29
1.3783110325180794e-14 1.2029887476551370e+06 2.4597512172719819e+05 1.3915418468757022e+17 1.1408428811166550e+29
1.3468331200447878e-14 1.2032264259355315e+06 2.4388486382217731e+05 1.3745884255865902e+17 1.1581451083648666e+29
1.3160741011668400e-14 1.2034391083138576e+06 2.4178498500709789e+05 1.3575990986318277e+17 1.1754074636162434e+29
1.2860175577687812e-14 1.2036272081203752e+06 2.3967590927361857e+05 1.3405801030401096e+17 1.1926102187055398e+29
1.2566474466926146e-14 1.2037913174682951e+06 2.3755855759630757e+05 1.3235421083236728e+17 1.2097314198853508e+29
1.2279480911744954e-14 1.2039318407488342e+06 2.3543392391147101e+05 1.3064957293511107e+17 1.2267859796658649e+29
1.1999041724770400e-14 1.2040491369799038e+06 2.3330242935127547e+05 1.2894465038024947e+17 1.2437483982917280e+29
1.1725007217126900e-14 1.2041436105019827e+06 2.3116450105913673e+05 1.2724000648509275e+17 1.2605991779180998e+29
1.1457231118538169e-14 1.2042157397998811e+06 2.2902058108367975e+05 1.2553622746219730e+17 1.2773239669254367e+29
1.1195570499253468e-14 1.2042661984752573e+06 2.2687133857321044e+05 1.2383411623879266e+17 1.2939571211928904e+29
1.0939885693756198e-14 1.2042956028717638e+06 2.2471827622685710e+05 1.2213512557672678e+17 1.3104408394252593e+29
1.0690040226215535e-14 1.2043045827727059e+06 2.2256198337589903e+05 1.2043987613932434e+17 1.3267600855021444e+29
1.0445900737640148e-14 1.2042932832938733e+06 2.2040286514867257e+05 1.1874882720296720e+17 1.3429011889189760e+29
1.0207336914695582e-14 1.2042624062438051e+06 2.1824129586196321e+05 1.1706241615285112e+17 1.3589220177965112e+29
9.9742214201477500e-15 1.2042118484342834e+06 2.1607771190118496e+05 1.1538113581295064e+17 1.3746660574461921e+29
9.7464298248943204e-15 1.2041427823838135e+06 2.1391269058005579e+05 1.1370559428213766e+17 1.3902699711913553e+29
9.5238405415489943e-15 1.2040556543682124e+06 2.1174686841391801e+05 1.1203642819621656e+17 1.4057201181303553e+29
9.3063347595421789e-15 1.2039507675716467e+06 2.0958068068048681e+05 1.1037410217273693e+17 1.4208182412341394e+29
9.0937963817038467e-15 1.2038289497371367e+06 2.0741462477667507e+05 1.0871913145278344e+17 1.4357500252173504e+29
8.8861119622950472e-15 1.2036908666392921e+06 2.0524919932564945e+05 1.0707202738800475e+17 1.4504617014788168e+29
8.6831706464543330e-15 1.2035371617876927e+06 2.0308485335769664e+05 1.0543326976932253e+17 1.4648980542395264e+29
8.4848641110271021e-15 1.2033688566438619e+06 2.0092270553164734e+05 1.0380387510337462e+17 1.4790867833632869e+29
8.2910865067466053e-15 1.2031867243299491e+06 1.9876375030414879e+05 1.0218468935881597e+17 1.4930307965868797e+29
8.1017344017351153e-15 1.2029913948293861e+06 1.9660841778567136e+05 1.0057609682043661e+17 1.5066654347331893e+29
7.9167067262954120e-15 1.2027836632471755e+06 1.9445746766162559e+05 9.8978738949207424e+16 1.5200096679488682e+29
7.7359047189634282e-15 1.2025642078488125e+06 1.9231160808975380e+05 9.7393176055068976e+16 1.5330861555896542e+29
7.5592318737926421e-15 1.2023336022520671e+06 1.9017124303573734e+05 9.5819716102161632e+16 1.5458450681542518e+29
7.3865938888424051e-15 1.2020924505909933e+06 1.8803674408326281e+05 9.4258637972431888e+16 1.5582618932090738e+29
7.2178986158429975e-15 1.2018413922362144e+06 1.8590846873749912e+05 9.2710207576438528e+16 1.5703888236024632e+29
7.0530560110097832e-15 1.2015811117483818e+06 1.8378680935470364e+05 9.1174715403731552e+16 1.5821666282167898e+29
6.8919780869811397e-15 1.2013123777190917e+06 1.8167227375116854e+05 8.9652538092847280e+16 1.5936163380117970e+29
6.7345788658535760e-15 1.2010357669608619e+06 1.7956547562356593e+05 8.8144109313540416e+16 1.6047181914063760e+29
6.5807743332898606e-15 1.2007526133802379e+06 1.7746679135032056e+05 8.6649670515523680e+16 1.6154437724475177e+29
6.4304823936749431e-15 1.2004627291222070e+06 1.7537655621034096e+05 8.5169425051537424e+16 1.6258438496835961e+29
6.2836228262960381e-15 1.2001674053296517e+06 1.7329502270610791e+05 8.3703514875804640e+16 1.6358395828889529e+29
6.1401172425237023e-15 1.1998670686482145e+06 1.7122252924135566e+05 8.2252146895581408e+16 1.6454849696890259e+29
5.9998890439705759e-15 1.1995628176803663e+06 1.6915944576406019e+05 8.0815551371040384e+16 1.6547612146390093e+29
5.8628633816057044e-15 1.1992554937985619e+06 1.6710644408732266e+05 7.9394168052691024e+16 1.6636484524255385e+29
5.7289671158028247e-15 1.1989459436699846e+06 1.6506395523637938e+05 7.7988235836676768e+16 1.6721607653757146e+29
5.5981287773008504e-15 1.1986349531920552e+06 1.6303229751517557e+05 7.6597906877746352e+16 1.6802650614756405e+29
5.4702785290559493e-15 1.1983233770428484e+06 1.6101184570331060e+05 7.5223369220305344e+16 1.6879805060694765e+29
5.3453481289650542e-15 1.1980120523624148e+06 1.5900297137665047e+05 7.3864797276128624e+16 1.6953109659507810e+29
5.2232708934404756e-15 1.1977018042337138e+06 1.5700596555840867e+05 7.2522301610810368e+16 1.7022279060438606e+29
5.1039816618164203e-15 1.1973934701173983e+06 1.5502110491770884e+05 7.1195977810306456e+16 1.7087410490979031e+29
4.9874167615685985e-15 1.1970879052113853e+06 1.5304863708761468e+05 6.9885897739768272e+16 1.7148610051882475e+29
4.8735139743278304e-15 1.1967859965946220e+06 1.5108882475792276e+05 6.8592141194265024e+16 1.7205732013708788e+29
4.7622125026701672e-15 1.1964886588204177e+06 1.4914192560506667e+05 6.7314781155172440e+16 1.7258798908411883e+29
4.6534529376651431e-15 1.1961968528685635e+06 1.4720826086871294e+05 6.6053930245658232e+16 1.7307254831167027e+29
4.5471772271654456e-15 1.1959115239438470e+06 1.4528812326337997e+05 6.4809672243954880e+16 1.7352419139813562e+29
4.4433286448206034e-15 1.1956336189321768e+06 1.4338174321834394e+05 6.3582044070932248e+16 1.7393098729112060e+29
4.3418517597983386e-15 1.1953640879362682e+06 1.4148934706236029e+05 6.2371076445236072e+16 1.7429640650989229e+29
4.2426924071975897e-15 1.1951039284366220e+06 1.3961117832759116e+05 6.1176807513380608e+16 1.7461890367395064e+29
4.1457976591370770e-15 1.1948541243983943e+06 1.3774744455525515e+05 5.9999246394094800e+16 1.7490615194572724e+29
4.0511157965041552e-15 1.1946156795271179e+06 1.3589834082393086e+05 5.8838391018860384e+16 1.7515178923275880e+29
3.9585962813490184e-15 1.1943895536337148e+06 1.3406404244958307e+05 5.7694223129413216e+16 1.7535335519705121e+29
3.8681897299092095e-15 1.1941769520562196e+06 1.3224470897218757e+05 5.6566712277987640e+16 1.7551642905458164e+29
3.7798478862502085e-15 1.1939787672086300e+06 1.3044050943478914e+05 5.5455832543087056e+16 1.7564060460203888e+29
3.6935235965081540e-15 1.1937961735589919e+06 1.2865160503568385e+05 5.4361550624127136e+16 1.7572351947039293e+29
3.6091707837206704e-15 1.1936302662894847e+06 1.2687818935804207e+05 5.3283851133703968e+16 1.7576625149893340e+29
3.5267444232325131e-15 1.1934821498838079e+06 1.2512042984316438e+05 5.2222697149898056e+16 1.7577335590605460e+29
3.4462005186630304e-15 1.1933529713582837e+06 1.2337846058510212e+05 5.1178027677492096e+16 1.7573919214552342e+29
3.3674960784223519e-15 1.1932438808195102e+06 1.2165240095564701e+05 5.0149769696264632e+16 1.7566800073354222e+29
3.2905890927639030e-15 1.1931559565543293e+06 1.1994229428525694e+05 4.9137802388038816e+16 1.7555796390984064e+29
3.2154385113611301e-15 1.1930904529037918e+06 1.1824822906907879e+05 4.8142034437376064e+16 1.7541343710421652e+29
3.1420042213961282e-15 1.1930485729957561e+06 1.1657030786618366e+05 4.7162381689032856e+16 1.7522934043740877e+29
3.0702470261488918e-15 1.1930315379807013e+06 1.1490860758118797e+05 4.6198741091267816e+16 1.7500723345962294e+29
3.0001286240753394e-15 1.1930405485447950e+06 1.1326310988680142e+05 4.5250954538993448e+16 1.7475182821821284e+29
2.9316115883633456e-15 1.1930770880510854e+06 1.1163387406282630e+05 4.4318913190107648e+16 1.7446158610977750e+29
2.8646593469555428e-15 1.1931423483202958e+06 1.1002097082661661e+05 4.3402513863352600e+16 1.7413858070935017e+29
2.7992361630283719e-15 1.1932377538544117e+06 1.0842446176510955e+05 4.2501648019577936e+16 1.7377831589787561e+29
2.7353071159170559e-15 1.1933647658211442e+06 1.0684437639867197e+05 4.1616187819665200e+16 1.7338595554998455e+29
2.6728380824761013e-15 1.1935247954508138e+06 1.0528076085411178e+05 4.0746016120544424e+16 1.7296097833296811e+29
2.6117957188654957e-15 1.1937193488423077e+06 1.0373365938640840e+05 3.9891014988482248e+16 1.7250470082693171e+29
2.5521474427529691e-15 1.1939500135245936e+06 1.0220313057393975e+05 3.9051075917174768e+16 1.7201674228215185e+29
2.4938614159226217e-15 1.1942183234145970e+06 1.0068935645701140e+05 3.8226157121648808e+16 1.7150126855616760e+29
2.4369065272807395e-15 1.1945258239296165e+06 9.9192390673074246e+04 3.7416137839526016e+16 1.7095503365155309e+29
2.3812523762498158e-15 1.1948740796622036e+06 9.7712249811391463e+04 3.6620875548390480e+16 1.7038024814114835e+29
2.3268692565417277e-15 1.1952646585093262e+06 9.6248932331824748e+04 3.5840215902790764e+16 1.6977893551742609e+29
2.2737281403015041e-15 1.1956991821933442e+06 9.4802278651232482e+04 3.5073919787871128e+16 1.6915193381865794e+29
2.2218006626133126e-15 1.1961793905898505e+06 9.3372232888360639e+04 3.4321812510910420e+16 1.6849520692268103e+29
2.1710591063601611e-15 1.1967070701459027e+06 9.1958788761555203e+04 3.3583747797410988e+16 1.6781580889399766e+29
2.1214763874295099e-15 1.1972840401127550e+06 9.0561934713174123e+04 3.2859577246443796e+16 1.6711039564283291e+29
2.0730260402566669e-15 1.1979121727157978e+06 8.9181670829456663e+04 3.2149159246965628e+16 1.6638247468656414e+29
2.0256822036983470e-15 1.1985933580054282e+06 8.7817985824969452e+04 3.1452345686844372e+16 1.6563214971605539e+29
1.9794196072289361e-15 1.1993295856226222e+06 8.6470852095707742e+04 3.0768980386201964e+16 1.6486014567666169e+29
1.9342135574518784e-15 1.2001228169638147e+06 8.5140236426066520e+04 3.0098904563943220e+16 1.6406924032313192e+29
1.8900399249192402e-15 1.2009751118851637e+06 8.3826065420369341e+04 2.9441938877185168e+16 1.6325670919583710e+29
1.8468751312522100e-15 1.2018886329974257e+06 8.2528222075125042e+04 2.8797885512796456e+16 1.6242506578177072e+29
1.8046961365557400e-15 1.2028656027056274e+06 8.1246657390619759e+04 2.8166584570425704e+16 1.6157697470063621e+29
1.7634804271206827e-15 1.2039082994059701e+06 7.9981321006307859e+04 2.7547876784176052e+16 1.6071077929566655e+29
1.7232060034067163e-15 1.2050190705145304e+06 7.8732150135327538e+04 2.6941597305661400e+16 1.5982990760313742e+29
1.6838513682997199e-15 1.2062004035544908e+06 7.7499011405508267e+04 2.6347548965210260e+16 1.5893200600558713e+29
1.6453955156373893e-15 1.2074548782349483e+06 7.6281822035559235e+04 2.5765564813726976e+16 1.5802321297444256e+29
1.6078179189968424e-15 1.2087851826775172e+06 7.5080515951194626e+04 2.5195489466486040e+16 1.5710088204956872e+29
1.5710985207382948e-15 1.2101941547214878e+06 7.3895023203033794e+04 2.4637170389095372e+16 1.5616763294636389e+29
1.5352177212990160e-15 1.2116844880297340e+06 7.2725587937163233e+04 2.4090613238539536e+16 1.5522235934911057e+29
1.5001563687317299e-15 1.2132583831083223e+06 7.1572633921819754e+04 2.3555889529642952e+16 1.5426987358699576e+29
1.4658957484819409e-15 1.2149184137468906e+06 7.0436081047438784e+04 2.3032819917418676e+16 1.5331086377998618e+29
1.4324175733987857e-15 1.2166672278788583e+06 6.9315839585096692e+04 2.2521221991600304e+16 1.5234161612277940e+29
1.3997039739739272e-15 1.2185075163831336e+06 6.8211813203449085e+04 2.2020911348771960e+16 1.5136886268867773e+29
1.3677374888034679e-15 1.2204421639911274e+06 6.7123839392654292e+04 2.1531674994355776e+16 1.5039437461684056e+29
1.3365010552676013e-15 1.2224740775516364e+06 6.6051794570742728e+04 2.1053322438556240e+16 1.4941192245309444e+29
1.3059780004232072e-15 1.2246062343773064e+06 6.4995579831106763e+04 2.0585676999995812e+16 1.4842848142395381e+29
1.2761520321043861e-15 1.2268416845323115e+06 6.3955091438432057e+04 2.0128561104634604e+16 1.4744248439450013e+29
1.2470072302262402e-15 1.2291835384084724e+06 6.2930221976194283e+04 1.9681797581115364e+16 1.4645468875741964e+29
1.2185280382873081e-15 1.2316350243868118e+06 6.1920850451523060e+04 1.9245205130100028e+16 1.4546795479404487e+29
1.1906992550660171e-15 1.2341994243637831e+06 6.0926866382821448e+04 1.8818609370073360e+16 1.4448125913130921e+29
1.1635060265067758e-15 1.2368801178614460e+06 5.9948159014285076e+04 1.8401837569671980e+16 1.4349127094797823e+29
1.1369338377914151e-15 1.2396805354450198e+06 5.8984615857144643e+04 1.7994717890771480e+16 1.4250828233230582e+29
1.1109685055916584e-15 1.2426042360294517e+06 5.8036105191317874e+04 1.7597071478196102e+16 1.4152555456633544e+29
1.0855961704985305e-15 1.2456549585681916e+06 5.7102474669931362e+04 1.7208713736989528e+16 1.4054771803939031e+29
1.0608032896247057e-15 1.2488364407891135e+06 5.6183606008028757e+04 1.6829476962882452e+16 1.3957238530050162e+29
1.0365766293757621e-15 1.2521525028287990e+06 5.5279381331129814e+04 1.6459195129531178e+16 1.3860360589138947e+29
1.0129032583865274e-15 1.2556070197545965e+06 5.4389681619306379e+04 1.6097702654305708e+16 1.3764017794131733e+29
9.8977054061878349e-16 1.2592042958249289e+06 5.3514287051338237e+04 1.5744792311871716e+16 1.3668476326677759e+29
9.6716612861656596e-16 1.2629492037330437e+06 5.2652915382206585e+04 1.5400238868369356e+16 1.3573006901419179e+29
9.4507795691550233e-16 1.2668462300146078e+06 5.1805445014500954e+04 1.5063888347508884e+16 1.3478776059503104e+29
9.2349423560270548e-16 1.2708999811804148e+06 5.0971756120968203e+04 1.4735589211505308e+16 1.3385134736148839e+29
9.0240344402369017e-16 1.2751151893393167e+06 5.0151727759131303e+04 1.4415191105440078e+16 1.3292620182346933e+29
8.8179432463306952e-16 1.2794965536745163e+06 4.9345268600245756e+04 1.4102557157110290e+16 1.3200682954710934e+29
8.6165587698563285e-16 1.2840486388984970e+06 4.8552310967909740e+04 1.3797558603110596e+16 1.3109734307300946e+29
8.4197735186470735e-16 1.2887763111755087e+06 4.7772719861950005e+04 1.3500037757903144e+16 1.3019912731564386e+29
8.2274824554458266e-16 1.2936867334164921e+06 4.7006004844031420e+04 1.3209700055756336e+16 1.2931369976087425e+29
8.0395829418396960e-16 1.2987866513224486e+06 4.6251882540812738e+04 1.2926346611370840e+16 1.2843706530514623e+29
