8.0395829418396959e-13 9.2737401932384458e+05 3.1276192783982301e+05 1.3484768985897872e+17 3.1741228747939393e+27
7.8559746834753246e-13 9.2897040876075381e+05 3.1344870563008892e+05 1.3575996618731058e+17 3.2099811011071448e+27
7.6765596765250801e-13 9.3058781272983528e+05 3.1413773684622673e+05 1.3668146615364552e+17 3.2470194005390654e+27
7.5012421553758558e-13 9.3222573328613711e+05 3.1482895956673112e+05 1.3761222486068749e+17 3.2851718883748190e+27
7.3299285415128468e-13 9.3388389863689302e+05 3.1552219826260419e+05 1.3855211924880939e+17 3.3245725605356056e+27
7.1625273935704306e-13 9.3556201805253921e+05 3.1621726625044370e+05 1.3950100934253318e+17 3.3652411815276811e+27
6.9989493585237990e-13 9.3725991164756473e+05 3.1691399679749284e+05 1.4045878704694256e+17 3.4071485687172752e+27
6.8391071239955609e-13 9.3897753209824825e+05 3.1761227160729881e+05 1.4142541379811371e+17 3.4504232060769104e+27
6.6829153716511489e-13 9.4071506618228066e+05 3.1831206148494186e+05 1.4240097411010299e+17 3.4950927174662716e+27
6.5302907316589952e-13 9.4247236490764143e+05 3.1901324474593514e+05 1.4338541111713262e+17 3.5411372969934984e+27
6.3811517381904706e-13 9.4424911290014430e+05 3.1971563110634172e+05 1.4437857066058432e+17 3.5886310274871230e+27
6.2354187859361313e-13 9.4604498703919607e+05 3.2041901764557272e+05 1.4538028102053933e+17 3.6375692260057302e+27
6.0930140876152718e-13 9.4785993803821469e+05 3.2112328487258719e+05 1.4639049460537539e+17 3.6880180505999251e+27
5.9538616324556484e-13 9.4969389249284868e+05 3.2182831861009356e+05 1.4740916581140566e+17 3.7400319914963888e+27
5.8178871456214496e-13 9.5154660537971905e+05 3.2253393517336261e+05 1.4843614829820218e+17 3.7935988297714198e+27
5.6850180485680912e-13 9.5341811099494528e+05 3.2324004727283062e+05 1.4947143830881693e+17 3.8488569451751691e+27
5.5551834203020698e-13 9.5530830212393543e+05 3.2394654010559880e+05 1.5051498166469360e+17 3.9057953804993768e+27
5.4283139595259256e-13 9.5721679430281767e+05 3.2465319336498337e+05 1.5156656669994512e+17 3.9644613813913808e+27
5.3043419476474946e-13 9.5914352453739243e+05 3.2535989211595093e+05 1.5262614422239654e+17 4.0248787894273251e+27
5.1832012126339740e-13 9.6108840444319963e+05 3.2606650763282477e+05 1.5369363404086083e+17 4.0871658785949618e+27
5.0648270936916735e-13 9.6305094301702885e+05 3.2677280004600162e+05 1.5476878800139904e+17 4.1513243841077400e+27
4.9491564067522283e-13 9.6503115622900147e+05 3.2747865863616450e+05 1.5585156194684470e+17 4.2173930453016596e+27
4.8361274107470329e-13 9.6702901895154314e+05 3.2818398028210265e+05 1.5694191671527558e+17 4.2854528137247036e+27
4.7256797746521049e-13 9.6904433846267150e+05 3.2888862024985917e+05 1.5803974048466298e+17 4.3555272440053304e+27
4.6177545452852868e-13 9.7107663944944704e+05 3.2959235332742345e+05 1.5914478344233050e+17 4.4278063483045779e+27
4.5122941158391827e-13 9.7312543894513173e+05 3.3029490906295978e+05 1.6025674193142912e+17 4.5021316660120324e+27
4.4092421951325472e-13 9.7519089833379991e+05 3.3099620421592257e+05 1.6137561697313997e+17 4.5787051354350761e+27
4.3085437775639206e-13 9.7727305469307792e+05 3.3169613971582352e+05 1.6250137435514851e+17 4.6575682967474403e+27
4.2101451137516242e-13 9.7937191051594994e+05 3.3239462481398904e+05 1.6363398429611728e+17 4.7388074135042458e+27
4.1139936818441155e-13 9.8148695975558844e+05 3.3309144159537001e+05 1.6477318980203200e+17 4.8224673700364718e+27
4.0200381594855675e-13 9.8361785533331730e+05 3.3378637528309610e+05 1.6591875368332650e+17 4.9085923136220564e+27
3.9282283964218600e-13 9.8576436188798922e+05 3.3447925379897869e+05 1.6707050944426858e+17 4.9972588920039728e+27
3.8385153877319545e-13 9.8792641816339199e+05 3.3516994438395166e+05 1.6822835723777254e+17 5.0886011734316509e+27
3.7508512476708503e-13 9.9010401007150917e+05 3.3585834942630597e+05 1.6939224697091709e+17 5.1826393356458915e+27
3.6651891841097572e-13 9.9229661304915871e+05 3.3654425416475593e+05 1.7056190481314070e+17 5.2794696751653090e+27
3.5814834735600098e-13 9.9450371745592088e+05 3.3722740771475766e+05 1.7173701282100813e+17 5.3790974820017337e+27
3.4996894367675177e-13 9.9672515146390896e+05 3.3790764662434964e+05 1.7291740644252342e+17 5.4816017914350929e+27
3.4197634148644563e-13 9.9896075220483379e+05 3.3858481877182267e+05 1.7410293491233882e+17 5.5872986015149528e+27
3.3416627460656126e-13 1.0012101340311536e+06 3.3925871500837849e+05 1.7529333891753888e+17 5.6960176077367065e+27
3.2653457428970620e-13 1.0034730013729566e+06 3.3992915257268731e+05 1.7648840229867683e+17 5.8078450878772130e+27
3.1907716699447724e-13 1.0057487974026703e+06 3.4059585458988335e+05 1.7768774477375661e+17 5.9230264037165783e+27
3.1179007221113923e-13 1.0080375256556650e+06 3.4125866593918425e+05 1.7889122758918397e+17 6.0415679238127288e+27
3.0466940033697372e-13 1.0103393333700617e+06 3.4191750466976961e+05 1.8009882623602282e+17 6.1635734549138687e+27
2.9771135060013152e-13 1.0126539144466565e+06 3.4257220240653865e+05 1.8131032721257523e+17 6.2890145160044688e+27
2.9091220903091890e-13 1.0149809609545275e+06 3.4322259631528129e+05 1.8252552419453418e+17 6.4183862748177144e+27
2.8426834647940371e-13 1.0173196935095784e+06 3.4386841864556668e+05 1.8374398819965622e+17 6.5514939526589626e+27
2.7777621667829500e-13 1.0196695715348417e+06 3.4450940715645941e+05 1.8496533746841798e+17 6.6883529609617859e+27
2.7143235435007391e-13 1.0220303234465582e+06 3.4514535625514551e+05 1.8618930199669962e+17 6.8290683352906882e+27
2.6523337335734285e-13 1.0244017476590333e+06 3.4577607233510353e+05 1.8741563599205386e+17 6.9739471829715414e+27
2.5917596489541772e-13 1.0267837815589127e+06 3.4640141252542194e+05 1.8864418393066778e+17 7.1228339173718853e+27
2.5325689572620839e-13 1.0291762967248241e+06 3.4702125458492560e+05 1.8987479154530502e+17 7.2763617620678425e+27
2.4747300645241784e-13 1.0315780786359581e+06 3.4763525774037623e+05 1.9110683390389981e+17 7.4342073653386873e+27
2.4182120983117104e-13 1.0339886241892925e+06 3.4824314132299472e+05 1.9233987840188077e+17 7.5965031549882523e+27
2.3629848912614671e-13 1.0364078685949616e+06 3.4884472606114403e+05 1.9357370405274890e+17 7.7633705321494509e+27
2.3090189649734352e-13 1.0388356137039808e+06 3.4943984337242803e+05 1.9480807527499162e+17 7.9350250970736519e+27
2.2562855142762949e-13 1.0412710950207793e+06 3.5002821827705152e+05 1.9604250110388902e+17 8.1116387696318951e+27
2.2047563918521709e-13 1.0437138399449295e+06 3.5060959292234544e+05 1.9727656909396938e+17 8.2931846907284844e+27
2.1544040932125280e-13 1.0461635800399859e+06 3.5118375729281740e+05 1.9850996126110752e+17 8.4798711717466269e+27
2.1052017420172673e-13 1.0486200583820364e+06 3.5175053816026344e+05 1.9974240540804134e+17 8.6717816980400011e+27
2.0571230757290243e-13 1.0510822339304357e+06 3.5230964400837844e+05 2.0097330971430659e+17 8.8690298948498396e+27
2.0101424315950971e-13 1.0535492946451423e+06 3.5286074571346579e+05 2.0220207297950445e+17 9.0717652529325297e+27
1.9642347329496030e-13 1.0560205029223887e+06 3.5340353391673852e+05 2.0342812587489085e+17 9.2802088589954792e+27
1.9193754758283432e-13 1.0584950699470339e+06 3.5393763465291570e+05 2.0465079567538867e+17 9.4941884682103416e+27
1.8755407158894795e-13 1.0609727014280744e+06 3.5446272915098112e+05 2.0586958246098829e+17 9.7139581994979962e+27
1.8327070556328355e-13 1.0634534296520688e+06 3.5497859374441690e+05 2.0708416396043581e+17 9.9397953644425395e+27
1.7908516319110873e-13 1.0659365407834973e+06 3.5548497159331501e+05 2.0829404207389142e+17 1.0171773787275316e+28
1.7499521037262478e-13 1.0684208440728674e+06 3.5598146187456377e+05 2.0949836977500058e+17 1.0410297895584109e+28
1.7099866403047436e-13 1.0709056356563014e+06 3.5646772120728029e+05 2.1069650138546550e+17 1.0654887695239566e+28
1.6709339094449448e-13 1.0733896433131627e+06 3.5694330431675573e+05 2.1188751352113549e+17 1.0905943973222694e+28
1.6327730661307397e-13 1.0758719639430151e+06 3.5740773500593740e+05 2.1307051294458845e+17 1.1163688859256060e+28
1.5954837414051565e-13 1.0783519968042537e+06 3.5786055751953443e+05 2.1424469436900349e+17 1.1427841834881347e+28
1.5590460314981504e-13 1.0808290514718145e+06 3.5830132113373408e+05 2.1540924148485443e+17 1.1699234375376977e+28
1.5234404872026269e-13 1.0833023280619523e+06 3.5872955145424441e+05 2.1656322026183082e+17 1.1977273239642109e+28
1.4886481034931015e-13 1.0857702466289604e+06 3.5914465115988435e+05 2.1770541577752451e+17 1.2262537989423092e+28
1.4546503093815020e-13 1.0882317787152280e+06 3.5954602287791553e+05 2.1883467692113216e+17 1.2554790488281572e+28
1.4214289580045901e-13 1.0906848428525950e+06 3.5993288366329530e+05 2.1994934826193597e+17 1.2854379760502342e+28
1.3889663169377659e-13 1.0931277303144324e+06 3.6030426101882872e+05 2.2104759532873750e+17 1.3161127660231209e+28
1.3572450587301461e-13 1.0955590658750110e+06 3.6065903154260095e+05 2.2212744809186938e+17 1.3475084895909774e+28
1.3262482516557153e-13 1.0979773463900855e+06 3.6099583895443589e+05 2.2318657658000230e+17 1.3796651019961534e+28
1.2959593506757878e-13 1.1003817636221536e+06 3.6131268296650407e+05 2.2422196144112691e+17 1.4125910782831810e+28
1.2663621886078123e-13 1.1027829469003971e+06 3.6160866677361535e+05 2.2523499728766083e+17 1.4465222507877775e+28
1.2374409674958667e-13 1.1051834483535367e+06 3.6188374389805913e+05 2.2622618776960752e+17 1.4815089739057315e+28
1.2091802501782780e-13 1.1075819272580240e+06 3.6213792880679521e+05 2.2719512395607549e+17 1.5175619388380939e+28
1.1815649520477777e-13 1.1099759682521306e+06 3.6237084719647351e+05 2.2814057920191776e+17 1.5547034426163224e+28
1.1545803329998362e-13 1.1123654436572024e+06 3.6258213871925918e+05 2.2906195119681734e+17 1.5929320025751660e+28
1.1282119895649331e-13 1.1147495780473272e+06 3.6277146075961180e+05 2.2995848759598314e+17 1.6323026664956329e+28
1.1024458472204377e-13 1.1171280856048276e+06 3.6293842635777302e+05 2.3082950939292186e+17 1.6728282049851372e+28
1.0772681528781416e-13 1.1195006693260830e+06 3.6308274997380300e+05 2.3167447244677245e+17 1.7145706100485221e+28
1.0526654675433147e-13 1.1218663329973929e+06 3.6320409623123595e+05 2.3249257888664010e+17 1.7575308708826916e+28
1.0286246591414157e-13 1.1242249660534116e+06 3.6330208651499485e+05 2.3328321679947866e+17 1.8017574641300906e+28
1.0051328955086642e-13 1.1265761189100144e+06 3.6337644009906962e+05 2.3404581684237987e+17 1.8472707407234252e+28
9.8217763754265583e-14 1.1289193689557698e+06 3.6342683097830351e+05 2.3477975651016362e+17 1.8941192098256825e+28
9.5974663250940560e-14 1.1312547423301481e+06 3.6345301927668537e+05 2.3548466806811805e+17 1.9423478648693067e+28
9.3782790750328011e-14 1.1335808597431018e+06 3.6345493220590358e+05 2.3616000317100736e+17 1.9919262250915667e+28
9.1640976305625656e-14 1.1358970379602206e+06 3.6343221135134366e+05 2.3680503058412077e+17 2.0429559841750731e+28
8.9548076689313450e-14 1.1382031383968147e+06 3.6338449482863134e+05 2.3741918160841670e+17 2.0954614853923516e+28
8.7502974782940347e-14 1.1404988189536559e+06 3.6331149130057899e+05 2.3800192817147786e+17 2.1494470767013598e+28
8.5504578980841602e-14 1.1427841106161892e+06 3.6321292457635753e+05 2.3855287162956800e+17 2.2049847109097268e+28
8.3551822607479450e-14 1.1450587466657315e+06 3.6308880900934123e+05 2.3907193807053434e+17 2.2620881782400575e+28
8.1643663348086941e-14 1.1473206585508457e+06 3.6293927147653489e+05 2.3955864266442954e+17 2.3207897028198317e+28
7.9779082692314898e-14 1.1495693418220119e+06 3.6276391523966263e+05 2.4001228767209670e+17 2.3811301729389072e+28
7.7957085390588123e-14 1.1518045406428452e+06 3.6256235903511383e+05 2.4043226964070381e+17 2.4430642026269744e+28
7.6176698922872544e-14 1.1540259226583026e+06 3.6233427209264162e+05 2.4081804289892099e+17 2.5067271641568781e+28
7.4436972979579387e-14 1.1562333904824934e+06 3.6207933912177838e+05 2.4116916306420621e+17 2.5718754273738996e+28
7.2736978954321352e-14 1.1584266583256926e+06 3.6179753284443298e+05 2.4148550064822573e+17 2.6393303732107535e+28
7.1075809448253324e-14 1.1606040552500701e+06 3.6148894981559028e+05 2.4176669337141082e+17 2.7083003080958043e+28
6.9452577785735583e-14 1.1627651886694843e+06 3.6115319877098931e+05 2.4201210446578134e+17 2.7791262168201185e+28
6.7866417541055714e-14 1.1649097293871110e+06 3.6078990699560079e+05 2.4222116780033600e+17 2.8517682255884341e+28
6.6316482075959181e-14 1.1670372867293796e+06 3.6039876291942404e+05 2.4239337883840214e+17 2.9263725745697397e+28
6.4801944087744509e-14 1.1691476616629565e+06 3.5997944023903261e+05 2.4252829363190819e+17 3.0028975382009788e+28
6.3321995167676364e-14 1.1712407024248501e+06 3.5953180599120428e+05 2.4262574267266320e+17 3.0814160938834625e+28
6.1875845369483762e-14 1.1733150734917438e+06 3.5905610725643189e+05 2.4268567213865440e+17 3.1619607156573866e+28
6.0462722787715319e-14 1.1753701591683805e+06 3.5855203360599856e+05 2.4270753988612307e+17 3.2445462569412197e+28
5.9081873145721601e-14 1.1774056225620199e+06 3.5801920757198712e+05 2.4269081735721482e+17 3.3292135366050886e+28
5.7732559393047217e-14 1.1794210933656760e+06 3.5745733083952701e+05 2.4263507417123242e+17 3.4159303508669759e+28
5.6414061312020209e-14 1.1814162776124654e+06 3.5686609457827470e+05 2.4253991176984970e+17 3.5049203805034832e+28
5.5125675133322412e-14 1.1833910911318269e+06 3.5624524910348654e+05 2.4240508360668653e+17 3.5961338388773084e+28
5.3866713160343085e-14 1.1853449245405192e+06 3.5559506063525344e+05 2.4223084362782534e+17 3.6894993234123687e+28
5.2636503402109189e-14 1.1872765588589986e+06 3.5491570432997542e+05 2.4201712129142205e+17 3.7851424203698635e+28
5.1434389214598862e-14 1.1891855689389706e+06 3.5420681234206510e+05 2.4176342836408394e+17 3.8830256133185329e+28
5.0259728950248755e-14 1.1910715937086982e+06 3.5346803461542778e+05 2.4146932884955776e+17 3.9832467887253769e+28
4.9111895615462751e-14 1.1929342972874485e+06 3.5269904521641164e+05 2.4113444683545805e+17 4.0857912928199217e+28
4.7990276535945624e-14 1.1947735228015233e+06 3.5189957939374575e+05 2.4075854419052256e+17 4.1907797848980338e+28
4.6894273029677714e-14 1.1965891729242585e+06 3.5106944105232105e+05 2.4034152025566717e+17 4.2981668733674874e+28
4.5823300087358381e-14 1.1983805503008384e+06 3.5020917229037668e+05 2.3988399970791238e+17 4.4080448481747326e+28
4.4776786060149089e-14 1.2001466559295561e+06 3.4931897286596429e+05 2.3938607115832822e+17 4.5203238109119333e+28
4.3754172354546191e-14 1.2018870817049756e+06 3.4839853076937143e+05 2.3884739251311779e+17 4.6350952292002766e+28
4.2754913134222209e-14 1.2036014664128372e+06 3.4744755319731467e+05 2.3826767553112902e+17 4.7523239636742128e+28
4.1778475028678120e-14 1.2052895343848218e+06 3.4646577041563916e+05 2.3764669470607104e+17 4.8721419342303426e+28
4.0824336848547811e-14 1.2069509483622955e+06 3.4545295246717043e+05 2.3698431803472237e+17 4.9944204417843418e+28
3.9891989307404462e-14 1.2085857507562565e+06 3.4440894185369939e+05 2.3628056771472803e+17 5.1194735519417065e+28
3.8980934749921996e-14 1.2101936800402983e+06 3.4333412613966636e+05 2.3553609677978387e+17 5.2470320064368261e+28
3.8090686886242321e-14 1.2117737256530647e+06 3.4222919937847077e+05 2.3475165615079821e+17 5.3772359689433530e+28
3.7220770532411519e-14 1.2133255078817757e+06 3.4109396468167711e+05 2.3392712722022051e+17 5.5099476132798530e+28
3.6370721356742348e-14 1.2148487148331385e+06 3.3992821783796989e+05 2.3306242240033165e+17 5.6454174724894594e+28
3.5540085631969392e-14 1.2163430345923612e+06 3.3873189235353499e+05 2.3215763485047094e+17 5.7833539917578009e+28
3.4728419993065977e-14 1.2178081663346163e+06 3.3750491863406816e+05 2.3121286594787744e+17 5.9241030256360971e+28
3.3935291200589816e-14 1.2192438744363249e+06 3.3624717021494324e+05 2.3022821587187696e+17 6.0674573759626701e+28
3.3160275909435640e-14 1.2206504137317708e+06 3.3495862341428327e+05 2.2920398452502650e+17 6.2134527064888570e+28
3.2402960442867525e-14 1.2220271700178774e+06 3.3364017602597980e+05 2.2814142267603229e+17 6.3621690127436764e+28
3.1662940571711986e-14 1.2233736180332731e+06 3.3229225669775828e+05 2.2704114396355862e+17 6.5134226144481593e+28
3.0939821298595029e-14 1.2246895097302871e+06 3.3091476481004048e+05 2.2590326496383475e+17 6.6672588458800216e+28
3.0233216647105607e-14 1.2259746817773557e+06 3.2950765011401888e+05 2.2472800869031382e+17 6.8238224642680474e+28
2.9542749455774224e-14 1.2272288837918374e+06 3.2807128448183392e+05 2.2351605810008054e+17 6.9830135841783439e+28
2.8868051176757726e-14 1.2284517655561112e+06 3.2660586164244293e+05 2.2226786735890419e+17 7.1447671266098336e+28
2.8208761679120653e-14 1.2296431846765140e+06 3.2511135130240320e+05 2.2098370359032630e+17 7.3090216462484106e+28
2.7564529056609296e-14 1.2308031043778914e+06 3.2358778313467681e+05 2.1966396115296045e+17 7.4758472449645590e+28
2.6935009439816838e-14 1.2319314506863656e+06 3.2203583257906773e+05 2.1830975016988890e+17 7.6452670705645785e+28
2.6319866812637211e-14 1.2330278274375449e+06 3.2045612216306449e+05 2.1692201004902774e+17 7.8172057454725108e+28
2.5718772832910860e-14 1.2340921177606643e+06 3.1884868199376768e+05 2.1550109641925142e+17 7.9914177851525294e+28
2.5131406657167638e-14 1.2351242761923398e+06 3.1721359098583338e+05 2.1404746917101491e+17 8.1681381930762340e+28
2.4557454769370657e-14 1.2361244016932440e+06 3.1555137744155183e+05 2.1256212917940931e+17 8.3473317278228034e+28
2.3996610813572847e-14 1.2370921285722237e+06 3.1386313649639848e+05 2.1104654700001894e+17 8.5286608758124056e+28
2.3448575430394285e-14 1.2380272734396823e+06 3.1214899716845999e+05 2.0950116346413408e+17 8.7123124228349259e+28
2.2913056097234067e-14 1.2389296764503904e+06 3.1040905435439426e+05 2.0792641588762819e+17 8.8980332845782925e+28
2.2389766972132404e-14 1.2397993206528726e+06 3.0864346536952216e+05 2.0632284653677104e+17 9.0860292167171813e+28
2.1878428741197178e-14 1.2406361371696354e+06 3.0685272366274620e+05 2.0469135497287168e+17 9.2758950433320811e+28
2.1378768469516348e-14 1.2414400762349847e+06 3.0503708439289423e+05 2.0303258567776032e+17 9.4681176697894068e+28
2.0890519455474319e-14 1.2422111967468346e+06 3.0319673202355194e+05 2.0134715087397366e+17 9.6620513992419336e+28
2.0413421088395478e-14 1.2429497458519822e+06 3.0133191817489022e+05 1.9963579676727504e+17 9.8581194371062429e+28
1.9947218709439593e-14 1.2436561503830133e+06 2.9944377570659737e+05 1.9790026505529011e+17 1.0055723685703461e+29
1.9491663475673367e-14 1.2443302852312417e+06 2.9753424481798278e+05 1.9614291449909456e+17 1.0255317696741060e+29
1.9046512227246311e-14 1.2449720029159691e+06 2.9560359829365142e+05 1.9436432591764816e+17 1.0456267410064541e+29
1.8611527357600804e-14 1.2455812010049333e+06 2.9365205917120579e+05 1.9256504374901178e+17 1.0658986026788992e+29
1.8186476686645556e-14 1.2461578115028217e+06 2.9167986162522424e+05 1.9074563697094413e+17 1.0862583606645223e+29
1.7771133336825583e-14 1.2467018113171034e+06 2.8968725332373753e+05 1.8890670368179958e+17 1.1067609242319615e+29
1.7365275612023216e-14 1.2472132289187021e+06 2.8767449770610826e+05 1.8704887547404294e+17 1.1273774968544204e+29
1.6968686879223694e-14 1.2476921611017634e+06 2.8564187939008174e+05 1.8517282764388147e+17 1.1481301342193259e+29
1.6581155452884349e-14 1.2481388084398750e+06 2.8358971509383566e+05 1.8327929932059184e+17 1.1689710110388060e+29
1.6202474481943860e-14 1.2485535678724176e+06 2.8151843735600275e+05 1.8136920816844246e+17 1.1898904931056561e+29
1.5832441839412017e-14 1.2489369235013688e+06 2.7942985513182660e+05 1.7944484294991558e+17 1.2109160467094428e+29
1.5470860014481690e-14 1.2492889610287044e+06 2.7732494736100093e+05 1.7750749826053427e+17 1.2319648014891005e+29
1.5117536007103770e-14 1.2496097351284232e+06 2.7520405290884146e+05 1.7555782425247632e+17 1.2530771687299863e+29
1.4772281224970779e-14 1.2498993582910190e+06 2.7306752276156435e+05 1.7359649360701315e+17 1.2742335230746745e+29
1.4434911382852522e-14 1.2501580167407012e+06 2.7091573630792956e+05 1.7162422527164922e+17 1.2953916714260340e+29
1.4105246404230745e-14 1.2503859754680891e+06 2.6874943449363398e+05 1.6964210015636730e+17 1.3165621397431794e+29
1.3783110325180794e-14 1.2505834266522778e+06 2.6656918484545854e+05 1.6765099164555750e+17 1.3377439212455615e+29
1.3468331200447878e-14 1.2507505711943430e+06 2.6437537040830374e+05 1.6565159585311197e+17 1.3588636601566992e+29
1.3160741011668400e-14 1.2508876902072940e+06 2.6216838952922542e+05 1.6364463689050480e+17 1.3799754162188400e+29
1.2860175577687812e-14 1.2509951594455610e+06 2.5994866799525340e+05 1.6163088955629309e+17 1.4010450029617475e+29
1.2566474466926146e-14 1.2510735785981680e+06 2.5771723213406643e+05 1.5961173473709050e+17 1.4220513196469767e+29
1.2279480911744954e-14 1.2511233723410331e+06 2.5547519504809479e+05 1.5758854774457994e+17 1.4429732998566152e+29
1.1999041724770400e-14 1.2511448534363161e+06 2.5322298619135504e+05 1.5556202601395008e+17 1.4638215414245620e+29
1.1725007217126900e-14 1.2511383940115219e+06 2.5096104644759384e+05 1.5353288828001050e+17 1.4845643134308642e+29
1.1457231118538169e-14 1.2511044947795987e+06 2.4868983978788523e+05 1.5150189477986851e+17 1.5051638129746346e+29
1.1195570499253468e-14 1.2510439278159549e+06 2.4641017376380766e+05 1.4947017754086282e+17 1.5256838804179108e+29
1.0939885693756198e-14 1.2509575532383225e+06 2.4412410252123926e+05 1.4743996693391491e+17 1.5459823016275289e+29
1.0690040226215535e-14 1.2508457824306474e+06 2.4183231298297862e+05 1.4541209182189629e+17 1.5661591576045767e+29
1.0445900737640148e-14 1.2507087784533026e+06 2.3953526239686561e+05 1.4338715958568499e+17 1.5860874588045843e+29
1.0207336914695582e-14 1.2505470550385758e+06 2.3723340857606282e+05 1.4136577510660485e+17 1.6058982366947819e+29
9.9742214201477500e-15 1.2503609596537927e+06 2.3492720990784204e+05 1.3934854114501594e+17 1.6254663761062376e+29
9.7464298248943204e-15 1.2501509140705161e+06 2.3261712603677108e+05 1.3733605985776293e+17 1.6448015771988250e+29
9.5238405415489943e-15 1.2499173965331460e+06 2.3030361799943275e+05 1.3532893369165122e+17 1.6639230324980190e+29
9.3063347595421789e-15 1.2496609216058785e+06 2.2798714937935481e+05 1.3332776796749218e+17 1.6827391159478714e+29
9.0937963817038467e-15 1.2493820930552811e+06 2.2566819171816099e+05 1.3133318044935702e+17 1.7012830764683934e+29
8.8861119622950472e-15 1.2490815888227753e+06 2.2334722396671778e+05 1.2934580297852466e+17 1.7195944170491779e+29
8.6831706464543330e-15 1.2487602623276564e+06 2.2102475822445570e+05 1.2736632619658570e+17 1.7375941663559977e+29
8.4848641110271021e-15 1.2484195272696074e+06 2.1870263247853209e+05 1.2539663900123496e+17 1.7552761796765328e+29
8.2910865067466053e-15 1.2480603204507548e+06 2.1638244053041472e+05 1.2343825504670403e+17 1.7726285666104266e+29
8.1017344017351153e-15 1.2476832200679530e+06 2.1406466400506458e+05 1.2149166366691872e+17 1.7896885060821584e+29
7.9167067262954120e-15 1.2472889501271155e+06 2.1175008672381495e+05 1.1955761613958747e+17 1.8063668943962479e+29
7.7359047189634282e-15 1.2468781267634025e+06 2.0943944550025230e+05 1.1763677918650117e+17 1.8226779919130605e+29
7.5592318737926421e-15 1.2464513048223399e+06 2.0713319896522188e+05 1.1572955972409574e+17 1.8386431002151521e+29
7.3865938888424051e-15 1.2460090239556334e+06 2.0483179971363198e+05 1.1383635146290104e+17 1.8541850447507040e+29
7.2178986158429975e-15 1.2455518613547368e+06 2.0253569474836549e+05 1.1195753571184600e+17 1.8693170670947301e+29
7.0530560110097832e-15 1.2450803809741631e+06 2.0024532161959787e+05 1.1009347686131750e+17 1.8840669872062432e+29
6.8919780869811397e-15 1.2445952246715724e+06 1.9796111570861092e+05 1.0824453183036032e+17 1.8983986185138644e+29
6.7345788658535760e-15 1.2440970068331473e+06 1.9568350282249285e+05 1.0641104110255603e+17 1.9122534935376125e+29
6.5807743332898606e-15 1.2435863921688090e+06 1.9341290241739195e+05 1.0459333328408504e+17 1.9257209083667197e+29
6.4304823936749431e-15 1.2430640514978003e+06 1.9114972746948412e+05 1.0279172531300224e+17 1.9387471491624873e+29
6.2836228262960381e-15 1.2425307016928617e+06 1.8889438456496858e+05 1.0100652336465883e+17 1.9512500564101246e+29
6.1401172425237023e-15 1.2419870820944989e+06 1.8664727492618753e+05 9.9238025291387552e+16 1.9632917503153636e+29
5.9998890439705759e-15 1.2414340120552178e+06 1.8440882759731385e+05 9.7486552724092592e+16 1.9748661083868867e+29
5.8628633816057044e-15 1.2408724868987880e+06 1.8217984927056142e+05 9.5752721353084432e+16 1.9859445963139239e+29
5.7289671158028247e-15 1.2403032963878710e+06 1.7996085025480171e+05 9.4036870653760064e+16 1.9965309453807823e+29
5.5981287773008504e-15 1.2397272004184753e+06 1.7775219976406801e+05 9.2339218110463008e+16 2.0066077275267157e+29
5.4702785290559493e-15 1.2391450303799147e+06 1.7555434983128952e+05 9.0660042028265136e+16 2.0162086783152194e+29
5.3453481289650542e-15 1.2385576001851684e+06 1.7336775105210423e+05 8.8999603044711456e+16 2.0252415384655116e+29
5.2232708934404756e-15 1.2379656829051331e+06 1.7119274423552587e+05 8.7358065287579392e+16 2.0338052498395565e+29
5.1039816618164203e-15 1.2373700789956751e+06 1.6902966010961830e+05 8.5735578466782928e+16 2.0418233869195833e+29
4.9874167615685985e-15 1.2367715990739930e+06 1.6687882072643671e+05 8.4132279588721296e+16 2.0493302623299064e+29
4.8735139743278304e-15 1.2361710600657274e+06 1.6474053809901830e+05 8.2548291775411920e+16 2.0562682571627808e+29
4.7622125026701672e-15 1.2355693238582537e+06 1.6261511480248554e+05 8.0983725186047904e+16 2.0626751435827435e+29
4.6534529376651431e-15 1.2349672326277252e+06 1.6050284368539072e+05 7.9438676949420896e+16 2.0685541229966441e+29
4.5471772271654456e-15 1.2343656750487154e+06 1.5840400801132430e+05 7.7913231503412720e+16 2.0738616398914597e+29
4.4433286448206034e-15 1.2337655393578548e+06 1.5631888138053694e+05 7.6407460908190304e+16 2.0786682163715085e+29
4.3418517597983386e-15 1.2331677409463839e+06 1.5424772719283597e+05 7.4921424314461168e+16 2.0828904665318974e+29
4.2426924071975897e-15 1.2325732091704556e+06 1.5219079939792020e+05 7.3455169069950608e+16 2.0865929251362841e+29
4.1457976591370770e-15 1.2319828828934052e+06 1.5014834185306248e+05 7.2008730130437288e+16 2.0897249146721868e+29
4.0511157965041552e-15 1.2313977204817163e+06 1.4812058822907755e+05 7.0582129895670384e+16 2.0923332316661786e+29
3.9585962813490184e-15 1.2308186726681644e+06 1.4610771735249934e+05 6.9175345616696096e+16 2.0943775895040647e+29
3.8681897299092095e-15 1.2302467201511730e+06 1.4410986996389439e+05 6.7788328004793872e+16 2.0958826453385565e+29
3.7798478862502085e-15 1.2296828940352881e+06 1.4212725003598965e+05 6.6421071978866224e+16 2.0968578169515740e+29
3.6935235965081540e-15 1.2291282624758224e+06 1.4016005260399639e+05 6.5073562392480496e+16 2.0972461586545759e+29
3.6091707837206704e-15 1.2285838957269806e+06 1.3820844097400279e+05 6.3745758449064824e+16 2.0971601706718139e+29
3.5267444232325131e-15 1.2280509094783203e+06 1.3627257875980521e+05 6.2437618188000584e+16 2.0964677758919697e+29
3.4462005186630304e-15 1.2275304402538743e+06 1.3435263327453862e+05 6.1149099781797800e+16 2.0952921748071483e+29
3.3674960784223519e-15 1.2270236610865360e+06 1.3244876260848367e+05 5.9880152426094736e+16 2.0935736521047000e+29
3.2905890927639030e-15 1.2265317644127421e+06 1.3056111565517771e+05 5.8630716618501264e+16 2.0913336581802580e+29
3.2154385113611301e-15 1.2260559617986504e+06 1.2868983207696160e+05 5.7400724310245016e+16 2.0885417483594425e+29
3.1420042213961282e-15 1.2255975605175782e+06 1.2683504263095473e+05 5.6190099480531176e+16 2.0852999211861569e+29
3.0702470261488918e-15 1.2251577936560980e+06 1.2499686909474662e+05 5.4998758251599784e+16 2.0815270712304674e+29
3.0001286240753394e-15 1.2247379951393593e+06 1.2317542439911465e+05 5.3826609265000728e+16 2.0772485910017160e+29
2.9316115883633456e-15 1.2243395234618867e+06 1.2137081294964066e+05 5.2673554179028520e+16 2.0725034671314696e+29
2.8646593469555428e-15 1.2239637624105371e+06 1.1958313032514797e+05 5.1539487651842144e+16 2.0672470099617733e+29
2.7992361630283719e-15 1.2236121442898137e+06 1.1781246380746755e+05 5.0424298066607808e+16 2.0615270883534604e+29
2.7353071159170559e-15 1.2232861381835581e+06 1.1605889238973131e+05 4.9327867834261808e+16 2.0553668658369321e+29
2.6728380824761013e-15 1.2229872588720906e+06 1.1432248690689506e+05 4.8250073870133592e+16 2.0487160410758300e+29
2.6117957188654957e-15 1.2227170783585119e+06 1.1260331041974263e+05 4.7190788571173952e+16 2.0416054285833998e+29
2.5521474427529691e-15 1.2224772316419748e+06 1.1090144643977740e+05 4.6149899327540816e+16 2.0341205707667911e+29
2.4938614159226217e-15 1.2222694510347710e+06 1.0921714822765805e+05 4.5127396193718352e+16 2.0261673927422121e+29
2.4369065272807395e-15 1.2220953856075450e+06 1.0755049572929740e+05 4.4123151266439784e+16 2.0178116868713202e+29
2.3812523762498158e-15 1.2219567251702468e+06 1.0590152024278647e+05 4.3137006021839776e+16 2.0090598374601061e+29
2.3268692565417277e-15 1.2218552040196981e+06 1.0427024788559556e+05 4.2168799311870688e+16 1.9999169370718923e+29
2.2737281403015041e-15 1.2217926149807242e+06 1.0265672928073310e+05 4.1218384918648032e+16 1.9903619163184643e+29
2.2218006626133126e-15 1.2217707969448273e+06 1.0106098511471292e+05 4.0285597278767120e+16 1.9804975587217698e+29
2.1710591063601611e-15 1.2217916272786658e+06 9.9483017632467177e+04 3.9370260185933000e+16 1.9702533959425945e+29
2.1214763874295099e-15 1.2218570457799761e+06 9.7922822230088292e+04 3.8472194161506320e+16 1.9596817049663903e+29
2.0730260402566669e-15 1.2219690560832021e+06 9.6380387615228421e+04 3.7591216752106512e+16 1.9487528525365724e+29
2.0256822036983470e-15 1.2221297314659748e+06 9.4855696039917719e+04 3.6727142883040328e+16 1.9375277159678352e+29
1.9794196072289361e-15 1.2223411968937374e+06 9.3348723345073493e+04 3.5879785038953260e+16 1.9259556489314425e+29
1.9342135574518784e-15 1.2226056942674511e+06 9.1859439217416919e+04 3.5048953665684780e+16 1.9141283892703395e+29
1.8900399249192402e-15 1.2229254990493595e+06 9.0387807229007696e+04 3.4234457362390372e+16 1.9020072140907657e+29
1.8468751312522100e-15 1.2233030004572989e+06 8.8933785073072970e+04 3.3436103301497940e+16 1.8896406205520644e+29
1.8046961365557400e-15 1.2237406757223138e+06 8.7497324647688118e+04 3.2653697525781844e+16 1.8770105220778736e+29
1.7634804271206827e-15 1.2242411040899788e+06 8.6078372230310051e+04 3.1887045394980288e+16 1.8641421986917007e+29
1.7232060034067163e-15 1.2248069771018557e+06 8.4676868457344652e+04 3.1135951940468636e+16 1.8510999453527645e+29
1.6838513682997199e-15 1.2254411143710564e+06 8.3292748622146551e+04 3.0400222691509296e+16 1.8377691957671255e+29
1.6453955156373893e-15 1.2261464889672194e+06 8.1925942529901775e+04 2.9679664425265152e+16 1.8242880308235001e+29
1.6078179189968424e-15 1.2269262501769874e+06 8.0576374504732987e+04 2.8974086864847020e+16 1.8106275941302762e+29
1.5710985207382948e-15 1.2277838022734600e+06 7.9243963101068162e+04 2.8283306981019204e+16 1.7968102468493200e+29
1.5352177212990160e-15 1.2287225528563287e+06 7.7929344732807192e+04 2.7607535618433992e+16 1.7828416171547272e+29
1.5001563687317299e-15 1.2297450319260487e+06 7.6633576784729288e+04 2.6947154983253708e+16 1.7688471946162695e+29
1.4658957484819409e-15 1.2308540633742695e+06 7.5356569755406759e+04 2.6301920368296812e+16 1.7547414777446415e+29
1.4324175733987857e-15 1.2320525686407215e+06 7.4098215071153478e+04 2.5671580731189908e+16 1.7405141446198544e+29
1.3997039739739272e-15 1.2333435878903642e+06 7.2858411388363122e+04 2.5055893650488420e+16 1.7263074924793434e+29
1.3677374888034679e-15 1.2347300337243625e+06 7.1637262005042445e+04 2.4454722249551520e+16 1.7120248346690454e+29
1.3365010552676013e-15 1.2362148691693994e+06 7.0434730190824950e+04 2.3867852367625068e+16 1.6977370527740985e+29
1.3059780004232072e-15 1.2378011705504057e+06 6.9250690910100922e+04 2.3295027146005476e+16 1.6834098820370732e+29
1.2761520321043861e-15 1.2394921085499700e+06 6.8085016069632533e+04 2.2735991413505204e+16 1.6690871907915944e+29
1.2470072302262402e-15 1.2412909203139835e+06 6.6937574652617972e+04 2.2190491765591104e+16 1.6548171079080778e+29
1.2185280382873081e-15 1.2432009332089706e+06 6.5808232907194775e+04 2.1658276686819112e+16 1.6405212536159672e+29
1.1906992550660171e-15 1.2452255605315990e+06 6.4696854718440620e+04 2.1139096813121720e+16 1.6262796332147852e+29
1.1635060265067758e-15 1.2473683045747099e+06 6.3603300821113276e+04 2.0632704281142428e+16 1.6120802368034845e+29
1.1369338377914151e-15 1.2496327434988285e+06 6.2527430830315636e+04 2.0138854255422336e+16 1.5979395886414359e+29
1.1109685055916584e-15 1.2520225685912122e+06 6.1469101539286268e+04 1.9657303564787636e+16 1.5838441137437218e+29
1.0855961704985305e-15 1.2545415252163960e+06 6.0428168026690837e+04 1.9187811498221728e+16 1.5698341178032723e+29
1.0608032896247057e-15 1.2571934940302940e+06 5.9404483588454954e+04 1.8730139681429864e+16 1.5559014711627887e+29
1.0365766293757621e-15 1.2599824170416775e+06 5.8397899939697651e+04 1.8284052157466112e+16 1.5420998314147804e+29
1.0129032583865274e-15 1.2629123394753172e+06 5.7408267333404714e+04 1.7849315382365912e+16 1.5283398953784359e+29
9.8977054061878349e-16 1.2659874201164097e+06 5.6435434719533798e+04 1.7425698235418052e+16 1.5146914992670194e+29
9.6716612861656596e-16 1.2692118744446996e+06 5.5479250017097504e+04 1.7012972103397832e+16 1.5012150705197718e+29
9.4507795691550233e-16 1.2725900081562987e+06 5.4539559958761878e+04 1.6610910548431096e+16 1.4878186707566717e+29
9.2349423560270548e-16 1.2761262367678029e+06 5.3616210730505532e+04 1.6219289612642488e+16 1.4745815890328453e+29
9.0240344402369017e-16 1.2798250202913259e+06 5.2709047835604310e+04 1.5837887324484724e+16 1.4615086980158841e+29
8.8179432463306952e-16 1.2836909198267006e+06 5.1817916499590770e+04 1.5466483455698276e+16 1.4485058596631344e+29
8.6165587698563285e-16 1.2877283277319511e+06 5.0942662133215563e+04 1.5104858718980078e+16 1.4356707383693359e+29
8.4197735186470735e-16 1.2919419010869416e+06 5.0083106472750842e+04 1.4752781444343296e+16 1.4230194978924615e+29
8.2274824554458266e-16 1.2963394633926854e+06 4.9238414004502600e+04 1.4409749203782348e+16 1.4105033113851837e+29
8.0395829418396960e-16 1.3009283513578186e+06 4.8408131762351302e+04 1.4075447540671490e+16 1.3981307018035815e+29
