1.1687340830062300e-13 1.0199137135589124e+06 2.5033928920288989e+05 9.4523753250821920e+16 1.5385345030747943e+28
1.1420424957654185e-13 1.0228218081226617e+06 2.5098618926986458e+05 9.5444989417115488e+16 1.5735436384817487e+28
1.1159604918676433e-13 1.0257478459763580e+06 2.5162546494116535e+05 9.6369860371636896e+16 1.6096155587826785e+28
1.0904741496285547e-13 1.0286913294724409e+06 2.5225683346095242e+05 9.7298097286907808e+16 1.6467745118089992e+28
1.0655698653077004e-13 1.0316519802336592e+06 2.5288003054695454e+05 9.8229451466753888e+16 1.6850369347212104e+28
1.0412343458472967e-13 1.0346293019587043e+06 2.5349477566327478e+05 9.9163636133542656e+16 1.7244381296146407e+28
1.0174546017768363e-13 1.0376227583041369e+06 2.5410077035035790e+05 1.0010033676706198e+17 1.7650380708111735e+28
9.9421794027978132e-14 1.0406318977026151e+06 2.5469772649364543e+05 1.0103925114116893e+17 1.8067951783810136e+28
9.7151195841853691e-14 1.0436562625291193e+06 2.5528536243417970e+05 1.0198007419442824e+17 1.8498354699955776e+28
9.4932453651421506e-14 1.0466954517630147e+06 2.5586339508536182e+05 1.0292250465367250e+17 1.8941507714679331e+28
9.2764383167755071e-14 1.0497490164067310e+06 2.5643153781288821e+05 1.0386622333544240e+17 1.9397419836235055e+28
9.0645827148756016e-14 1.0528165513553410e+06 2.5698951805626097e+05 1.0481092369197573e+17 1.9867214105098349e+28
8.8575654781460014e-14 1.0558976804493230e+06 2.5753706649457340e+05 1.0575629987024146e+17 2.0350665624651423e+28
8.6552761078446205e-14 1.0589916749881543e+06 2.5807386488548215e+05 1.0670194403072485e+17 2.0848152039601593e+28
8.4576066288031550e-14 1.0620981653395274e+06 2.5859964135462596e+05 1.0764753650547202e+17 2.1360794479395783e+28
8.2644515317938716e-14 1.0652167357128707e+06 2.5911411003277230e+05 1.0859273093767064e+17 2.1888066612404387e+28
8.0757077172120921e-14 1.0683470339156163e+06 2.5961698825800611e+05 1.0953716423227168e+17 2.2430737243368658e+28
7.8912744400453891e-14 1.0714882334013872e+06 2.6010801110883657e+05 1.1048051174898971e+17 2.2989328504062990e+28
7.7110532560992227e-14 1.0746402006567321e+06 2.6058688269404721e+05 1.1142236502470563e+17 2.3563954638918159e+28
7.5349479694506957e-14 1.0778024227512227e+06 2.6105334808509838e+05 1.1236239386994216e+17 2.4155710272185027e+28
7.3628645811026416e-14 1.0809741638157235e+06 2.6150709769122579e+05 1.1330014600573307e+17 2.4764373675941248e+28
7.1947112388100647e-14 1.0841550214664889e+06 2.6194787135763053e+05 1.1423526636864275e+17 2.5390283088171819e+28
7.0303981880524596e-14 1.0873443887918892e+06 2.6237536855068913e+05 1.1516731949695763e+17 2.6034487979955711e+28
6.8698377241261151e-14 1.0905419027428047e+06 2.6278933069815789e+05 1.1609594326977973e+17 2.6697580035114890e+28
6.7129441453300977e-14 1.0937471282750962e+06 2.6318948466964392e+05 1.1702074809404552e+17 2.7379409303772779e+28
6.5596337072218098e-14 1.0969594524996362e+06 2.6357557110900420e+05 1.1794131651963595e+17 2.8080343442731809e+28
6.4098245779169749e-14 1.1001782624083471e+06 2.6394729315561085e+05 1.1885718795879299e+17 2.8801313546257109e+28
6.2634367944104891e-14 1.1034031496949606e+06 2.6430439748741209e+05 1.1976798113484856e+17 2.9543254672036929e+28
6.1203922198950513e-14 1.1066337268028131e+06 2.6464661559467006e+05 1.2067328876788659e+17 3.0305940248503529e+28
5.9806145020543256e-14 1.1098695055462928e+06 2.6497371490133653e+05 1.2157272027922581e+17 3.1090451008721579e+28
5.8440290323086011e-14 1.1131096514141646e+06 2.6528540307191765e+05 1.2246575723740696e+17 3.1895405048470923e+28
5.7105629059914472e-14 1.1163539342187676e+06 2.6558144704914687e+05 1.2335204341912256e+17 3.2724424318660487e+28
5.5801448834354991e-14 1.1196015693103049e+06 2.6586157039046526e+05 1.2423107222901806e+17 3.3576370695354689e+28
5.4527053519473151e-14 1.1228524533060379e+06 2.6612554376384959e+05 1.2510250677593958e+17 3.4451912413098948e+28
5.3281762886504252e-14 1.1261057055152508e+06 2.6637311579782568e+05 1.2596583568386792e+17 3.5351575489476503e+28
5.2064912241769712e-14 1.1293611940368025e+06 2.6660404950183450e+05 1.2682069962812979e+17 3.6275998686585553e+28
5.0875852071887615e-14 1.1326181401197738e+06 2.6681813419960049e+05 1.2766663307528232e+17 3.7225558150709493e+28
4.9713947697083881e-14 1.1358759263087951e+06 2.6701511399416660e+05 1.2850315717040734e+17 3.8201533242603581e+28
4.8578578932421293e-14 1.1391343154732659e+06 2.6719478966820909e+05 1.2932992252683827e+17 3.9202875960537105e+28
4.7469139756767118e-14 1.1423922732112079e+06 2.6735692852353078e+05 1.3014635964839960e+17 4.0232615150923083e+28
4.6385037989319097e-14 1.1456496693912111e+06 2.6750129324083432e+05 1.3095210547398736e+17 4.1289824411750815e+28
4.5325694973518930e-14 1.1489058672528600e+06 2.6762769383256818e+05 1.3174671742616594e+17 4.2375332718994360e+28
4.4290545268186489e-14 1.1521603133025698e+06 2.6773589746793738e+05 1.3252973042910914e+17 4.3489343535492254e+28
4.3279036345705098e-14 1.1554129949206754e+06 2.6782572017710574e+05 1.3330083353080451e+17 4.4632733553695148e+28
4.2290628297102419e-14 1.1586625755188330e+06 2.6789701135240542e+05 1.3405946455071805e+17 4.5806675355988370e+28
4.1324793543864862e-14 1.1619086953973868e+06 2.6794953261633893e+05 1.3480518333503176e+17 4.7011227004963037e+28
4.0381016556333722e-14 1.1651512097413198e+06 2.6798309836204915e+05 1.3553764539185328e+17 4.8244352918993318e+28
3.9458793578534002e-14 1.1683891520440604e+06 2.6799754318230576e+05 1.3625633698055557e+17 4.9514690142369128e+28
3.8557632359286143e-14 1.1716224236498941e+06 2.6799264615108119e+05 1.3696088960597077e+17 5.0815552172892082e+28
3.7677051889458654e-14 1.1748507982898625e+06 2.6796827728529199e+05 1.3765098700166054e+17 5.2149106861221925e+28
3.6816582145222980e-14 1.1780729272484947e+06 2.6792433271282574e+05 1.3832608109436813e+17 5.3517103053967326e+28
3.5975763837169511e-14 1.1812886855710207e+06 2.6786059326174902e+05 1.3898579450979850e+17 5.4919981534904546e+28
3.5154148165155678e-14 1.1844979590024478e+06 2.6777692165343737e+05 1.3962982467362182e+17 5.6357796444071689e+28
3.4351296578751230e-14 1.1876994428307302e+06 2.6767325567607081e+05 1.4025766853337891e+17 5.7830750074167212e+28
3.3566780543154584e-14 1.1908929315193978e+06 2.6754938600536616e+05 1.4086893651846958e+17 5.9340810682049029e+28
3.2800181310456413e-14 1.1940785069428612e+06 2.6740515399072325e+05 1.4146334529968562e+17 6.0887499158567756e+28
3.2051089696125812e-14 1.1972549584075843e+06 2.6724056374809588e+05 1.4204047634308208e+17 6.2471957135749140e+28
3.1319105860601225e-14 1.2004217826266934e+06 2.6705545200255886e+05 1.4259990701893904e+17 6.4095263361005369e+28
3.0603839095870455e-14 1.2035790588203089e+06 2.6684963613749895e+05 1.4314133717490984e+17 6.5756460380970227e+28
2.9904907616923689e-14 1.2067262991383055e+06 2.6662310590744793e+05 1.4366449954934602e+17 6.7458027981094352e+28
2.9221938357969282e-14 1.2098621687138807e+06 2.6637586315850687e+05 1.4416893787449024e+17 6.9199949155668694e+28
2.8554566773304834e-14 1.2129866515743958e+06 2.6610771151273657e+05 1.4465431573210544e+17 7.0979915515962426e+28
2.7902436642734169e-14 1.2160998703601675e+06 2.6581851408961421e+05 1.4512038881981754e+17 7.2805927087643453e+28
2.7265199881429946e-14 1.2192006965461632e+06 2.6550839149912924e+05 1.4556686671813731e+17 7.4670723046431992e+28
2.6642516354137500e-14 1.2222883859669047e+06 2.6517727245094435e+05 1.4599336135468326e+17 7.6577803970680362e+28
2.6034053693621920e-14 1.2253629774790145e+06 2.6482498275541805e+05 1.4639957912132352e+17 7.8527394242743630e+28
2.5439487123262518e-14 1.2284245842034528e+06 2.6445143494554941e+05 1.4678532949696326e+17 8.0523322069533749e+28
2.4858499283697271e-14 1.2314718346439321e+06 2.6405686364616174e+05 1.4715037413121472e+17 8.2561331452987295e+28
2.4290780063427968e-14 1.2345041210591134e+06 2.6364120620902098e+05 1.4749436686366474e+17 8.4643642535953294e+28
2.3736026433292941e-14 1.2375213899738062e+06 2.6320430378015991e+05 1.4781703495692384e+17 8.6770529041615146e+28
2.3193942284720143e-14 1.2405238855948201e+06 2.6274606027698703e+05 1.4811819974027309e+17 8.8945728133251863e+28
2.2664238271675071e-14 1.2435104926973141e+06 2.6226674472464202e+05 1.4839773383534880e+17 9.1164088256535175e+28
2.2146631656217427e-14 1.2464803471025485e+06 2.6176640191731611e+05 1.4865534625596499e+17 9.3430772208277367e+28
2.1640846157584980e-14 1.2494334606247754e+06 2.6124488599830744e+05 1.4889078350779539e+17 9.5743402170706308e+28
2.1146611804724852e-14 1.2523700774066288e+06 2.6070209680565962e+05 1.4910386935948563e+17 9.8103951437077540e+28
2.0663664792191909e-14 1.2552896229815334e+06 2.6013818718020970e+05 1.4929458341204115e+17 1.0051096346503516e+29
2.0191747339338150e-14 1.2581907831673922e+06 2.5955355968356450e+05 1.4946280032465574e+17 1.0296715081671907e+29
1.9730607552718785e-14 1.2610732955477936e+06 2.5894810757723352e+05 1.4960827182397130e+17 1.0546915721485235e+29
1.9279999291639435e-14 1.2639371938325569e+06 2.5832172021025879e+05 1.4973080174365949e+17 1.0802215124297767e+29
1.8839682036775196e-14 1.2667826491309719e+06 2.5767434060387290e+05 1.4983028516327341e+17 1.1062351373833746e+29
1.8409420761789377e-14 1.2696090297190917e+06 2.5700631553262559e+05 1.4990680941611136e+17 1.1327434908620429e+29
1.7988985807884223e-14 1.2724150261218350e+06 2.5631799477080037e+05 1.4996029120873683e+17 1.1597284700442857e+29
1.7578152761217352e-14 1.2752005884965411e+06 2.5560927306595678e+05 1.4999053339036941e+17 1.1871950579824077e+29
1.7176702333117053e-14 1.2779657654451195e+06 2.5488006961336383e+05 1.4999739064713773e+17 1.2151953190991217e+29
1.6784420243033266e-14 1.2807107344270071e+06 2.5413035283069522e+05 1.4998080454519469e+17 1.2436880975631407e+29
1.6401097104162421e-14 1.2834351649382240e+06 2.5336046266839484e+05 1.4994095255280275e+17 1.2726569932893228e+29
1.6026528311683357e-14 1.2861375449438037e+06 2.5257098288994093e+05 1.4987794291896890e+17 1.3021459081088297e+29
1.5660513933546709e-14 1.2888178668335252e+06 2.5176185401894344e+05 1.4979162407654317e+17 1.3321119578661888e+29
1.5302858603757800e-14 1.2914757970230195e+06 2.5093301533722697e+05 1.4968188226537952e+17 1.3625791279302141e+29
1.4953371418096744e-14 1.2941117963154593e+06 2.5008443907732860e+05 1.4954866691153341e+17 1.3935561638725918e+29
1.4611865832220663e-14 1.2967259974880591e+06 2.4921619205552625e+05 1.4939206154938362e+17 1.4250129532769051e+29
1.4278159562092488e-14 1.2993172394698905e+06 2.4832905597753948e+05 1.4921247600150397e+17 1.4569768422447203e+29
1.3952074486683779e-14 1.3018843383627285e+06 2.4742332004138586e+05 1.4900994701520490e+17 1.4897004783707510e+29
1.3633436552900141e-14 1.3044284851592784e+06 2.4649894342152946e+05 1.4878438856891280e+17 1.5223344921457780e+29
1.3322075682677451e-14 1.3069484798602390e+06 2.4555590488480579e+05 1.4853575707037453e+17 1.5557396014424884e+29
1.3017825682199812e-14 1.3094448780659796e+06 2.4459421474740724e+05 1.4826407128115917e+17 1.5896324325407287e+29
1.2720524153191354e-14 1.3119179807078876e+06 2.4361396312701565e+05 1.4796947686926042e+17 1.6240430829973285e+29
1.2430012406233132e-14 1.3143668129675197e+06 2.4261604246609105e+05 1.4765256199271072e+17 1.6589061385995990e+29
1.2146135376060502e-14 1.3167905123361861e+06 2.4160090922023551e+05 1.4731352194281674e+17 1.6941960405708909e+29
1.1868741538794408e-14 1.3191890237068764e+06 2.4056855699605096e+05 1.4695232647402467e+17 1.7299739623356095e+29
1.1597682831062955e-14 1.3215623646621921e+06 2.3951899428853134e+05 1.4656898021157904e+17 1.7661839347968402e+29
1.1332814570970575e-14 1.3239106292779795e+06 2.3845225081756085e+05 1.4616353400035661e+17 1.8028820989696017e+29
1.1073995380871378e-14 1.3262340390914774e+06 2.3736839381008406e+05 1.4573611194793002e+17 1.8399989495929182e+29
1.0821087111906918e-14 1.3285327957875344e+06 2.3626774377127775e+05 1.4528708307146214e+17 1.8775910676300598e+29
1.0573954770266896e-14 1.3308056189668835e+06 2.3515145813853529e+05 1.4481722470709389e+17 1.9156239419780784e+29
1.0332466445133943e-14 1.3330521582020018e+06 2.3401974052030419e+05 1.4432665360282054e+17 1.9539864515692899e+29
1.0096493238274380e-14 1.3352723918893375e+06 2.3287262553049042e+05 1.4381541105783389e+17 1.9927844516874944e+29
9.8659091952366129e-15 1.3374663540886799e+06 2.3171015980960970e+05 1.4328356865796827e+17 2.0319648198039090e+29
9.6405912381208037e-15 1.3396341454630645e+06 2.3053240728846609e+05 1.4273123774155075e+17 2.0716744363987676e+29
9.4204190998843494e-15 1.3417759726138506e+06 2.2933946017896023e+05 1.4215858847285856e+17 2.1115039713232564e+29
9.2052752601472942e-15 1.3438922355231463e+06 2.2813149676282651e+05 1.4156592361505658e+17 2.1519050436227581e+29
8.9950448824638590e-15 1.3459821930686871e+06 2.2690969457531936e+05 1.4095419882685488e+17 2.1925812130998347e+29
8.7896157530268776e-15 1.3480451776176405e+06 2.2567465373674419e+05 1.4032384153043384e+17 2.2336231093016343e+29
8.5888782207717864e-15 1.3500811596193360e+06 2.2442644286660661e+05 1.3967494648490091e+17 2.2749804259362658e+29
8.3927251388485197e-15 1.3520901589813780e+06 2.2316513794752563e+05 1.3900763018583266e+17 2.3166478889472433e+29
8.2010518074304156e-15 1.3540722459003699e+06 2.2189082501214606e+05 1.3832203595392554e+17 2.3586028033373071e+29
8.0137559178287466e-15 1.3560275588725861e+06 2.2060360455753552e+05 1.3761834206344853e+17 2.4008355695387420e+29
7.8307374978840664e-15 1.3579563533410651e+06 2.1930360066291029e+05 1.3689677801275266e+17 2.4433762388627487e+29
7.6518988586043770e-15 1.3598590549041147e+06 2.1799099061792149e+05 1.3615767402274384e+17 2.4861554918458620e+29
7.4771445420219844e-15 1.3617353418687596e+06 2.1666691336545203e+05 1.3540206281498872e+17 2.5292209903107273e+29
7.3063812702415042e-15 1.3635845144161526e+06 2.1533224020798047e+05 1.3463062925816627e+17 2.5724826577782098e+29
7.1395178956510667e-15 1.3654065606314105e+06 2.1398707290278736e+05 1.3384352221170742e+17 2.6159127212996907e+29
6.9764653522710260e-15 1.3672015193164686e+06 2.1263151749717561e+05 1.3304090612060514e+17 2.6595385324391428e+29
6.8171366082134990e-15 1.3689694645383591e+06 2.1126568568569515e+05 1.3222296378835056e+17 2.7033426220904655e+29
6.6614466192276216e-15 1.3707105292604123e+06 2.0988969701462562e+05 1.3138990066360541e+17 2.7471721346181616e+29
6.5093122833059966e-15 1.3724249072089258e+06 2.0850368263341923e+05 1.3054195190597280e+17 2.7912865150563908e+29
6.3606523963275907e-15 1.3741129000047988e+06 2.0710779282042658e+05 1.2967939619915018e+17 2.8354147112487340e+29
6.2153876087136667e-15 1.3757749926320661e+06 2.0570221909923351e+05 1.2880259533093576e+17 2.8797346585681583e+29
6.0734403830738417e-15 1.3774112000930803e+06 2.0428803885724043e+05 1.2791260750015560e+17 2.9240775867982607e+29
5.9347349528191909e-15 1.3790209111863782e+06 2.0286634839390090e+05 1.2701034776838402e+17 2.9684903275997744e+29
5.7991972817205527e-15 1.3806041649457782e+06 2.0143727647133137e+05 1.2609600784411043e+17 3.0128440362716923e+29
5.6667550243906893e-15 1.3821610326638739e+06 2.0000095247959680e+05 1.2516978877105216e+17 3.0572468630706999e+29
5.5373374876685877e-15 1.3836916199356334e+06 1.9855750813520435e+05 1.2423190304754517e+17 3.1016746080084508e+29
5.4108755928860311e-15 1.3851960681397340e+06 1.9710707853141791e+05 1.2328257679980901e+17 3.1459925555728277e+29
5.2873018389956864e-15 1.3866745636840756e+06 1.9564980368352713e+05 1.2232205293337885e+17 3.1902306624558023e+29
5.1665502665412838e-15 1.3881273749302581e+06 1.9418583125659864e+05 1.2135059641536611e+17 3.2343912985299457e+29
5.0485564224508615e-15 1.3895548363086549e+06 1.9271532177073177e+05 1.2036850417740554e+17 3.2784685490037879e+29
4.9332573256337390e-15 1.3909574371305257e+06 1.9123846196495290e+05 1.1937612992521482e+17 3.3224034977743281e+29
4.8205914333635099e-15 1.3923356594997437e+06 1.8975596429026721e+05 1.1837428993385619e+17 3.3662375392782662e+29
4.7104986084285660e-15 1.3936890846764541e+06 1.8826928346543669e+05 1.1736425090185526e+17 3.4098312006797004e+29
4.6029200870328467e-15 1.3950177716787641e+06 1.8677863105738288e+05 1.1634627723135451e+17 3.4532164978387542e+29
4.4977984474298495e-15 1.3963219041521079e+06 1.8528414754178081e+05 1.1532058651023176e+17 3.4963801905769007e+29
4.3950775792727949e-15 1.3976014710041846e+06 1.8378597313737075e+05 1.1428740206511310e+17 3.5391969215147309e+29
4.2947026536647863e-15 1.3988568201149539e+06 1.8228424827066102e+05 1.1324695403948306e+17 3.5818830235088697e+29
4.1966200938931239e-15 1.4000881189084575e+06 1.8077911416734420e+05 1.1219948068218118e+17 3.6241133693445662e+29
4.1007775468318226e-15 1.4012956274880818e+06 1.7927071366929094e+05 1.1114523015376731e+17 3.6660858236028590e+29
4.0071238549972544e-15 1.4024796609008666e+06 1.7775919284983064e+05 1.1008446377433621e+17 3.7076929821269911e+29
3.9156090292421255e-15 1.4036405991384326e+06 1.7624470349577436e+05 1.0901746103566744e+17 3.7488625880460207e+29
3.8261842220729231e-15 1.4047789252845128e+06 1.7472740860320823e+05 1.0794453030127685e+17 3.7896687725485851e+29
3.7388017015767432e-15 1.4058953041530412e+06 1.7320749988265528e+05 1.0686604137736880e+17 3.8299857706165113e+29
3.6534148259437335e-15 1.4069901638254083e+06 1.7168617146098468e+05 1.0578317429606590e+17 3.8699071781421498e+29
3.5699780185711615e-15 1.4080634245002919e+06 1.7016441578493206e+05 1.0469682086069014e+17 3.9093922981773414e+29
3.4884467437362822e-15 1.4091153068601154e+06 1.6864236930679285e+05 1.0360719001399325e+17 3.9482702668707049e+29
3.4087774828246460e-15 1.4101460337261211e+06 1.6712016582811353e+05 1.0251449134258954e+17 3.9866219581981736e+29
3.3309277111013014e-15 1.4111558552838685e+06 1.6559793710932927e+05 1.0141893609417379e+17 4.0243770546933264e+29
3.2548558750126405e-15 1.4121450676745274e+06 1.6407581312315795e+05 1.0032073776007731e+17 4.0616434804528260e+29
3.1805213700064198e-15 1.4131139648455225e+06 1.6255392223933485e+05 9.9220112591904560e+16 4.0982450677990799e+29
3.1078845188585280e-15 1.4140628969938757e+06 1.6103239162956830e+05 9.8117280532864960e+16 4.1340630337820517e+29
3.0369065504945962e-15 1.4149922433544362e+06 1.5951134765479225e+05 9.7012466183633360e+16 4.1694069332978952e+29
2.9675495792952833e-15 1.4159024412137503e+06 1.5799091700841105e+05 9.5905901151218048e+16 4.2039879268499445e+29
2.8997765848743011e-15 1.4167939641804995e+06 1.5647122782493217e+05 9.4797826532057008e+16 4.2378251867584907e+29
2.8335513923181524e-15 1.4176673977433369e+06 1.5495241261389171e+05 9.3688498909575024e+16 4.2710362355137183e+29
2.7688386528771659e-15 1.4185235425969977e+06 1.5343461477692361e+05 9.2578203543734592e+16 4.3032350285095291e+29
2.7056038250976055e-15 1.4193629269280240e+06 1.5191825855571037e+05 9.1467490528631648e+16 4.3348654861965163e+29
2.6438131563845855e-15 1.4201862901038623e+06 1.5040480591080847e+05 9.0357671334025552e+16 4.3656696638431799e+29
2.5834336649860549e-15 1.4209938061728415e+06 1.4889455753404516e+05 8.9249067002516080e+16 4.3956689396356466e+29
2.5244331223883380e-15 1.4217858392410786e+06 1.4738762132268207e+05 8.8141847837693664e+16 4.4247268054222486e+29
2.4667800361135681e-15 1.4225627872204620e+06 1.4588410199212344e+05 8.7036182925065600e+16 4.4530097463335403e+29
2.4104436329101492e-15 1.4233250599799808e+06 1.4438410108693389e+05 8.5932240257532608e+16 4.4803111966182451e+29
2.3553938423270114e-15 1.4240731026808482e+06 1.4288771708256885e+05 8.4830187005734976e+16 4.5067189568260994e+29
2.3016012806630024e-15 1.4248073904969511e+06 1.4139504545331717e+05 8.3730189762524944e+16 4.5321226258442622e+29
2.2490372352829369e-15 1.4255284054588240e+06 1.3990617882198346e+05 8.2632414935995344e+16 4.5566925829619806e+29
2.1976736492916930e-15 1.4262367037511079e+06 1.3842120712162199e+05 8.1537029209165424e+16 4.5802453302991560e+29
2.1474831065584675e-15 1.4269328560739169e+06 1.3694021789595686e+05 8.0444200257453312e+16 4.6027974448522147e+29
2.0984388170829474e-15 1.4276174845811955e+06 1.3546329667832144e+05 7.9354097690569776e+16 4.6242414115760409e+29
2.0505146026956989e-15 1.4282912689130849e+06 1.3399052761249503e+05 7.8266894509480704e+16 4.6446662078432071e+29
2.0036848830852044e-15 1.4289549543138167e+06 1.3252199456573889e+05 7.7182769611278768e+16 4.6640986669840981e+29
1.9579246621439374e-15 1.4296093796458987e+06 1.3105778319934121e+05 7.6101912383789136e+16 4.6824229154236655e+29
1.9132095146262683e-15 1.4302555188480406e+06 1.2959798649123324e+05 7.5024534554885024e+16 4.6996290427479096e+29
1.8695155731111519e-15 1.4308945649019484e+06 1.2814309090836835e+05 7.3951189373076800e+16 4.7158758483721446e+29
1.8268195152624845e-15 1.4315272154522385e+06 1.2669440740375382e+05 7.2883009672109696e+16 4.7306089407853080e+29
1.7850985513804159e-15 1.4321541262856205e+06 1.2525209466174878e+05 7.1820175451508384e+16 4.7448533037253855e+29
1.7443304122370293e-15 1.4327758637203625e+06 1.2381621219647903e+05 7.0762789863761528e+16 4.7576794345120937e+29
1.7044933371897631e-15 1.4333931371044570e+06 1.2238681591040840e+05 6.9710953561667120e+16 4.7692769853681977e+29
1.6655660625663021e-15 1.4340066376875979e+06 1.2096395811639586e+05 6.8664764787105896e+16 4.7797896205293261e+29
1.6275278103148031e-15 1.4346170996404844e+06 1.1954768756109875e+05 6.7624319472129392e+16 4.7891531408742576e+29
1.5903582769132236e-15 1.4352252920061576e+06 1.1813804949352267e+05 6.6589711423206192e+16 4.7977024513359446e+29
1.5540376225320425e-15 1.4358320290164552e+06 1.1673508567893016e+05 6.5561032421980400e+16 4.8042975167106635e+29
1.5185464604444141e-15 1.4364381592718828e+06 1.1533883448814624e+05 6.4538372477519088e+16 4.8099428595942136e+29
1.4838658466781761e-15 1.4370445830873875e+06 1.1394933094588925e+05 6.3521820004394024e+16 4.8144546789536510e+29
1.4499772699042471e-15 1.4376522473805454e+06 1.1256660682490875e+05 6.2511462121155760e+16 4.8177220089092890e+29
1.4168626415558613e-15 1.4382621554017714e+06 1.1119069076528272e+05 6.1507385012230264e+16 4.8198079353894641e+29
1.3845042861735504e-15 1.4388753614797471e+06 1.0982160844195406e+05 6.0509674410752072e+16 4.8205754743475960e+29
1.3528849319705677e-15 1.4394930105981845e+06 1.0845938275338241e+05 5.9518416207788184e+16 4.8200665856920196e+29
1.3219877016137809e-15 1.4401162941375400e+06 1.0710403425158252e+05 5.8533697537940112e+16 4.8183169987287645e+29
1.2917961032151603e-15 1.4407465236392138e+06 1.0575558168293329e+05 5.7555608301711616e+16 4.8153349095057591e+29
1.2622940215289553e-15 1.4413851323652586e+06 1.0441404319799195e+05 5.6584244205741216e+16 4.8110700105863038e+29
1.2334657093499093e-15 1.4420336944511363e+06 1.0307943924711365e+05 5.5619713915010168e+16 4.8054566034430266e+29
1.2052957791079699e-15 1.4426940665500842e+06 1.0175203722886842e+05 5.4662338238162632e+16 4.7987147369837228e+29
1.1777691946549133e-15 1.4433676544419562e+06 1.0043308419043956e+05 5.3713137700090464e+16 4.7906727196597335e+29
1.1508712632385466e-15 1.4440556678087988e+06 9.9122755746713156e+04 5.2772269379530520e+16 4.7814575501318133e+29
1.1245876276602467e-15 1.4447594242201166e+06 9.7821047818195628e+04 5.1839754365211312e+16 4.7709622608891965e+29
1.0989042586115616e-15 1.4454802716259107e+06 9.6527953040698878e+04 5.0915611524587576e+16 4.7592611232935169e+29
1.0738074471858326e-15 1.4462196564438683e+06 9.5243460866973706e+04 4.9999857685429000e+16 4.7463909260034878e+29
1.0492837975608771e-15 1.4469790670689531e+06 9.3967557526426230e+04 4.9092507641527384e+16 4.7322087890354149e+29
1.0253202198487202e-15 1.4477600959800638e+06 9.2700226095835838e+04 4.8193574303025288e+16 4.7168095161861766e+29
1.0019039231086948e-15 1.4485643926326588e+06 9.1441446510639187e+04 4.7303068776059984e+16 4.7001652054623140e+29
9.7902240852003861e-16 1.4493936960211040e+06 9.0191195621942636e+04 4.6421000512186600e+16 4.6823201749261233e+29
9.5666346271047876e-16 1.4502498543233944e+06 8.8949447182632328e+04 4.5547377371789472e+16 4.6633000863804029e+29
9.3481515123713817e-16 1.4511347875225744e+06 8.7716171893002349e+04 4.4682205772676592e+16 4.6429707203133730e+29
9.1346581221632581e-16 1.4520505595395435e+06 8.6491337434596702e+04 4.3825490839012264e+16 4.6215056804117653e+29
8.9260405009884270e-16 1.4529993252663813e+06 8.5274908454567369e+04 4.2977236500116800e+16 4.5988826790900746e+29
8.7221872958741572e-16 1.4539833940794924e+06 8.4066846614991504e+04 4.2137445697762624e+16 4.5748889089973851e+29
8.5229896969304451e-16 1.4550051396884874e+06 8.2867110593876903e+04 4.1306120548372248e+16 4.5497986149414021e+29
8.3283413792712234e-16 1.4560671887658888e+06 8.1675656113827514e+04 4.0483262584638232e+16 4.5235833479400827e+29
8.1381384462616503e-16 1.4571722681045362e+06 8.0492435945809048e+04 3.9668873011099400e+16 4.4958473438463221e+29
7.9522793740615315e-16 1.4583232982493397e+06 7.9317399962644529e+04 3.8862953097528960e+16 4.4675194361967217e+29
7.7706649574355580e-16 1.4595234087415743e+06 7.8150495162432941e+04 3.8065504638795640e+16 4.4378282777986399e+29
7.5931982568008292e-16 1.4607759363656670e+06 7.6991665759466574e+04 3.7276530702631248e+16 4.4069863950715875e+29
7.4197845464837182e-16 1.4620845158275368e+06 7.5840853372236961e+04 3.6496036828031072e+16 4.3749119505568544e+29
7.2503312641587565e-16 1.4634529845485224e+06 7.4697997453707489e+04 3.5724033314692600e+16 4.3418599997115872e+29
7.0847479614417734e-16 1.4648857379108877e+06 7.3563036541904818e+04 3.4960540858947632e+16 4.3077860167398335e+29
6.9229462556118747e-16 1.4663873838113148e+06 7.2436287161083979e+04 3.4205865562474844e+16 4.2726096684625065e+29
6.7648397824355226e-16 1.4679606064006952e+06 7.1319167717447417e+04 3.3461029634608804e+16 4.2365913685681272e+29
6.6103441500684574e-16 1.4696095056187836e+06 7.0211756889851560e+04 3.2726078055718032e+16 4.1996127326233778e+29
6.4593768940101192e-16 1.4713381472754381e+06 6.9113978374220183e+04 3.2000949187489800e+16 4.1617865553709184e+29
6.3118574330868309e-16 1.4731509290528432e+06 6.8025753582490885e+04 3.1285581040206024e+16 4.1229649577934620e+29
6.1677070264404771e-16 1.4750525625433603e+06 6.6947001541917663e+04 3.0579911217737104e+16 4.0834230705797933e+29
6.0268487314992354e-16 1.4770480621801959e+06 6.5877638987657294e+04 2.9883877123554920e+16 4.0429900538863542e+29
5.8892073629081840e-16 1.4791427501730784e+06 6.4817580319137487e+04 2.9197415998969704e+16 4.0017793989450983e+29
5.7547094523980690e-16 1.4813423306737794e+06 6.3766737589340664e+04 2.8520465009637372e+16 3.9597885885495233e+29
5.6232832095703759e-16 1.4836528766655498e+06 6.2725020514984360e+04 2.7852961378049240e+16 3.9170187984967530e+29
5.4948584835779901e-16 1.4860809048115138e+06 6.1692336420048458e+04 2.7194842441540268e+16 3.8735102739790762e+29
5.3693667256812081e-16 1.4886333860268854e+06 6.0668590219914891e+04 2.6546045775818676e+16 3.8292655941969388e+29
5.2467409526586886e-16 1.4913178088842204e+06 5.9653684359892206e+04 2.5906509283697500e+16 3.7843596873530007e+29
5.1269157110540245e-16 1.4941422177059476e+06 5.8647518749425100e+04 2.5276171299856644e+16 3.7387883694584327e+29
5.0098270422390534e-16 1.4971152851359644e+06 5.7649990689648148e+04 2.4654970708982868e+16 3.6925447754007098e+29
4.8954124482748562e-16 1.5002463259483692e+06 5.6660994754455074e+04 2.4042847044673080e+16 3.6456915543830635e+29
4.7836108585524261e-16 1.5035454615027134e+06 5.5680422671283144e+04 2.3439740619877820e+16 3.5982497116884542e+29
4.6743625971954056e-16 1.5070235957657995e+06 5.4708163159097276e+04 2.2845592653149064e+16 3.5502235487675466e+29
4.5676093512069747e-16 1.5106925490842476e+06 5.3744101727122412e+04 2.2260345402566960e+16 3.5017794039961837e+29
4.4632941393445205e-16 1.5145651915141167e+06 5.2788120439478131e+04 2.1683942326463380e+16 3.4528210182870156e+29
4.3613612817048402e-16 1.5186555218493466e+06 5.1840097626267299e+04 2.1116328265269096e+16 3.4033227107980800e+29
4.2617563700042366e-16 1.5229788147904039e+06 5.0899907443539763e+04 2.0557449566457924e+16 3.3534873772236608e+29
4.1644262385371750e-16 1.5275517884463475e+06 4.9967419462359132e+04 2.0007254373163896e+16 3.3032757168856030e+29
4.0693189357981937e-16 1.5323927719767757e+06 4.9042498011048774e+04 1.9465692831705600e+16 3.2527717690211386e+29
3.9763836967520638e-16 1.5375219432209623e+06 4.8125001378315479e+04 1.8932717399353604e+16 3.2019184876790882e+29
3.8855709157370915e-16 1.5429615788992753e+06 4.7214780720467134e+04 1.8408283196639680e+16 3.1508172221624759e+29
3.7968321199872603e-16 1.5487363669471154e+06 4.6311678561489047e+04 1.7892348456402152e+16 3.0995732815393461e+29
3.7101199437592186e-16 1.5548738215219390e+06 4.5415526648130079e+04 1.7384875134613386e+16 3.0481763645799546e+29
3.6253881030500103e-16 1.5614047131295593e+06 4.4526142648563102e+04 1.6885829704577258e+16 2.9967155034228448e+29
3.5425913708922102e-16 1.5683638167514647e+06 4.3643324747716186e+04 1.6395184409703380e+16 2.9452820689640463e+29
3.4616855532133985e-16 1.5757908425452569e+06 4.2766841475691472e+04 1.5912919351736574e+16 2.8939376381802858e+29
3.3826274652468279e-16 1.5837321079789188e+06 4.1896407320881997e+04 1.5439027103836286e+16 2.8426484509185463e+29
3.3053749084808257e-16 1.5922242236035864e+06 4.1033722581569127e+04 1.4974682330586184e+16 2.7918874747903707e+29
3.2298866481347640e-16 1.6012187701572601e+06 4.0188137020462091e+04 1.4525030959630424e+16 2.7422905754995358e+29
3.1561223911492326e-16 1.6107283932364169e+06 3.9360578428456327e+04 1.4090307219245082e+16 2.6939448427236098e+29
3.0840427646790691e-16 1.6207780033191787e+06 3.8550763515401588e+04 1.3670082789334838e+16 2.6468468919458756e+29
3.0136092950774375e-16 1.6313941055311705e+06 3.7758412354147884e+04 1.3263941127624396e+16 2.6009911289900106e+29
2.9447843873598701e-16 1.6426048708680538e+06 3.6983248426363367e+04 1.2871477256084480e+16 2.5564617021647311e+29
2.8775313051374337e-16 1.6544403625676995e+06 3.6224998743875418e+04 1.2492297634005762e+16 2.5131971968150601e+29
2.8118141510080006e-16 1.6669326112175840e+06 3.5483393867207305e+04 1.2126019931632564e+16 2.4711580214367646e+29
2.7475978473955239e-16 1.6801158182995128e+06 3.4758168013397641e+04 1.1772272901612358e+16 2.4304817722527229e+29
2.6848481178267837e-16 1.6940265235254010e+06 3.4049059089697672e+04 1.1430696185725888e+16 2.3909604819229863e+29
2.6235314686357462e-16 1.7087037830807304e+06 3.3355808762098502e+04 1.1100940160821948e+16 2.3528257222811939e+29
2.5636151710858508e-16 1.7241894307180892e+06 3.2678162524772499e+04 1.0782665797559872e+16 2.3160013914188981e+29
2.5050672439004940e-16 1.7405282804355524e+06 3.2015869710512561e+04 1.0475544470695112e+16 2.2805071261380554e+29
2.4478564361924820e-16 1.7577683853610181e+06 3.1368683592208319e+04 1.0179257864356648e+16 2.2463107278885957e+29
2.3919522107834371e-16 1.7759614103138209e+06 3.0736361395440188e+04 9.8934978073308560e+15 2.2134742429229395e+29
2.3373247279040608e-16 1.7951627974384550e+06 3.0118664353349930e+04 9.6179661554418960e+15 2.1820726912478845e+29
2.2839448292666521e-16 1.8154322498626716e+06 2.9515357734700294e+04 9.3523746644544080e+15 2.1519460392131483e+29
2.2317840225014695e-16 1.8368341139431465e+06 2.8926210907512737e+04 9.0964449127761780e+15 2.1232608575312902e+29
2.1808144659484423e-16 1.8594377727676998e+06 2.8350997353897517e+04 8.8499081846096840e+15 2.0960122731391219e+29
2.1310089537962172e-16 1.8833181705250652e+06 2.7789494713529028e+04 8.6125054074681250e+15 2.0702095497351396e+29
2.0823409015606867e-16 1.9085562873306645e+06 2.7241484815401604e+04 8.3839870881044150e+15 2.0458992592783706e+29
2.0347843318950268e-16 1.9352398641891552e+06 2.6706753711288144e+04 8.1641132787799430e+15 2.0232098015456524e+29
1.9883138607239442e-16 1.9634639904374329e+06 2.6185091700329791e+04 7.9526535491315910e+15 2.0019762210032342e+29
1.9429046836944547e-16 1.9933319761910753e+06 2.5676293376564863e+04 7.7493870256797160e+15 1.9825086904128314e+29
1.8985325629362248e-16 2.0249559915249459e+06 2.5180157622171067e+04 7.5541023711897530e+15 1.9646903743780664e+29
1.8551738141241954e-16 2.0584582333935995e+06 2.4696487667995938e+04 7.3665979111673600e+15 1.9486764831620323e+29
1.8128052938366760e-16 2.0939719644856718e+06 2.4225091107426233e+04 7.1866817187119470e+15 1.9345202243289115e+29
1.7714043872022208e-16 2.1316427020179885e+06 2.3765779950444630e+04 7.0141717945602570e+15 1.9222835982143029e+29
1.7309489958285580e-16 2.1716296285846503e+06 2.3318370531572695e+04 6.8488961818736870e+15 1.9122001115505770e+29
1.6914175260072004e-16 2.2141071551029850e+06 2.2882683783243636e+04 6.6906934297147590e+15 1.9043073865402221e+29
1.6527888771875031e-16 2.2592667674209313e+06 2.2458544995387947e+04 6.5394127310696750e+15 1.8989162641479979e+29
1.6150424307138873e-16 2.3073190105860098e+06 2.2045784036844292e+04 6.3949145017845850e+15 1.8960879377566069e+29
1.5781580388202848e-16 2.3584958952973932e+06 2.1644235303301622e+04 6.2570708564924270e+15 1.8961042590981808e+29
1.5421160138759887e-16 2.4130535357813644e+06 2.1253737784891488e+04 6.1257662996763110e+15 1.8993435996206394e+29
1.5068971178770459e-16 2.4712753065686109e+06 2.0874135106517064e+04 6.0008985441069150e+15 1.9061190290415461e+29
1.4724825521776490e-16 2.5334754068198227e+06 2.0505275586055122e+04 5.8823795269693740e+15 1.9168557880974173e+29
1.4388539474560966e-16 2.6000029634748390e+06 2.0147012298901493e+04 5.7701366489183490e+15 1.9320424146461764e+29
1.4059933539098582e-16 2.6712469095207532e+06 1.9799203105086021e+04 5.6641142618564840e+15 1.9524194697741806e+29
1.3738832316745625e-16 2.7476415968951057e+06 1.9461710800922407e+04 5.5642755814611920e+15 1.9788068930012996e+29
1.3425064414618588e-16 2.8296733546512667e+06 1.9134403206479601e+04 5.4706049692448570e+15 2.0122165032120786e+29
1.3118462354110019e-16 2.9178882512798621e+06 1.8817153227763651e+04 5.3831107180978360e+15 2.0540514197405532e+29
1.2818862481494600e-16 3.0129012870231522e+06 1.8509839063847383e+04 5.3018286126269430e+15 2.1058256875896817e+29
1.2526104880575935e-16 3.1154071802524365e+06 1.8212344346403850e+04 5.2268262365567130e+15 2.1698096060571910e+29
1.2240033287329122e-16 3.2261930280807619e+06 1.7924558372708656e+04 5.1582084607276220e+15 2.2488138522385876e+29
1.1960495006492161e-16 3.3461544808991812e+06 1.7646376387253440e+04 5.0961242927251600e+15 2.3465116267774497e+29
1.1687340830062301e-16 3.4763136129646366e+06 1.7377699756080143e+04 5.0407754616671900e+15 2.4677067278298809e+29
