4.9950000000000001e+00 3.2027618580445910e-01 1.3761397844356074e-01 1.0712637156391308e-02 8.3858654508246614e-06
4.8063244512507319e+00 3.2006167882922248e-01 1.3733765993524630e-01 1.0656766785713621e-02 8.5723842468233754e-06
4.6247757218599901e+00 3.1983879078851851e-01 1.3705093737943078e-01 1.0599113652046197e-02 8.7675634529708324e-06
4.4500846113166022e+00 3.1960720188731928e-01 1.3675344504829509e-01 1.0539637046571319e-02 8.9718126648404841e-06
4.2819920875887076e+00 3.1936657841064331e-01 1.3644480493414743e-01 1.0478295786510300e-02 9.1855600061298160e-06
4.1202489030309852e+00 3.1911658298167556e-01 1.3612463486502185e-01 1.0415051254795140e-02 9.4092503783193459e-06
3.9646152248001663e+00 3.1885685885325921e-01 1.3579253605094299e-01 1.0349863551362783e-02 9.6433489658478810e-06
3.8148602792308215e+00 3.1858703986522752e-01 1.3544810182414216e-01 1.0282693955365475e-02 9.8883399320225779e-06
3.6707620096441027e+00 3.1830674743813536e-01 1.3509091513918359e-01 1.0213504631390601e-02 1.0144726997673577e-05
3.5321067470820275e+00 3.1801559047537420e-01 1.3472054889088783e-01 1.0142258750425895e-02 1.0413033801795332e-05
3.3986888934790858e+00 3.1771316512961983e-01 1.3433656607439268e-01 1.0068920651398066e-02 1.0693804122315632e-05
3.2703106168013663e+00 3.1739905458777296e-01 1.3393851999752768e-01 9.9934560122671642e-03 1.0987602008111653e-05
3.1467815577011553e+00 3.1707282887580135e-01 1.3352595454894953e-01 9.9158320302838547e-03 1.1295011807855122e-05
3.0279185472520380e+00 3.1673404468559163e-01 1.3309840452612545e-01 9.8360176111390221e-03 1.1616638079397228e-05
2.9135453353459591e+00 3.1638224522642489e-01 1.3265539602757812e-01 9.7539835668441436e-03 1.1953105361607231e-05
2.8034923293495084e+00 3.1601696007806945e-01 1.3219644687925128e-01 9.6697028270958160e-03 1.2305057777797981e-05
2.6975963426319147e+00 3.1563770539875280e-01 1.3172106757066410e-01 9.5831505954289756e-03 1.2673158606997177e-05
2.5957003525918556e+00 3.1524398308008361e-01 1.3122876080608092e-01 9.4943047231843183e-03 1.3058089190139218e-05
2.4976532678243011e+00 3.1483528161041674e-01 1.3071902339772198e-01 9.4031457748830882e-03 1.3460548194806631e-05
2.4033097040821279e+00 3.1441107573120120e-01 1.3019134654912398e-01 9.3096573222849494e-03 1.3881250417012206e-05
2.3125297687003190e+00 3.1397082652332003e-01 1.2964521676280533e-01 9.2138261898178295e-03 1.4320925146725501e-05
2.2251788531630718e+00 3.1351398141117548e-01 1.2908011669148411e-01 9.1156427257203521e-03 1.4780314154307075e-05
2.1411274335062531e+00 3.1303997460589222e-01 1.2849552655634897e-01 9.0151009958293147e-03 1.5260169762462459e-05
2.0602508782592253e+00 3.1254822762118667e-01 1.2789092568965779e-01 8.9121989728894197e-03 1.5761252573309795e-05
1.9824292636412633e+00 3.1203814831698656e-01 1.2726579231825400e-01 8.8069390481509031e-03 1.6284327330800620e-05
1.9075471957385359e+00 3.1150913279514414e-01 1.2661960687682725e-01 8.6993279749422690e-03 1.6830160750938571e-05
1.8354936393979762e+00 3.1096056506214215e-01 1.2595185261204425e-01 8.5893772749927027e-03 1.7399516939053796e-05
1.7661617535843217e+00 3.1039181772347846e-01 1.2526201748542362e-01 8.4771034499122044e-03 1.7993153053978087e-05
1.6994487329561954e+00 3.0980225260620076e-01 1.2454959601471002e-01 8.3625282181403783e-03 1.8611814277990259e-05
1.6352556554263140e+00 3.0919122147067218e-01 1.2381409124775031e-01 8.2456787439789889e-03 1.9256228183366032e-05
1.5734873354797865e+00 3.0855806681564396e-01 1.2305501686913546e-01 8.1265878571823887e-03 1.9927098458102894e-05
1.5140521830330054e+00 3.0790212289626101e-01 1.2227189957567518e-01 8.0052942320202151e-03 2.0625098204413192e-05
1.4568620676238404e+00 3.0722271619502556e-01 1.2146428077312026e-01 7.8818424260614847e-03 2.1350862305194535e-05
1.4018321877317641e+00 3.0651916755817932e-01 1.2063172043879077e-01 7.7562837287258575e-03 2.2104977480646515e-05
1.3488809450341310e+00 3.0579079248773006e-01 1.1977379844700844e-01 7.6286753752274235e-03 2.2887975965952860e-05
1.2979298234121599e+00 3.0503690287223101e-01 1.1889011789770493e-01 7.4990812319376821e-03 2.3700323868499663e-05
1.2489032725272091e+00 3.0425680837817543e-01 1.1798030787952744e-01 7.3675717787732202e-03 2.4542411009155173e-05
1.2017285957947110e+00 3.0344981801280130e-01 1.1704402642385266e-01 7.2342241850736830e-03 2.5414539603778633e-05
1.1563358425896548e+00 3.0261524191808814e-01 1.1608096367838368e-01 7.0991223213690479e-03 2.6316912505096177e-05
1.1126577045237789e+00 3.0175239282647892e-01 1.1509084464159582e-01 6.9623568756950766e-03 2.7249619673290250e-05
1.0706294156406708e+00 3.0086058851213848e-01 1.1407343295006979e-01 6.8240251521129022e-03 2.8212626274139821e-05
1.0301886563807887e+00 2.9993915317065040e-01 1.1302853337645523e-01 6.6842312164001206e-03 2.9205757086943822e-05
9.9127546117399867e-01 2.9898742020540015e-01 1.1195599580691608e-01 6.5430855999925822e-03 3.0228683917083874e-05
9.5383212952260976e-01 2.9800473408289041e-01 1.1085571804989507e-01 6.4007052653402754e-03 3.1280909992843257e-05
9.1780314044305800e-01 2.9699045278025782e-01 1.0972764917605321e-01 6.2572133906581362e-03 3.2361755401258104e-05
8.8313507013937520e-01 2.9594395023753933e-01 1.0857179270681934e-01 6.1127391403963749e-03 3.3470342239101970e-05
8.4977651278636823e-01 2.9486461892086285e-01 1.0738820975165522e-01 5.9674174016041606e-03 3.4605579838060411e-05
8.1767800430504545e-01 2.9375187101834327e-01 1.0617702043567906e-01 5.8213880964416796e-03 3.5766152776168482e-05
7.8679194901726557e-01 2.9260514488806011e-01 1.0493841098157290e-01 5.6747967285347310e-03 3.6950501812249357e-05
7.5707254907085131e-01 2.9142390384334710e-01 1.0367263195752752e-01 5.5277930278482042e-03 3.8156816637528642e-05
7.2847573653052100e-01 2.9020764093311519e-01 1.0238000302322467e-01 5.3805310269348606e-03 3.9383020910430436e-05
7.0095910803393979e-01 2.8895588060007471e-01 1.0106091391831286e-01 5.2331681811609819e-03 4.0626764990707533e-05
6.7448186191600168e-01 2.8766818235741137e-01 9.9715827399075183e-02 5.0858651052955390e-03 4.1885415707614636e-05
6.4900473770810785e-01 2.8634414331613567e-01 9.8345280603364393e-02 4.9387849098877137e-03 4.3156050861226273e-05
6.2448995792273210e-01 2.8498340108218062e-01 9.6949886506041055e-02 4.7920926063530099e-03 4.4435455456266550e-05
6.0090117203695059e-01 2.8358563417685678e-01 9.5530332523269840e-02 4.6459541652760696e-03 4.5720122823192632e-05
5.7820340259187553e-01 2.8215056938652211e-01 9.4087385924779915e-02 4.5005363702084588e-03 4.7006254853163228e-05
5.5636299332806849e-01 2.8067798219446133e-01 9.2621891659325190e-02 4.3560060522628815e-03 4.8289765917060553e-05
5.3534755928002875e-01 2.7916769643639000e-01 9.1134769264075516e-02 4.2125287846400319e-03 4.9566298789935345e-05
5.1512593875575630e-01 2.7761958992049823e-01 8.9627015398525967e-02 4.0702687063567580e-03 5.0831233829536715e-05
4.9566814713018587e-01 2.7603359558807911e-01 8.8099701521360277e-02 3.9293876374301316e-03 5.2079708147142847e-05
4.7694533238397552e-01 2.7440970357931582e-01 8.6553972162557113e-02 3.7900443571890893e-03 5.3306637948091415e-05
4.5892973232172357e-01 2.7274796305992349e-01 8.4991042637494643e-02 3.6523938845214876e-03 5.4506745336642824e-05
4.4159463340617688e-01 2.7104848386191682e-01 8.3412196274005937e-02 3.5165867742030631e-03 5.5674589553269928e-05
4.2491433114738963e-01 2.6931143789642853e-01 8.1818781131965529e-02 3.3827684333590726e-03 5.6804602561558111e-05
4.0886409198809798e-01 2.6753706032742691e-01 8.0212206230243652e-02 3.2510784650105640e-03 5.7891128799157143e-05
3.9342011662879356e-01 2.6572565050023039e-01 7.8593937304345038e-02 3.1216500455845601e-03 5.8928468812433192e-05
3.7855950473811517e-01 2.6387757260658012e-01 7.6965492110593350e-02 2.9946093417622340e-03 5.9910926395737175e-05
3.6426022099623029e-01 2.6199325607564072e-01 7.5328435303952640e-02 2.8700749721910757e-03 6.0832858755402898e-05
3.5050106242085627e-01 2.6007319568262471e-01 7.3684372922216385e-02 2.7481575191248262e-03 6.1688729122078885e-05
3.3726162692747158e-01 2.5811795136867927e-01 7.2034946514195466e-02 2.6289590944739987e-03 6.2473161144493795e-05
3.2452228307709891e-01 2.5612814776783199e-01 7.0381826954130700e-02 2.5125729641081763e-03 6.3180994316897144e-05
3.1226414096680122e-01 2.5410447343918541e-01 6.8726707988822744e-02 2.3990832335670314e-03 6.3807339622966490e-05
3.0046902421972815e-01 2.5204767980542797e-01 6.7071299568033330e-02 2.2885645976345008e-03 6.4347634526113590e-05
2.8911944303317877e-01 2.4995857980124800e-01 6.5417321011784241e-02 2.1810821554634234e-03 6.4797696400133764e-05
2.7819856824471662e-01 2.4783804623768019e-01 6.3766494070463475e-02 2.0766912921438337e-03 6.5153773478547790e-05
2.6769020637788332e-01 2.4568700989081202e-01 6.2120535935246343e-02 1.9754376268140156e-03 6.5412592407070600e-05
2.5757877563050552e-01 2.4350645732568299e-01 6.0481152257146287e-02 1.8773570266289829e-03 6.5571401512352920e-05
2.4784928276999499e-01 2.4129742846843938e-01 5.8850030233039370e-02 1.7824756851394150e-03 6.5628008951252014e-05
2.3848730090137812e-01 2.3906101394193061e-01 5.7228831816203238e-02 1.6908102629086827e-03 6.5580814978729825e-05
2.2947894807509198e-01 2.3679835218185721e-01 5.5619187107326558e-02 1.6023680875169300e-03 6.5428837666810507e-05
2.2081086670282518e-01 2.3451062635230616e-01 5.4022687979592914e-02 1.5171474094826712e-03 6.5171731521086764e-05
2.1247020375088183e-01 2.3219906108100963e-01 5.2440881988378311e-02 1.4351377100816950e-03 6.4809798570022157e-05
2.0444459168169937e-01 2.2986491903592551e-01 5.0875266612388191e-02 1.3563200565690737e-03 6.4343991644791744e-05
1.9672213011526002e-01 2.2750949736575110e-01 4.9327283868764976e-02 1.2806674999182076e-03 6.3775909718656680e-05
1.8929136818320363e-01 2.2513412402772073e-01 4.7798315339908276e-02 1.2081455098848428e-03 6.3107785329983977e-05
1.8214128754947678e-01 2.2274015402653463e-01 4.6289677644565666e-02 1.1387124419861580e-03 6.2342464269078064e-05
1.7526128607234051e-01 2.2032896578380617e-01 4.4802618499216282e-02 1.0723200358763599e-03 6.1483377922747425e-05
1.6864116208351143e-01 2.1790195650554905e-01 4.3338312683948353e-02 1.0089139095242530e-03 6.0534508386352845e-05
1.6227109926112490e-01 2.1546053942495128e-01 4.1897859679857166e-02 9.4843411836816527e-04 5.9500347830182886e-05
1.5614165207408992e-01 2.1300613918815525e-01 4.0482280674134542e-02 8.9081567480470136e-04 5.8385851701451354e-05
1.5024373177625286e-01 2.1054018818612208e-01 3.9092516655914546e-02 8.3598909685642727e-04 5.7196387401270859e-05
1.4456859292960175e-01 2.0806412275599512e-01 3.7729426920150813e-02 7.8388095151853392e-04 5.5937679006903197e-05
1.3910782043652825e-01 2.0557937945309038e-01 3.6393788085192051e-02 7.3441439298742306e-04 5.4615749031007708e-05
1.3385331706191833e-01 2.0308739123436931e-01 3.5086293517831664e-02 6.8750968616607794e-04 5.3236858014929535e-05
1.2879729142656954e-01 2.0058958463347426e-01 3.3807553714774223e-02 6.4308474308567300e-04 5.1807443955325865e-05
1.2393224645413162e-01 1.9808737530461829e-01 3.2558096209893951e-02 6.0105558965564481e-04 5.0334059984949777e-05
1.1925096825443932e-01 1.9558216544493834e-01 3.1338366858784265e-02 5.6133686509863569e-04 4.8823314575146290e-05
1.1474651542675406e-01 1.9307534050149366e-01 3.0148731068848824e-02 5.2384227222878016e-04 4.7281812637037662e-05
1.1041220876705253e-01 1.9056826621044748e-01 2.8989475505911719e-02 4.8848500806755659e-04 4.5716099295165603e-05
1.0624162136410110e-01 1.8806228587643406e-01 2.7860810183241956e-02 4.5517816849772937e-04 4.4132606916225329e-05
1.0222856906962989e-01 1.8555871774236168e-01 2.6762870825755933e-02 4.2383512331558627e-04 4.2537605897164150e-05
9.8367101328475759e-02 1.8305885237005703e-01 2.5695721447900558e-02 3.9436986175704977e-04 4.0937159707191541e-05
9.4651492355097386e-02 1.8056395067485409e-01 2.4659357381240938e-02 3.6669731213776402e-04 3.9337084878609308e-05
9.1076232643378635e-02 1.7807524183439286e-01 2.3653708371532196e-02 3.4073362853843025e-04 3.7742915836789664e-05
8.7636020797131300e-02 1.7559392139821703e-01 2.2678641860499664e-02 3.1639644811620548e-04 3.6159874912964421e-05
8.4325755669183156e-02 1.7312114964463388e-01 2.1733966434630041e-02 2.9360511968079452e-04 3.4592847643350499e-05
8.1140528797395403e-02 1.7065805012910654e-01 2.0819435383898292e-02 2.7228090367406468e-04 3.3046363305261297e-05
7.8075617126393534e-02 1.6820570841888649e-01 1.9934750337689898e-02 2.5234714445206895e-04 3.1524580579064261e-05
7.5126476004219359e-02 1.6576517101358504e-01 1.9079564949107619e-02 2.3372941601622856e-04 3.0031278148698834e-05
7.2288732443519702e-02 1.6333744444634185e-01 1.8253488599001510e-02 2.1635564245244302e-04 2.8569849992138090e-05
6.9558178637279436e-02 1.6092349456071628e-01 1.7456090093529150e-02 2.0015619447678342e-04 2.7143305047522338e-05
6.6930765719483989e-02 1.5852424595656009e-01 1.6686901330754150e-02 1.8506396357633056e-04 2.5754270899069542e-05
6.4402597761459499e-02 1.5614058159771954e-01 1.5945420914078447e-02 1.7101441530316164e-04 2.4405001099304903e-05
6.1969925994988677e-02 1.5377334257393008e-01 1.5231117692568965e-02 1.5794562332408925e-04 2.3097385713536763e-05
5.9629143253636122e-02 1.5142332801039468e-01 1.4543434210940695e-02 1.4579828585470212e-04 2.1832964664230305e-05
5.7376778624040829e-02 1.4909129511389105e-01 1.3881790052880009e-02 1.3451572607951675e-04 2.0612943449551967e-05
5.5209492299244801e-02 1.4677795934741236e-01 1.3245585064696343e-02 1.2404387816072505e-04 1.9438210816049079e-05
5.3124070626426254e-02 1.4448399472601381e-01 1.2634202448580878e-02 1.1433126040222257e-04 1.8309357978654810e-05
5.1117421341694357e-02 1.4221003390481973e-01 1.2047011631864106e-02 1.0532893473788964e-04 1.7226698827367743e-05
4.9186568984879199e-02 1.3995666996650852e-01 1.1483371413046931e-02 9.6990468081189373e-05 1.6190291785140150e-05
4.7328650487518706e-02 1.3772445511750875e-01 1.0942632104922363e-02 8.9271861494393204e-05 1.5199960400571426e-05
4.5540910927499685e-02 1.3551390264187047e-01 1.0424138374247121e-02 8.2131495924408436e-05 1.4255315817524725e-05
4.3820699444058760e-02 1.3332548735252858e-01 9.9272314962034428e-03 7.5530059970005121e-05 1.3355778252406089e-05
4.2165465307084857e-02 1.3115964641809080e-01 9.4512515339617645e-03 6.9430475150407631e-05 1.2500598275534637e-05
4.0572754134896201e-02 1.2901678026422292e-01 8.9955393632127449e-03 6.3797817376105194e-05 1.1688877527155110e-05
3.9040204254882034e-02 1.2689725351503486e-01 8.5594385372133857e-03 5.8599235489385552e-05 1.0919588677742822e-05
3.7565543201614107e-02 1.2480139598318800e-01 8.1422969988255017e-03 5.3803867791758577e-05 1.0191594492389848e-05
3.6146584347233938e-02 1.2272950369945958e-01 7.7434686425280940e-03 4.9382757328157525e-05 9.5036658905154677e-06
3.4781223659120591e-02 1.2068183996941848e-01 7.3623147296348265e-03 4.5308766611839893e-05 8.8544989089061486e-06
3.3467436580030402e-02 1.1865863646067619e-01 6.9982051635951803e-03 4.1556492430087016e-05 8.2427305082912684e-06
3.2203275026082730e-02 1.1666009432779993e-01 6.6505196328513465e-03 3.8102181291097926e-05 7.6669531972379874e-06
3.0986864498140851e-02 1.1468638674609688e-01 6.3186488534663571e-03 3.4923647991230638e-05 7.1257288045964172e-06
2.9816401302303813e-02 1.1273765420002012e-01 6.0019944848281994e-03 3.2000184805718687e-05 6.6175991023324980e-06
2.8690149875388801e-02 1.1081401444508922e-01 5.6999713803935767e-03 2.9312494868080423e-05 6.1410992133644681e-06
2.7606440211437291e-02 1.0891555772519071e-01 5.4120072460702804e-03 2.6842604825962644e-05 5.6947658121879017e-06
2.6563665385429942e-02 1.0704234926895431e-01 5.1375434324444236e-03 2.4573791351276202e-05 5.2771462214084762e-06
2.5560279170537450e-02 1.0519443058299829e-01 4.8760354201787936e-03 2.2490508194905509e-05 4.8868060886198625e-06
2.4594793745375172e-02 1.0337181995304362e-01 4.6269531018225986e-03 2.0578314511512369e-05 4.5223358863642587e-06
2.3665777487860903e-02 1.0157451562203575e-01 4.3897813606556249e-03 1.8823811371596658e-05 4.1823569862260388e-06
2.2771852852405412e-02 9.9802493750830182e-02 4.1640198337805851e-03 1.7214570511622873e-05 3.8655257768604855e-06
2.1911694327287252e-02 9.8055711529481518e-02 3.9491833431098949e-03 1.5739076642086628e-05 3.5705380529658144e-06
2.1084026469183729e-02 9.6334107697090304e-02 3.7448018912114153e-03 1.4386667314900580e-05 3.2961320560408828e-06
2.0287622011943011e-02 9.4637603549488927e-02 3.5504206718310438e-03 1.3147476767717197e-05 3.0410909877926454e-06
1.9521300046793658e-02 9.2966103922210344e-02 3.3656000265832628e-03 1.2012382641542567e-05 2.8042448329736125e-06
1.8783924271292569e-02 9.1319498147501607e-02 3.1899153531141232e-03 1.0972955525957653e-05 2.5844716840803921e-06
1.8074401304415535e-02 8.9697660984345617e-02 3.0229569697710042e-03 1.0021411272132855e-05 2.3806985085089961e-06
1.7391679065291387e-02 8.8100453520642399e-02 2.8643299415373707e-03 9.1505660021079825e-06 2.1919014956276308e-06
1.6734745213176278e-02 8.6527724046952179e-02 2.7136538717200055e-03 8.3537937334345029e-06 2.0171060298307685e-06
1.6102625646354406e-02 8.4979308901273601e-02 2.5705626635884309e-03 7.6249865307280798e-06 1.8553862773743049e-06
1.5494383057739793e-02 8.3455033284602617e-02 2.4347042559020433e-03 6.9585170900851949e-06 1.7058645272603057e-06
1.4909115545037014e-02 8.1954711356574728e-02 2.3057402751170478e-03 6.3492031209771249e-06 1.5677102198342550e-06
1.4345955273400150e-02 8.0478146744498449e-02 2.1833457302874990e-03 5.7922755922648011e-06 1.4401387904869722e-06
1.3804067188607119e-02 7.9025141081798714e-02 2.0672093003143567e-03 5.2833490724330431e-06 1.3224110439877734e-06
1.3282647778840905e-02 7.7595479660633959e-02 1.9570317746784366e-03 4.8183886790301963e-06 1.2138304169919558e-06
1.2780923883242102e-02 7.6188943201199677e-02 1.8525266299882458e-03 4.3936871860137184e-06 1.1137424199179422e-06
1.2298151545465654e-02 7.4805305565158367e-02 1.7534194299736908e-03 4.0058389672485214e-06 1.0215327531834123e-06
1.1833614910542259e-02 7.3444334368404238e-02 1.6594474664507351e-03 3.6517167834114997e-06 9.3662566372089193e-07
1.1386625163408303e-02 7.2105791566224930e-02 1.5703593965275618e-03 3.3284501961263123e-06 8.5848219967933740e-07
1.0956519507530774e-02 7.0789434011300501e-02 1.4859148778491743e-03 3.0334055146189604e-06 7.8659853896642712e-07
1.0542660182112265e-02 6.9495013985077875e-02 1.4058842034996117e-03 2.7641671832876577e-06 7.2050416825215176e-07
1.0144433516419160e-02 6.8222279703280014e-02 1.3300479380203539e-03 2.5185205219392913e-06 6.5976032904650550e-07
9.7612490198303956e-03 6.6970974962143381e-02 1.2581965067151883e-03 2.2944354525773074e-06 6.0395812428808532e-07
9.3925385062578783e-03 6.5740842909174937e-02 1.1901300346382235e-03 2.0900528252266275e-06 5.5271717628530141e-07
9.0377552516398892e-03 6.4531616090871491e-02 1.1256574121574696e-03 1.9036682199466988e-06 5.0568344952220384e-07
8.6963731832585649e-03 6.3343041886355977e-02 1.0645972925897539e-03 1.7337236669459375e-06 4.6252870553864547e-07
8.3678860996790356e-03 6.2174849522273166e-02 1.0067759668031999e-03 1.5787907284836544e-06 4.2294780756253205e-07
8.0518069201538523e-03 6.1026772119818565e-02 9.5202819336323542e-04 1.4375630542465842e-06 3.8665793142804880e-07
7.7476669623794377e-03 5.9898541596752793e-02 9.0019657553558081e-04 1.3088455596719142e-06 3.5339704173690007e-07
7.4550152475338933e-03 5.8789889006383614e-02 8.5113124213570253e-04 1.1915452475478813e-06 3.2292259416765505e-07
7.1734178315653978e-03 5.7700544848114460e-02 8.0468953599163381e-04 1.0846627483007771e-06 2.9501026343268978e-07
6.9024571617398922e-03 5.6630239355741838e-02 7.6073571066348825e-04 9.8728452864496736e-07 2.6945255857985751e-07
6.6417314574937318e-03 5.5578702767650853e-02 7.1914063582851826e-04 8.9857572046232443e-07 2.4605803676695238e-07
6.3908541146733278e-03 5.4545665580279928e-02 6.7978151152324137e-04 8.1777352408955194e-07 2.2464972352806855e-07
6.1494531322784348e-03 5.3530857793468875e-02 6.4254155400949404e-04 7.4418100855465140e-07 2.0506446212893022e-07
5.9171705608589047e-03 5.2534003269026013e-02 6.0730953782128349e-04 6.7716144615297739e-07 1.8715163917120902e-07
5.6936619717471819e-03 5.1554853636671089e-02 5.7398069572778797e-04 6.1613497212641674e-07 1.7077316978114635e-07
5.4785959463393239e-03 5.0593132682017858e-02 5.4245451198524656e-04 5.6057044169840991e-07 1.5580108548008636e-07
5.2716535846674371e-03 4.9648575489513382e-02 5.1263586714457988e-04 5.0998369805892717e-07 1.4211807430559779e-07
5.0725280325346674e-03 4.8720918612590772e-02 4.8443444623982873e-04 4.6393291965692122e-07 1.2961578969524199e-07
4.8809240265117425e-03 4.7809900227115787e-02 4.5776451548967963e-04 4.2201499018367343e-07 1.1819521327970784e-07
4.6965574561202306e-03 4.6915260269897001e-02 4.3254470750159825e-04 3.8386217062952143e-07 1.0776470679319908e-07
4.5191549425534763e-03 4.6036740570222043e-02 4.0869781505003578e-04 3.4913905002710993e-07 9.8240718481557946e-08
4.3484534333103828e-03 4.5174084973008934e-02 3.8615059316803263e-04 3.1753975229804958e-07 8.9545754028891931e-08
4.1841998121411204e-03 4.4327039453125126e-02 3.6483356932370689e-04 2.8878537845171113e-07 8.1609730074362717e-08
4.0261505237262421e-03 4.3495351072547657e-02 3.4468083290434032e-04 2.6262159535270046e-07 7.4367289269008886e-08
3.8740712125328101e-03 4.2678754243175791e-02 3.2562955455551199e-04 2.3881625855547801e-07 6.7759077837761529e-08
3.7277363753119132e-03 4.1877038746807566e-02 3.0762137143336226e-04 2.1715915230041187e-07 6.1730797929452393e-08
3.5869290267224094e-03 4.1089940853893475e-02 2.9059969969767887e-04 1.9745719554246252e-07 5.6232768998665467e-08
3.4514403775849647e-03 4.0317218593038225e-02 2.7451134838152725e-04 1.7953498382569763e-07 5.1218409087206069e-08
3.3210695252894259e-03 3.9558632608273338e-02 2.5930591712812278e-04 1.6323271157900406e-07 4.6646214521986987e-08
3.1956231558963408e-03 3.8813946225307455e-02 2.4493565703431145e-04 1.4840480247003773e-07 4.2477838780245722e-08
3.0749152574910152e-03 3.8082925498891244e-02 2.3135533752767544e-04 1.3491865751038382e-07 3.8678494691795686e-08
2.9587668443649649e-03 3.7365337942394161e-02 2.1852209526143691e-04 1.2265346870728044e-07 3.5214889101368485e-08
2.8470056916158745e-03 3.6660957489981015e-02 2.0639540439694513e-04 1.1149933355569934e-07 3.2058817721643094e-08
2.7394660797724498e-03 3.5969557436113492e-02 1.9493682848225203e-04 1.0135607232487229e-07 2.9183327620413880e-08
2.6359885490655271e-03 3.5290915096826511e-02 1.8410999772005507e-04 9.2132507233128991e-08 2.6562847472180464e-08
2.5364196629810991e-03 3.4624810661342806e-02 1.7388048191986776e-04 8.3745629702943344e-08 2.4176214313894806e-08
2.4406117807445828e-03 3.3971027223948333e-02 1.6421569094057057e-04 7.6119875597163104e-08 2.2002465088295793e-08
2.3484228383990561e-03 3.3329350805671190e-02 1.5508477978672331e-04 6.9186463653535199e-08 2.0021524241959199e-08
2.2597161381527576e-03 3.2699536776991125e-02 1.4645810713649287e-04 6.2882470246533444e-08 1.8218408142936994e-08
2.1743601456835800e-03 3.2081447940975859e-02 1.3830901852993316e-04 5.7151621813499630e-08 1.6577643403744273e-08
2.0922282950999178e-03 3.1474842373033524e-02 1.3061086565883335e-04 5.1941690954786692e-08 1.5080886572338728e-08
2.0131988012687431e-03 3.0879517800105814e-02 1.2333892158398801e-04 4.7205498675938676e-08 1.3721213940697891e-08
1.9371544792325564e-03 3.0295273548920476e-02 1.1646977853834779e-04 4.2900098879174028e-08 1.2481289269613668e-08
1.8639825704475114e-03 2.9721915803195779e-02 1.0998134182693705e-04 3.8986472579271957e-08 1.1353520856422115e-08
1.7935745755849968e-03 2.9159249760073808e-02 1.0385266681420884e-04 3.5429068823360700e-08 1.0326350438426331e-08
1.7258260936488148e-03 2.8607084816270587e-02 9.8063960063977251e-05 3.2195563968501034e-08 9.3921153892619774e-09
1.6606366671693352e-03 2.8065233278213940e-02 9.2596503177193941e-05 2.9256554972272584e-08 8.5418508208746357e-09
1.5979096332451460e-03 2.7533510318791865e-02 8.7432595403150759e-05 2.6585296810316227e-08 7.7678695992645738e-09
1.5375519802112575e-03 2.7011733986148440e-02 8.2555499741980150e-05 2.4157463762834204e-08 7.0671912495428002e-09
1.4794742097213919e-03 2.6499725235473243e-02 7.7949391994565085e-05 2.1950932170973548e-08 6.4267260650170204e-09
1.4235902040397950e-03 2.5997307859243517e-02 7.3599311467061450e-05 1.9945581723249747e-08 5.8418225588316287e-09
1.3698170983458436e-03 2.5504308455719681e-02 6.9491114642733040e-05 1.8123114899197203e-08 5.3112146470177361e-09
1.3180751578620528e-03 2.5020555057280798e-02 6.5611420253444992e-05 1.6466884016321746e-08 4.8273922542463574e-09
1.2682876596233333e-03 2.4545882510711527e-02 6.1947612579678194e-05 1.4961776430539042e-08 4.3925937005548119e-09
1.2203807787121513e-03 2.4080124458772591e-02 5.8487734999004738e-05 1.3594026205046284e-08 3.9910695685061758e-09
1.1742834787909146e-03 2.3623056825637305e-02 5.5220064398884930e-05 1.2350963193872569e-08 3.6324726949167932e-09
1.1299274067692786e-03 2.3174651479937441e-02 5.2134865911710220e-05 1.1221569144030296e-08 3.2980671634472269e-09
1.0872467914501529e-03 2.2734681382567498e-02 4.9221545282631353e-05 1.0195306930256286e-08 2.9984369674830633e-09
1.0461783460041596e-03 2.2302991841356961e-02 4.6470570677368446e-05 9.2627762211588348e-09 2.7297890378048945e-09
1.0066611741278955e-03 2.1879430769306547e-02 4.3872934908077444e-05 8.4154313968994059e-09 2.4731768423564638e-09
9.6863667974688252e-04 2.1463848655981100e-02 4.1420126928220010e-05 7.6455040900157515e-09 2.2482847125587551e-09
9.3204848012928203e-04 2.1056098573871689e-02 3.9104105046338947e-05 6.9459328196202798e-09 2.0542303473150631e-09
8.9684232228157211e-04 2.0656034736821174e-02 3.6917263407736987e-05 6.3102945206551874e-09 1.8652783796357980e-09
8.6296600250218363e-04 2.0263371548428472e-02 3.4851681909713424e-05 5.7325561056119819e-09 1.6982963218314926e-09
8.3036928897384341e-04 1.9878274507465880e-02 3.2902179823619372e-05 5.2078575940521226e-09 1.5353838500652008e-09
7.9900384727981310e-04 1.9500447722669324e-02 3.1061496013076010e-05 4.7311349144225792e-09 1.3881038678215935e-09
7.6882316873360832e-04 1.9129760706191518e-02 2.9323596442165887e-05 4.2980132840868548e-09 1.2725116160240970e-09
7.3978250141589733e-04 1.8766059455575110e-02 2.7682664090086643e-05 3.9044858904749697e-09 1.1551075701792162e-09
7.1183878381634810e-04 1.8409233227681655e-02 2.6133388111508364e-05 3.5469590177535045e-09 1.0444111039754162e-09
6.8495058098200115e-04 1.8059154294693121e-02 2.4670664354552005e-05 3.2221426610726775e-09 9.5368936483377103e-10
6.5907802307751528e-04 1.7715696298107209e-02 2.3289668093913396e-05 2.9270467944453622e-09 8.7776595645496989e-10
6.3418274626615700e-04 1.7378736043165803e-02 2.1985846030187090e-05 2.6589552153921737e-09 7.9287417399663991e-10
6.1022783582389813e-04 1.7048151596734847e-02 2.0754893885163329e-05 2.4153985100269151e-09 7.2710101424685306e-10
5.8717777140224572e-04 1.6723824828340155e-02 1.9592752477527545e-05 2.1941344800460101e-09 6.6113348817216153e-10
5.6499837435866368e-04 1.6405641585186596e-02 1.8495593880565156e-05 1.9931263639941281e-09 5.8868329224868900e-10
5.4365675707646879e-04 1.6093486117545679e-02 1.7459789887439507e-05 1.8105209459666261e-09 5.1185486627558055e-10
5.2312127419906101e-04 1.5787245724709967e-02 1.6481917314238760e-05 1.6446349511694049e-09 4.7494847953230459e-10
5.0336147570618367e-04 1.5486809029025729e-02 1.5558741139705660e-05 1.4939385593916772e-09 4.4281435997339702e-10
4.8434806176261873e-04 1.5192066298461685e-02 1.4687205426908194e-05 1.3570416927624914e-09 4.0382469238855863e-10
4.6605283927238700e-04 1.4902908223412800e-02 1.3864419976336629e-05 1.2326800103528055e-09 3.8132717500963427e-10
4.4844868007401490e-04 1.4619148242059458e-02 1.3087444088502288e-05 1.1196764371231248e-09 3.6373358762473698e-10
4.3150948071488565e-04 1.4340855952763980e-02 1.2354177918628539e-05 1.0170562949878673e-09 3.4652934245072434e-10
4.1521012374503706e-04 1.4067844930759780e-02 1.1661954700668072e-05 9.2383711532813061e-10 2.6149260350632860e-10
3.9952644047299552e-04 1.3800014707014849e-02 1.1008478098961395e-05 8.3915789011434256e-10 2.5019167792508131e-10
3.8443517512843473e-04 1.3537264721940433e-02 1.0391575491759564e-05 7.6223554137316762e-10 2.9024714408867615e-10
3.6991395037850894e-04 1.3279499491394044e-02 9.8092037199109124e-06 6.9236060379317500e-10 2.8672705673686449e-10
3.5594123414674211e-04 1.3026631389820541e-02 9.2594461299665016e-06 6.2888911461711399e-10 1.6903641079624871e-10
3.4249630768525479e-04 1.2778563427171744e-02 8.7404690257623502e-06 5.7123348227103770e-10 1.1632879078451831e-10
3.2955923485300032e-04 1.2535205251008149e-02 8.2505517059380846e-06 5.1886114136479602e-10 4.0859624842676230e-10
3.1711083255444591e-04 1.2296468114248090e-02 7.7880693234471773e-06 4.7128824601207303e-10 9.4571175199855769e-11
3.0513264229487669e-04 1.2062264954419259e-02 7.3514877705343128e-06 4.2807523819115455e-10 3.3459083538645674e-10
2.9360690281013185e-04 1.1832350976280817e-02 6.9390782335260976e-06 3.8879646707187005e-10 4.6227635000055566e-10
2.8251652373019741e-04 1.1606956631010641e-02 6.5500368386953962e-06 3.5314305489410867e-10 -3.3596834261884847e-10
2.7184506023759860e-04 1.1385844096267788e-02 6.1827880666675103e-06 3.2075771187366332e-10 1.1870425182125941e-09
2.6157668868302252e-04 1.1168932431018502e-02 5.8361125264970786e-06 2.9134102552281947e-10 1.2454832171493408e-08
2.5169618312200425e-04 1.0956137081086071e-02 5.5088512283957884e-06 2.6462038040098180e-10 5.4585087747299144e-11
2.4218889273789195e-04 1.0747399089369043e-02 5.1999456600420654e-06 2.4035094608102763e-10 4.6326082690775327e-11
2.3304072011761214e-04 1.0542632206213189e-02 4.9083536929333986e-06 2.1830689598174646e-10 7.1813623368884192e-11
2.2423810034801945e-04 1.0341762094901973e-02 4.6331068659644245e-06 1.9828431871258387e-10 -3.3014554480483921e-11
2.1576798090184197e-04 1.0144715861014670e-02 4.3732908212598144e-06 1.8009797236840903e-10 2.3553824489138140e-10
2.0761780228338808e-04 9.9514212778394114e-03 4.1280413539749168e-06 1.6357951604721777e-10 6.8735673282445956e-12
1.9977547940532329e-04 9.7615392098896782e-03 3.8962214307091352e-06 1.4855553655908296e-10 1.5740984210480147e-11
1.9222938366889728e-04 9.5755482495454118e-03 3.6777285800788099e-06 1.3493045713939934e-10 4.9944115043003601e-12
1.8496832572105680e-04 9.3930658962201128e-03 3.4714494492689588e-06 1.2255279139341519e-10 -1.7849325512321754e-11
1.7798153886286778e-04 9.2140654322415416e-03 3.2767448481059053e-06 1.1131088294447477e-10 5.1712294075722048e-12
1.7125866308465167e-04 9.0384722046742763e-03 3.0929567220843994e-06 1.0110003657307431e-10 2.5300889068251253e-12
1.6478972970415857e-04 8.8662122592319658e-03 2.9194641827767581e-06 9.1825226100731669e-11 -2.6934641602177357e-12
1.5856514658500420e-04 8.6972229788841986e-03 2.7556915926264530e-06 8.3400720231562201e-11 1.4855210616497031e-12
1.5257568391344582e-04 8.5310769114446908e-03 2.6007607797515527e-06 7.5732382344229246e-11 1.3044043533662122e-12
1.4681246051241216e-04 8.3684612997452206e-03 2.4548541423365028e-06 6.8783795921325858e-11 -7.5321311764662009e-13
1.4126693067249024e-04 8.2089380191088784e-03 2.3171268598957381e-06 6.2472499061061652e-11 1.8093036712199240e-12
1.3593087148034666e-04 8.0524483449888867e-03 2.1871207100272598e-06 5.6740063927271742e-11 -2.9265030672095135e-12
1.3079637062578793e-04 7.8989325215709488e-03 2.0644014010630108e-06 5.1533309062731555e-11 5.3335978155749968e-13
1.2585581466938509e-04 7.7483334937269027e-03 1.9485604581160043e-06 4.6804098914523547e-11 -3.6832825978175537e-13
1.2110187775326241e-04 7.6005815197626083e-03 1.8392022013914547e-06 4.2508224496544462e-11 -4.8464207558202559e-13
1.1652751073831470e-04 7.4556101852496469e-03 1.7359557072339049e-06 3.8605700015929136e-11 2.5256898687073489e-13
1.1212593075174052e-04 7.3134357147012219e-03 1.6385264720542306e-06 3.5062226172387753e-11 7.6353202327562603e-14
1.0789061112939672e-04 7.1757775707991236e-03 1.5477311660183433e-06 3.1884090118955486e-11 -1.1038432958942579e-13
1.0381527173805898e-04 7.0390053078067923e-03 1.4609067626122528e-06 2.8958933248485955e-11 -6.0928403491752881e-14
9.9893869663237678e-05 6.9048376893807275e-03 1.3789516575271877e-06 2.6302102453325708e-11 -1.3461818747988008e-13
9.6120590248743106e-05 6.7732257221454293e-03 1.3015931848816281e-06 2.3889003706073982e-11 -3.8405698656173436e-14
9.2489838474712189e-05 6.6441204911999053e-03 1.2285734296332004e-06 2.1697270093363492e-11 2.5791153358561888e-14
8.8996230661309429e-05 6.5174742053781638e-03 1.1596490623106965e-06 1.9706594068096006e-11 2.3495149045057943e-14
8.5634586485805911e-05 6.3926802056856365e-03 1.0943029599951891e-06 1.7890711107442502e-11 -1.2954572387179394e-14
8.2399921301196216e-05 6.2713730547243095e-03 1.0331812700755510e-06 1.6256356548306095e-11 -1.9725654046993144e-13
7.9287438744959839e-05 6.1518272366188698e-03 9.7521642805169133e-07 1.4764826976919387e-11 -2.5011943922331537e-13
7.6292523627016158e-05 6.0345594715609588e-03 9.2050327450511913e-07 1.3410145790855146e-11 -8.9404561471405930e-15
7.3410735086316826e-05 5.9195251254497974e-03 8.6885884610646363e-07 1.2179734577205257e-11 1.0401159032757733e-14
7.0637800005936667e-05 5.8065069655423426e-03 8.2003709663484514e-07 1.1060535122950547e-11 3.4918949955686089e-15
6.7969606676895501e-05 5.6958044584533183e-03 7.7402298272327948e-07 1.0045573923955599e-11 -1.4952589288062928e-14
6.5402198701312994e-05 5.5874055377557238e-03 7.3066650938021118e-07 9.1253265030883534e-12 -2.4727709200854167e-15
6.2931769125861603e-05 5.4808913059018038e-03 6.8967136732705672e-07 8.2880396363676763e-12 1.2727214324165313e-15
6.0554654796815819e-05 5.3764059277147357e-03 6.5097570637553763e-07 7.5275623468622976e-12 1.9771478047691661e-15
5.8267330928324833e-05 5.2739114644665261e-03 6.1445082595397321e-07 6.8368582721404510e-12 1.0764568566819896e-13
5.6066405875861086e-05 5.1733700360654345e-03 5.7997497919870877e-07 6.2095264542101999e-12 6.8933685273824610e-16
5.3948616107086937e-05 5.0747444724069521e-03 5.4743324184410457e-07 5.6397529696208854e-12 4.4161590937203192e-16
5.1910821362688763e-05 4.9779979446440562e-03 5.1671701428686068e-07 5.1222533301004209e-12 1.3966436238438558e-15
4.9950000000000049e-05 4.8830954913004140e-03 4.8772416685677086e-07 4.6522402630691480e-12 -2.1955434759749716e-16
