4.9950000000000001e+00 5.2085721783263839e-01 1.6190681281078306e-01 1.8537837214454945e-02 1.1924091789099558e-04
4.8063244512507319e+00 5.2206770789443169e-01 1.6236116351446794e-01 1.8700540170647057e-02 1.2118181294669426e-04
4.6247757218599901e+00 5.2331009556489694e-01 1.6282125454254701e-01 1.8866717744272087e-02 1.2321803914295320e-04
4.4500846113166022e+00 5.2458472330736416e-01 1.6328700098339832e-01 1.9036407234694856e-02 1.2535402842173065e-04
4.2819920875887076e+00 5.2589281515488262e-01 1.6375833285440308e-01 1.9209654763996081e-02 1.2759611409047486e-04
4.1202489030309852e+00 5.2723196523024340e-01 1.6423508344804086e-01 1.9386464060461111e-02 1.2994409934301710e-04
3.9646152248001663e+00 5.2860643165887911e-01 1.6471726887269611e-01 1.9566923414933806e-02 1.3241069946118883e-04
3.8148602792308215e+00 5.3001192969488187e-01 1.6520459556798042e-01 1.9750984940236187e-02 1.3499231202127390e-04
3.6707620096441027e+00 5.3145200961358796e-01 1.6569708651444770e-01 1.9938741989502722e-02 1.3770116474563082e-04
3.5321067470820275e+00 5.3292657906365093e-01 1.6619460268028513e-01 2.0130218631536460e-02 1.4054262774381427e-04
3.3986888934790858e+00 5.3443483430798677e-01 1.6669696979100751e-01 2.0325423856697392e-02 1.4352082291117104e-04
3.2703106168013663e+00 5.3597761064212845e-01 1.6720407556138769e-01 2.0524396521995190e-02 1.4664367576582818e-04
3.1467815577011553e+00 5.3755509968011528e-01 1.6771577488202002e-01 2.0727162145974438e-02 1.4991816009576341e-04
3.0279185472520380e+00 5.3916750142284509e-01 1.6823191684451894e-01 2.0933745099222214e-02 1.5335167598820040e-04
2.9135453353459591e+00 5.4081501396581277e-01 1.6875234430301764e-01 2.1144168355510726e-02 1.5695205291380742e-04
2.8034923293495084e+00 5.4249782875468422e-01 1.6927689363796553e-01 2.1358453328904632e-02 1.6072756473201023e-04
2.6975963426319147e+00 5.4421612820188670e-01 1.6980539461316510e-01 2.1576619748517243e-02 1.6468695062021979e-04
2.5957003525918556e+00 5.4597008451062023e-01 1.7033767028559890e-01 2.1798685553067094e-02 1.6883943984841144e-04
2.4976532678243011e+00 5.4775985899045365e-01 1.7087353693951818e-01 2.2024666792636042e-02 1.7319477905047042e-04
2.4033097040821279e+00 5.4958560166416914e-01 1.7141280403735468e-01 2.2254577534346096e-02 1.7776326170602003e-04
2.3125297687003190e+00 5.5144745102352188e-01 1.7195527418197851e-01 2.2488429769520205e-02 1.8255575963924421e-04
2.2251788531630718e+00 5.5334553391045471e-01 1.7250074309208846e-01 2.2726233323018995e-02 1.8758375660395295e-04
2.1411274335062531e+00 5.5527997107689231e-01 1.7304900260953116e-01 2.2967996943810721e-02 1.9285939365271755e-04
2.0602508782592253e+00 5.5725087836030873e-01 1.7359982561364176e-01 2.3213722429199665e-02 1.9839554074435150e-04
1.9824292636412633e+00 5.5925827869472877e-01 1.7415299458326611e-01 2.3463415234628339e-02 2.0420553546013844e-04
1.9075471957385359e+00 5.6130231921842366e-01 1.7470827609450471e-01 2.3717075171441802e-02 2.1030387027447223e-04
1.8354936393979762e+00 5.6338304604926304e-01 1.7526543055378060e-01 2.3974699536698126e-02 2.1670560939101555e-04
1.7661617535843217e+00 5.6550051067892815e-01 1.7582421159117315e-01 2.4236282943454347e-02 2.2342671785967311e-04
1.6994487329561954e+00 5.6765540937148695e-01 1.7638437866289472e-01 2.4501824128175264e-02 2.3048608222760717e-04
1.6352556554263140e+00 5.6984581150117375e-01 1.7694563590107387e-01 2.4771292179670057e-02 2.3789552759619103e-04
1.5734873354797865e+00 5.7207369499536331e-01 1.7750775307835701e-01 2.5044693180756916e-02 2.4567992061553390e-04
1.5140521830330054e+00 5.7433839905325546e-01 1.7807043852629670e-01 2.5322000761526891e-02 2.5385715354072562e-04
1.4568620676238404e+00 5.7663992595895375e-01 1.7863341785995285e-01 2.5603196997593478e-02 2.6244829963603536e-04
1.4018321877317641e+00 5.7897825510106360e-01 1.7919640135907819e-01 2.5888257076035599e-02 2.7147561694888458e-04
1.3488809450341310e+00 5.8135337796317488e-01 1.7975909471214849e-01 2.6177153662864616e-02 2.8096271069077169e-04
1.2979298234121599e+00 5.8376540367660323e-01 1.8032119750934986e-01 2.6469856286272048e-02 2.9093499645090645e-04
1.2489032725272091e+00 5.8621360234728070e-01 1.8088239694487904e-01 2.6766327146654337e-02 3.0141631508112914e-04
1.2017285957947110e+00 5.8869890039790729e-01 1.8144238342241342e-01 2.7066530938326450e-02 3.1243798043304708e-04
1.1563358425896548e+00 5.9122008934188996e-01 1.8200083469557982e-01 2.7370424433574854e-02 3.2402534118175687e-04
1.1126577045237789e+00 5.9377792314410083e-01 1.8255742258142005e-01 2.7677961028162137e-02 3.3621236567605201e-04
1.0706294156406708e+00 5.9637207810402482e-01 1.8311181326536691e-01 2.7989090353850152e-02 3.4903106280651788e-04
1.0301886563807887e+00 5.9900237755932972e-01 1.8366366633299999e-01 2.8303757659141140e-02 3.6251580941936578e-04
9.9127546117399867e-01 6.0166867848237837e-01 1.8421263539044114e-01 2.8621904032787412e-02 3.7670310688972080e-04
9.5383212952260976e-01 6.0437082378404128e-01 1.8475836816148974e-01 2.8943466272714675e-02 3.9163150477292450e-04
9.1780314044305800e-01 6.0710852765364132e-01 1.8530050120182168e-01 2.9268374220520411e-02 4.0734118135892942e-04
8.8313507013937520e-01 6.0988178529166659e-01 1.8583867755020744e-01 2.9596559062987540e-02 4.2387594048382303e-04
8.4977651278636823e-01 6.1269033332488521e-01 1.8637252482463854e-01 2.9927942647428520e-02 4.4128087523868015e-04
8.1767800430504545e-01 6.1553396116444248e-01 1.8690166788107895e-01 3.0262443421581447e-02 4.5960390717258092e-04
7.8679194901726557e-01 6.1841244467842571e-01 1.8742572636052768e-01 3.0599975094833871e-02 4.7889561958887013e-04
7.5707254907085131e-01 6.2132567807170913e-01 1.8794431494079464e-01 3.0940446636312149e-02 4.9921010920719422e-04
7.2847573653052100e-01 6.2427302537873819e-01 1.8845704345541830e-01 3.1283762015869312e-02 5.2060163456690920e-04
7.0095910803393979e-01 6.2725460877074690e-01 1.8896351579376661e-01 3.1629819787288578e-02 5.4313172130277876e-04
6.7448186191600168e-01 6.3026997735343970e-01 1.8946333416407432e-01 3.1978514726759194e-02 5.6686208916277353e-04
6.4900473770810785e-01 6.3331889487700199e-01 1.8995609687780310e-01 3.2329736884994249e-02 5.9185918267748688e-04
6.2448995792273210e-01 6.3640102577603963e-01 1.9044139215265982e-01 3.2683367938774549e-02 6.1819252587774233e-04
6.0090117203695059e-01 6.3951604491368008e-01 1.9091881186080695e-01 3.3039288306682256e-02 6.4593554613788702e-04
5.7820340259187553e-01 6.4266362972582169e-01 1.9138794164018219e-01 3.3397371807334687e-02 6.7516574407373387e-04
5.5636299332806849e-01 6.4584342739859213e-01 1.9184836420866477e-01 3.3757487202389795e-02 7.0596465945727655e-04
5.3534755928002875e-01 6.4905507381861538e-01 1.9229965964619719e-01 3.4119498192881549e-02 7.3841819601816136e-04
5.1512593875575630e-01 6.5229819341186024e-01 1.9274140574898718e-01 3.4483263443199491e-02 7.7261683054004890e-04
4.9566814713018587e-01 6.5557240053514232e-01 1.9317317855138147e-01 3.4848636699061623e-02 8.0865584188408298e-04
4.7694533238397552e-01 6.5887725570392652e-01 1.9359454893045472e-01 3.5215464813187242e-02 8.4663516591229203e-04
4.5892973232172357e-01 6.6221237011230250e-01 1.9400509188793882e-01 3.5583592504521824e-02 8.8666048173489302e-04
4.4159463340617688e-01 6.6557732208524967e-01 1.9440437878523989e-01 3.5952858124767811e-02 9.2884279028650424e-04
4.2491433114738963e-01 6.6897185748625321e-01 1.9479198073411619e-01 3.6323095365609549e-02 9.7330059427950329e-04
4.0886409198809798e-01 6.7239490057772611e-01 1.9516746840973151e-01 3.6694132634437729e-02 1.0201503837946678e-03
3.9342011662879356e-01 6.7584660043027112e-01 1.9553041150949679e-01 3.7065793225364539e-02 1.0695270179325387e-03
3.7855950473811517e-01 6.7932626018327769e-01 1.9588038254468546e-01 3.7437896768546676e-02 1.1215636494237152e-03
3.6426022099623029e-01 6.8283338273174043e-01 1.9621695352937649e-01 3.7810257457102300e-02 1.1764022763711159e-03
3.5050106242085627e-01 6.8636751663927753e-01 1.9653970130875628e-01 3.8182686960588054e-02 1.2341926326245817e-03
3.3726162692747158e-01 6.8992798472426586e-01 1.9684819626291802e-01 3.8554987590549435e-02 1.2950891662861792e-03
3.2452228307709891e-01 6.9351433636698734e-01 1.9714201986991836e-01 3.8926962506345024e-02 1.3592567704986444e-03
3.1226414096680122e-01 6.9712606145918032e-01 1.9742075044536586e-01 3.9298407295135077e-02 1.4268677888863367e-03
3.0046902421972815e-01 7.0076254480555733e-01 1.9768398249519148e-01 3.9669120978672666e-02 1.4981014099070781e-03
2.8911944303317877e-01 7.0442341251858975e-01 1.9793128672711013e-01 4.0038882802772346e-02 1.5731492231530499e-03
2.7819856824471662e-01 7.0810760949641971e-01 1.9816226993634342e-01 4.0407486550249561e-02 1.6522012343115557e-03
2.6769020637788332e-01 7.1181492523816980e-01 1.9837652562445068e-01 4.0774712596167439e-02 1.7354697085955936e-03
2.5757877563050552e-01 7.1554466809877559e-01 1.9857365631284801e-01 4.1140339892269409e-02 1.8231691806444041e-03
2.4784928276999499e-01 7.1929646667279235e-01 1.9875327054923536e-01 4.1504144712583305e-02 1.9155297186160608e-03
2.3848730090137812e-01 7.2306893897191760e-01 1.9891498265741903e-01 4.1865899576511018e-02 2.0127732159221693e-03
2.2947894807509198e-01 7.2686202769335484e-01 1.9905841451736492e-01 4.2225375690306967e-02 2.1151559650369146e-03
2.2081086670282518e-01 7.3067503909893528e-01 1.9918319505171625e-01 4.2582341390052257e-02 2.2229339145636768e-03
2.1247020375088183e-01 7.3450727113458270e-01 1.9928896101644852e-01 4.2936562917344920e-02 2.3363738852163001e-03
2.0444459168169937e-01 7.3835802474736401e-01 1.9937535749503824e-01 4.3287804673475476e-02 2.4557541159902431e-03
1.9672213011526002e-01 7.4222666577705310e-01 1.9944204360779572e-01 4.3635833036679596e-02 2.5813661079044248e-03
1.8929136818320363e-01 7.4611238344551256e-01 1.9948867024872580e-01 4.3980401217229959e-02 2.7135092173365205e-03
1.8214128754947678e-01 7.5001454454156324e-01 1.9951491823641573e-01 4.4321274961321044e-02 2.8524993223010076e-03
1.7526128607234051e-01 7.5393243879061966e-01 1.9952047102198783e-01 4.4658214144388697e-02 2.9986631426426741e-03
1.6864116208351143e-01 7.5786534785677573e-01 1.9950502292428043e-01 4.4990978267538666e-02 3.1523400803725177e-03
1.6227109926112490e-01 7.6181254577825663e-01 1.9946827961574359e-01 4.5319326770828033e-02 3.3138824727982335e-03
1.5614165207408992e-01 7.6577329936997218e-01 1.9940995859400643e-01 4.5643019348816496e-02 3.4836558305119478e-03
1.5024373177625286e-01 7.6974686863953323e-01 1.9932978964309520e-01 4.5961816271225774e-02 3.6620390596511241e-03
1.4456859292960175e-01 7.7373250722604037e-01 1.9922751528408764e-01 4.6275478708707025e-02 3.8494246670107450e-03
1.3910782043652825e-01 7.7772946288645273e-01 1.9910289121486693e-01 4.6583769063665785e-02 4.0462189472479232e-03
1.3385331706191833e-01 7.8173697805797260e-01 1.9895568673772906e-01 4.6886451305512181e-02 4.2528421519168122e-03
1.2879729142656954e-01 7.8575429057596013e-01 1.9878568517425552e-01 4.7183291310305193e-02 4.4697286426258016e-03
1.2393224645413162e-01 7.8978063475172999e-01 1.9859268426772245e-01 4.7474057205870598e-02 4.6973270373362056e-03
1.1925096825443932e-01 7.9381548337853247e-01 1.9837649811589866e-01 4.7758521647197641e-02 4.9361111364757022e-03
1.1474651542675406e-01 7.9785740186445409e-01 1.9813695020218317e-01 4.8036453013894545e-02 5.1865287420553843e-03
1.1041220876705253e-01 8.0190604758330086e-01 1.9787388636401251e-01 4.8307631486805273e-02 5.4490901585594869e-03
1.0624162136410110e-01 8.0596065898962255e-01 1.9758716581128524e-01 4.8571837781090227e-02 5.7243024452580619e-03
1.0222856906962989e-01 8.1002045105997533e-01 1.9727666384172768e-01 4.8828856473330746e-02 6.0126860579533415e-03
9.8367101328475759e-02 8.1408461487355843e-01 1.9694227197839051e-01 4.9078476176479563e-02 6.3147744582557393e-03
9.4651492355097386e-02 8.1815234060501818e-01 1.9658389807110677e-01 4.9320489763002150e-02 6.6311150153642064e-03
9.1076232643378635e-02 8.2222283122724793e-01 1.9620146659405224e-01 4.9554694796812827e-02 6.9622696578116273e-03
8.7636020797131300e-02 8.2629529142889058e-01 1.9579491944056190e-01 4.9780894321015144e-02 7.3088140946624787e-03
8.4325755669183156e-02 8.3036894201032418e-01 1.9536421688902447e-01 4.9998897963825145e-02 7.6713385518316435e-03
8.1140528797395403e-02 8.3444300246830694e-01 1.9490933636954355e-01 5.0208520938766335e-02 8.0504464169124362e-03
7.8075617126393534e-02 8.3851668970763515e-01 1.9443027272975213e-01 5.0409584289958870e-02 8.4467537046128052e-03
7.5126476004219359e-02 8.4258926791675737e-01 1.9392703901454966e-01 5.0601916554970906e-02 8.8608925965924824e-03
7.2288732443519702e-02 8.4665993116340077e-01 1.9339966486589394e-01 5.0785351160768419e-02 9.2935019772725017e-03
6.9558178637279436e-02 8.5072766491907947e-01 1.9284819460606664e-01 5.0959724544869967e-02 9.7452139440819402e-03
6.6930765719483989e-02 8.5479211379504416e-01 1.9227271269003032e-01 5.1124903268030444e-02 1.0216726442640614e-02
6.4402597761459499e-02 8.5885220439246934e-01 1.9167326926070133e-01 5.1280713227521771e-02 1.0708687384209697e-02
6.1969925994988677e-02 8.6290724935856511e-01 1.9104998406269383e-01 5.1427033196693984e-02 1.1221786327874399e-02
5.9629143253636122e-02 8.6695649145939058e-01 1.9040297623585201e-01 5.1563734433496544e-02 1.1756715795648593e-02
5.7376778624040829e-02 8.7099917963275186e-01 1.8973238297224496e-01 5.1690696601664039e-02 1.2314176760691709e-02
5.5209492299244801e-02 8.7503456551971248e-01 1.8903835898315902e-01 5.1807807550655581e-02 1.2894877417528740e-02
5.3124070626426254e-02 8.7906190520256577e-01 1.8832107634455664e-01 5.1914963494810548e-02 1.3499532397220612e-02
5.1117421341694357e-02 8.8308046161835763e-01 1.8758072441206164e-01 5.2012069273777793e-02 1.4128862042789623e-02
4.9186568984879199e-02 8.8708950583620372e-01 1.8681750967531977e-01 5.2099038553395476e-02 1.4783591543242358e-02
4.7328650487518706e-02 8.9108831699359803e-01 1.8603165550321960e-01 5.2175793916414907e-02 1.5464449864470086e-02
4.5540910927499685e-02 8.9507618185067206e-01 1.8522340181411268e-01 5.2242266884993775e-02 1.6172168563074497e-02
4.3820699444058760e-02 8.9905240167437472e-01 1.8439300521855051e-01 5.2298398478651670e-02 1.6907481585939944e-02
4.2165465307084857e-02 9.0301626424865422e-01 1.8354073684593256e-01 5.2344137194776749e-02 1.7671119988370256e-02
4.0572754134896201e-02 9.0696709246394935e-01 1.8266688503375986e-01 5.2379442468474098e-02 1.8463817612799738e-02
3.9040204254882034e-02 9.1090420998296628e-01 1.8177175300230455e-01 5.2404282441277823e-02 1.9286304936712524e-02
3.7565543201614107e-02 9.1482695145555981e-01 1.8085565899050943e-01 5.2418634580579659e-02 2.0139309171826051e-02
3.6146584347233938e-02 9.1873466124185177e-01 1.7991893572028061e-01 5.2422485531765789e-02 2.1023552666688108e-02
3.4781223659120591e-02 9.2262669566131739e-01 1.7896193012528805e-01 5.2415831267778400e-02 2.1939751861775627e-02
3.3467436580030402e-02 9.2650242262972315e-01 1.7798500286426028e-01 5.2398677004576115e-02 2.2888615795609996e-02
3.2203275026082730e-02 9.3036122467478011e-01 1.7698852821267225e-01 5.2371037515921627e-02 2.3870845230657571e-02
3.0986864498140851e-02 9.3420249797588839e-01 1.7597289325325030e-01 5.2332936764098732e-02 2.4887131073417501e-02
2.9816401302303813e-02 9.3802566116734920e-01 1.7493849822966848e-01 5.2284408746587352e-02 2.5938154827281120e-02
2.8690149875388801e-02 9.4183017604528896e-01 1.7388575734010128e-01 5.2225499012195184e-02 2.7024592165741910e-02
2.7606440211437291e-02 9.4561560674004685e-01 1.7281510133101158e-01 5.2156268569911318e-02 2.8147126605684001e-02
2.6563665385429942e-02 9.4938058876983433e-01 1.7172690192478882e-01 5.2076704638417619e-02 2.9306201748527300e-02
2.5560279170537450e-02 9.5312542120945243e-01 1.7062166712290044e-01 5.1986950937516409e-02 3.0502629851505293e-02
2.4594793745375172e-02 9.5684978149908750e-01 1.6949984185811884e-01 5.1887076860035915e-02 3.1737067905574963e-02
2.3665777487860903e-02 9.6055209243690720e-01 1.6836186814274104e-01 5.1777137533817762e-02 3.3009820536279849e-02
2.2771852852405412e-02 9.6423278117360112e-01 1.6720826008468687e-01 5.1657277219962897e-02 3.4321683465799911e-02
2.1911694327287252e-02 9.6789157554838501e-01 1.6603951107517781e-01 5.1527614567236077e-02 3.5673259767273265e-02
2.1084026469183729e-02 9.7152668788883623e-01 1.6485594662254430e-01 5.1388085545323751e-02 3.7064677815200134e-02
2.0287622011943011e-02 9.7513851860342093e-01 1.6365817655214551e-01 5.1238930855965766e-02 3.8496660055198265e-02
1.9521300046793658e-02 9.7872660286720903e-01 1.6244669648775650e-01 5.1080270373638249e-02 3.9969654517246316e-02
1.8783924271292569e-02 9.8229049836161964e-01 1.6122200840647422e-01 5.0912231881553416e-02 4.1484082057279090e-02
1.8074401304415535e-02 9.8582978250510667e-01 1.5998461974635006e-01 5.0734950498874817e-02 4.3040334492413776e-02
1.7391679065291387e-02 9.8934405050375629e-01 1.5873504262541807e-01 5.0548568223197643e-02 4.4638772912683630e-02
1.6734745213176278e-02 9.9283291465603096e-01 1.5747379313121790e-01 5.0353233544454118e-02 4.6279726384700910e-02
1.6102625646354406e-02 9.9629600363336179e-01 1.5620139065279004e-01 5.0149101093897308e-02 4.7963490665908333e-02
1.5494383057739793e-02 9.9973296207878637e-01 1.5491835724257064e-01 4.9936331315809560e-02 4.9690327061804498e-02
1.4909115545037014e-02 1.0031434503390895e+00 1.5362521700063350e-01 4.9715090152510494e-02 5.1460461380508672e-02
1.4345955273400150e-02 1.0065271442706578e+00 1.5232249547545917e-01 4.9485548735867003e-02 5.3274082975062267e-02
1.3804067188607119e-02 1.0098837350919889e+00 1.5101071907951671e-01 4.9247883082979824e-02 5.5131343871227138e-02
1.3282647778840905e-02 1.0132129292614807e+00 1.4969041451817650e-01 4.9002273794075471e-02 5.7032357979479344e-02
1.2780923883242102e-02 1.0165144483655770e+00 1.4836210823107071e-01 4.8748905751342622e-02 5.8977200390074112e-02
1.2298151545465654e-02 1.0197880290115808e+00 1.4702632584615910e-01 4.8487967818715796e-02 6.0965906752783683e-02
1.1833614910542259e-02 1.0230334227178979e+00 1.4568359164637301e-01 4.8219652542252259e-02 6.2998472741753159e-02
1.1386625163408303e-02 1.0262503912034449e+00 1.4433442790234657e-01 4.7944155632588741e-02 6.5074851229456374e-02
1.0956519507530774e-02 1.0294387269206495e+00 1.4297935499536804e-01 4.7661676608410183e-02 6.7194962564705404e-02
1.0542660182112265e-02 1.0325982165414449e+00 1.4161888992449295e-01 4.7372416980554576e-02 6.9358675621767979e-02
1.0144433516419160e-02 1.0357286727480035e+00 1.4025354656719496e-01 4.7076581124277525e-02 7.1565824010748152e-02
9.7612490198303956e-03 1.0388299201154700e+00 1.3888383497440923e-01 4.6774375575313276e-02 7.3816198809200206e-02
9.3925385062578783e-03 1.0419017975243940e+00 1.3751026095084148e-01 4.6466008799433647e-02 7.6109549900345783e-02
9.0377552516398892e-03 1.0449441580363410e+00 1.3613332562359565e-01 4.6151690909647908e-02 7.8445586102099771e-02
8.6963731832585649e-03 1.0479568687667773e+00 1.3475352502664548e-01 4.5831633387125779e-02 8.0823975394222425e-02
8.3678860996790356e-03 1.0509398107323622e+00 1.3337134970055869e-01 4.5506048804889621e-02 8.3244345229811931e-02
8.0518069201538523e-03 1.0538928786663526e+00 1.3198728430727358e-01 4.5175150553855625e-02 8.5706282921305707e-02
7.7476669623794377e-03 1.0568159806996735e+00 1.3060180725944370e-01 4.4839152570230995e-02 8.8209336028696406e-02
7.4550152475338933e-03 1.0597090380399654e+00 1.2921539036477783e-01 4.4498269064833680e-02 9.0753012822174642e-02
7.1734178315653978e-03 1.0625719844690111e+00 1.2782849848542566e-01 4.4152714254008470e-02 9.3336782687613432e-02
6.9024571617398922e-03 1.0654047657483463e+00 1.2644158921415499e-01 4.3802702094666669e-02 9.5960076514440051e-02
6.6417314574937318e-03 1.0682070439858122e+00 1.2505510065948744e-01 4.3448428490924541e-02 9.8622059682661009e-02
6.3908541146733278e-03 1.0709792697210203e+00 1.2366949501449478e-01 4.3090135413794695e-02 1.0132245132483003e-01
6.1494531322784348e-03 1.0737212119941075e+00 1.2228519808144844e-01 4.2728022470275691e-02 1.0406041126875480e-01
5.9171705608589047e-03 1.0764328907488232e+00 1.2090263582727660e-01 4.2362300654692979e-02 1.0683524597035611e-01
5.6936619717471819e-03 1.0791142900491233e+00 1.1952222549605841e-01 4.1993179190081872e-02 1.0964619087246220e-01
5.4785959463393239e-03 1.0817654281559013e+00 1.1814437566225733e-01 4.1620865927044837e-02 1.1249246696584043e-01
5.2716535846674371e-03 1.0843863299129644e+00 1.1676948596565946e-01 4.1245566964413775e-02 1.1537326035070040e-01
5.0725280325346674e-03 1.0869770303900532e+00 1.1539794694315747e-01 4.0867486477030701e-02 1.1828772649190307e-01
4.8809240265117425e-03 1.0895375747066376e+00 1.1403013987620556e-01 4.0486826542879065e-02 1.2123499152645217e-01
4.6965574561202306e-03 1.0920680186021390e+00 1.1266643666200722e-01 4.0103786992432701e-02 1.2421415433515051e-01
4.5191549425534763e-03 1.0945684297804299e+00 1.1130719970769447e-01 3.9718565279989043e-02 1.2722428952756476e-01
4.3484534333103828e-03 1.0970389937084293e+00 1.0995278527575508e-01 3.9331361629066836e-02 1.3026455575653817e-01
4.1841998121411204e-03 1.0994795813466844e+00 1.0860352930169251e-01 3.8942357308037572e-02 1.3333376516664114e-01
4.0261505237262421e-03 1.1018903860561198e+00 1.0725976841934089e-01 3.8551746707311173e-02 1.3643101787695316e-01
3.8740712125328101e-03 1.1042715102352862e+00 1.0592182602431799e-01 3.8159716094247405e-02 1.3955529537798697e-01
3.7277363753119132e-03 1.1066230646821058e+00 1.0459001561355616e-01 3.7766448634400748e-02 1.4270555999244422e-01
3.5869290267224094e-03 1.1089451693415977e+00 1.0326464078482117e-01 3.7372124331654967e-02 1.4588075752667720e-01
3.4514403775849647e-03 1.1112379520453575e+00 1.0194599518670767e-01 3.6976919877257645e-02 1.4907981777825655e-01
3.3210695252894259e-03 1.1135015476957353e+00 1.0063436249804375e-01 3.6581008531553820e-02 1.5230165543282473e-01
3.1956231558963408e-03 1.1157360973161132e+00 9.9330016417865805e-02 3.6184560009274939e-02 1.5554517071984542e-01
3.0749152574910152e-03 1.1179417463692625e+00 9.8033220650031810e-02 3.5787740342003001e-02 1.5880924907665231e-01
2.9587668443649649e-03 1.1201186475871021e+00 9.6744229035257964e-02 3.5390711962103055e-02 1.6209276620464780e-01
2.8470056916158745e-03 1.1222669556299611e+00 9.5463285876296058e-02 3.4993633812523822e-02 1.6539458307029883e-01
2.7394660797724498e-03 1.1243868789493394e+00 9.4190625992698368e-02 3.4596662479941039e-02 1.6871361507866589e-01
2.6359885490655271e-03 1.1264785719307908e+00 9.2926473319365419e-02 3.4199948054928618e-02 1.7204869588028013e-01
2.5364196629810991e-03 1.1285422149690585e+00 9.1671042733128330e-02 3.3803638003774943e-02 1.7539868086848778e-01
2.4406117807445828e-03 1.1305779897668788e+00 9.0424539526933828e-02 3.3407875891080643e-02 1.7876241729931180e-01
2.3484228383990561e-03 1.1325860855680072e+00 8.9187159521817674e-02 3.3012801406477103e-02 1.8213875411519836e-01
2.2597161381527576e-03 1.1345667075740837e+00 8.7959089158901965e-02 3.2618550331402797e-02 1.8552655545216742e-01
2.1743601456835800e-03 1.1365200401962776e+00 8.6740505609792240e-02 3.2225254479131313e-02 1.8892465225370828e-01
2.0922282950999178e-03 1.1384462982954398e+00 8.5531576974755635e-02 3.1833041862276250e-02 1.9233191394250132e-01
2.0131988012687431e-03 1.1403456977028334e+00 8.4332462428078112e-02 3.1442036689880569e-02 1.9574721055110392e-01
1.9371544792325564e-03 1.1422183817176297e+00 8.3143308403973215e-02 3.1052354629663045e-02 1.9916930366575641e-01
1.8639825704475114e-03 1.1440646809023753e+00 8.1964261202294539e-02 3.0664117541649692e-02 2.0259723346870318e-01
1.7935745755849968e-03 1.1458847427539558e+00 8.0795451761905043e-02 3.0277435502291249e-02 2.0602977176775386e-01
1.7258260936488148e-03 1.1476788160844595e+00 7.9637004384302879e-02 2.9892416941069106e-02 2.0946584542879224e-01
1.6606366671693352e-03 1.1494471305175311e+00 7.8489034990607595e-02 2.9509166262208866e-02 2.1290435856023218e-01
1.5979096332451460e-03 1.1511899087230946e+00 7.7351651195483942e-02 2.9127783764126662e-02 2.1634421063018627e-01
1.5375519802112575e-03 1.1529073717762452e+00 7.6224952524592285e-02 2.8748365807471071e-02 2.1978430555435993e-01
1.4794742097213919e-03 1.1545997636679388e+00 7.5109030830797410e-02 2.8371005369362819e-02 2.2322359381620552e-01
1.4235902040397950e-03 1.1562673358338718e+00 7.4003970333107100e-02 2.7995791770432016e-02 2.2666104977365273e-01
1.3698170983458436e-03 1.1579103353324878e+00 7.2909847716530307e-02 2.7622810513723579e-02 2.3009565289911119e-01
1.3180751578620528e-03 1.1595290132107421e+00 7.1826732330688647e-02 2.7252143448559456e-02 2.3352640291412627e-01
1.2682876596233333e-03 1.1611234020070331e+00 7.0754683407263583e-02 2.6883863589253681e-02 2.3695192367150331e-01
1.2203807787121513e-03 1.1626940448882970e+00 6.9693760826711984e-02 2.6518053486761489e-02 2.4037175788303999e-01
1.1742834787909146e-03 1.1642411106336870e+00 6.8644010722141893e-02 2.6154780851177561e-02 2.4378480506693037e-01
1.1299274067692786e-03 1.1657647676158496e+00 6.7605474426056064e-02 2.5794112469323671e-02 2.4718997438587859e-01
1.0872467914501529e-03 1.1672653092842886e+00 6.6578187319557655e-02 2.5436112985007135e-02 2.5058641913142826e-01
1.0461783460041596e-03 1.1687430060254762e+00 6.5562178250420780e-02 2.5080843207203732e-02 2.5397327078148735e-01
1.0066611741278955e-03 1.1701981012637592e+00 6.4557469882605176e-02 2.4728360486573259e-02 2.5734963036842995e-01
9.6863667974688252e-04 1.1716309151079354e+00 6.3564079228472223e-02 2.4378719657407587e-02 2.6071476741733524e-01
9.3204848012928203e-04 1.1730414531789375e+00 6.2582016431073306e-02 2.4031969620439731e-02 2.6406735846551055e-01
8.9684232228157211e-04 1.1744301775498358e+00 6.1611287581758031e-02 2.3688160052004067e-02 2.6740698759811116e-01
8.6296600250218363e-04 1.1757973149824559e+00 6.0651892590826970e-02 2.3347335642711669e-02 2.7073280613796435e-01
8.3036928897384341e-04 1.1771430982970374e+00 5.9703826163980220e-02 2.3009538205530953e-02 2.7404399756563536e-01
7.9900384727981310e-04 1.1784677802480814e+00 5.8767078421683328e-02 2.2674807037394360e-02 2.7733980561423249e-01
7.6882316873360832e-04 1.1797716503599587e+00 5.7841632741940659e-02 2.2343177179375940e-02 2.8061957727374354e-01
7.3978250141589733e-04 1.1810548994192980e+00 5.6927470327633518e-02 2.2014683003569169e-02 2.8388247579152159e-01
7.1183878381634810e-04 1.1823177980434811e+00 5.6024566471598987e-02 2.1689354955741872e-02 2.8712785289468862e-01
6.8495058098200115e-04 1.1835606010820017e+00 5.5132892258865203e-02 2.1367221140944120e-02 2.9035505296234049e-01
6.5907802307751528e-04 1.1847835391465602e+00 5.4252414565145984e-02 2.1048307071977416e-02 2.9356339275621318e-01
6.3418274626615700e-04 1.1859869065877544e+00 5.3383096250838973e-02 2.0732635935411785e-02 2.9675235133540206e-01
6.1022783582389813e-04 1.1871709384112281e+00 5.2524896215297733e-02 2.0420228291680699e-02 2.9992130558701807e-01
5.8717777140224572e-04 1.1883358777548905e+00 5.1677769635245979e-02 2.0111102406574429e-02 3.0306967453641004e-01
5.6499837435866368e-04 1.1894819889214343e+00 5.0841668110691157e-02 1.9805274301865010e-02 3.0619694927013685e-01
5.4365675707646879e-04 1.1906094951244204e+00 5.0016539814406985e-02 1.9502757777296847e-02 3.0930255508220444e-01
5.2312127419906101e-04 1.1917186584051849e+00 4.9202329660609383e-02 1.9203564568046321e-02 3.1238602960294537e-01
5.0336147570618367e-04 1.1928097558688748e+00 4.8398979532307325e-02 1.8907704570871518e-02 3.1544697303127783e-01
4.8434806176261873e-04 1.1938827690915492e+00 4.7606422623815738e-02 1.8615177766928424e-02 3.1848431604672583e-01
4.6605283927238700e-04 1.1949383016420339e+00 4.6824602617570946e-02 1.8326000592349973e-02 3.2149847505747559e-01
4.4844868007401490e-04 1.1959765601214898e+00 4.6053451567049521e-02 1.8040175007592467e-02 3.2448896844388314e-01
4.3150948071488565e-04 1.1969974172859585e+00 4.5292896728755000e-02 1.7757697387091764e-02 3.2745452360171462e-01
4.1521012374503706e-04 1.1980014889785113e+00 4.4542868444782224e-02 1.7478572483008735e-02 3.3039568788016932e-01
3.9952644047299552e-04 1.1989888842331764e+00 4.3803291820824264e-02 1.7202797340211375e-02 3.3331181075709437e-01
3.8443517512843473e-04 1.1999598624670198e+00 4.3074090452000356e-02 1.6930368845176048e-02 3.3620263044939441e-01
3.6991395037850894e-04 1.2009145840311783e+00 4.2355185774751954e-02 1.6661282029881805e-02 3.3906766516632292e-01
3.5594123414674211e-04 1.2018533763060633e+00 4.1646497402014128e-02 1.6395530848087425e-02 3.4190687089147842e-01
3.4249630768525479e-04 1.2027764003129513e+00 4.0947943063949853e-02 1.6133107595083157e-02 3.4471981715815819e-01
3.2955923485300032e-04 1.2036838449169494e+00 4.0259438781679736e-02 1.5874003268688645e-02 3.4750616715548938e-01
3.1711083255444591e-04 1.2045759998891603e+00 3.9580898920687377e-02 1.5618207366940680e-02 3.5026585259173465e-01
3.0513264229487669e-04 1.2054531557794852e+00 3.8912236453299234e-02 1.5365708473503306e-02 3.5299884583557223e-01
2.9360690281013185e-04 1.2063153488418306e+00 3.8253362618935180e-02 1.5116492971776316e-02 3.5570447986186238e-01
2.8251652373019741e-04 1.2071629420990253e+00 3.7604187892552182e-02 1.4870547533850247e-02 3.5838296004995185e-01
2.7184506023759860e-04 1.2079961139593691e+00 3.6964621239043115e-02 1.4627856858759275e-02 3.6103403504068693e-01
2.6157668868302252e-04 1.2088151789837915e+00 3.6334571070945836e-02 1.4388405684025784e-02 3.6365783806184859e-01
2.5169618312200425e-04 1.2096200400871471e+00 3.5713942660090252e-02 1.4152173716996778e-02 3.6625341531765004e-01
2.4218889273789195e-04 1.2104112196864911e+00 3.5102643519561827e-02 1.3919145547975883e-02 3.6882150742402603e-01
2.3304072011761214e-04 1.2111888222633598e+00 3.4500578564873680e-02 1.3689301527430840e-02 3.7136174685489598e-01
2.2423810034801945e-04 1.2119530528945903e+00 3.3907652161122563e-02 1.3462621627334933e-02 3.7387405993595690e-01
2.1576798090184197e-04 1.2127041179517297e+00 3.3323768093716039e-02 1.3239085104027746e-02 3.7635839891313183e-01
2.0761780228338808e-04 1.2134422199258093e+00 3.2748829606992463e-02 1.3018670491214728e-02 3.7881472297861218e-01
1.9977547940532329e-04 1.2141675809512227e+00 3.2182739479066275e-02 1.2801355654802360e-02 3.8124306943389741e-01
1.9222938366889728e-04 1.2148803881333958e+00 3.1625400188198753e-02 1.2587117951088016e-02 3.8364339693785948e-01
1.8496832572105680e-04 1.2155807095018099e+00 3.1076710486521029e-02 1.2375929665820965e-02 3.8601534759586614e-01
1.7798153886286778e-04 1.2162689336748149e+00 3.0536576360750370e-02 1.2167772246627089e-02 3.8835948688697314e-01
1.7125866308465167e-04 1.2169451512413409e+00 3.0004897597883426e-02 1.1962618799598649e-02 3.9067555580671187e-01
1.6478972970415857e-04 1.2176095645457137e+00 2.9481575351458244e-02 1.1760443960664708e-02 3.9296363082185554e-01
1.5856514658500420e-04 1.2182623652097093e+00 2.8966510720183875e-02 1.1561221935041345e-02 3.9522377860957203e-01
1.5257568391344582e-04 1.2189037415503785e+00 2.8459604786666266e-02 1.1364926485645832e-02 3.9745607449486270e-01
1.4681246051241216e-04 1.2195338823685560e+00 2.7960758661077549e-02 1.1171530972995775e-02 3.9966060564846217e-01
1.4126693067249024e-04 1.2201528550140055e+00 2.7469873117754617e-02 1.0981007496622177e-02 4.0183712641044866e-01
1.3593087148034666e-04 1.2207609968386901e+00 2.6986849930382265e-02 1.0793329703684800e-02 4.0398620185232925e-01
1.3079637062578793e-04 1.2213584330265870e+00 2.6511590374600845e-02 1.0608469486214009e-02 4.0610778335803110e-01
1.2585581466938509e-04 1.2219453280363146e+00 2.6043996081422299e-02 1.0426398729727544e-02 4.0820195726318592e-01
1.2110187775326241e-04 1.2225218265609386e+00 2.5583968939201167e-02 1.0247089035954109e-02 4.1026877012524704e-01
1.1652751073831470e-04 1.2230881722277633e+00 2.5131411196852856e-02 1.0070511964846995e-02 4.1230857453117781e-01
1.1212593075174052e-04 1.2236444744100448e+00 2.4686225127349855e-02 9.8966388896120396e-03 4.1432133966398071e-01
1.0789061112939672e-04 1.2241908976206706e+00 2.4248314309846284e-02 9.7254403708211968e-03 4.1630720365139084e-01
1.0381527173805898e-04 1.2247275863821305e+00 2.3817581546533247e-02 9.5568871148987277e-03 4.1826626844529591e-01
9.9893869663237678e-05 1.2252547036564325e+00 2.3393930642902919e-02 9.3909498329896902e-03 4.2019870656598379e-01
9.6120590248743106e-05 1.2257724271737580e+00 2.2977265983145301e-02 9.2275992872924116e-03 4.2210473802391069e-01
9.2489838474712189e-05 1.2262809254660170e+00 2.2567492386274330e-02 9.0668060185626412e-03 4.2398457134580875e-01
8.8996230661309429e-05 1.2267803846718826e+00 2.2164515320461393e-02 8.9085406702542509e-03 4.2583851271371492e-01
8.5634586485805911e-05 1.2272708168276603e+00 2.1768240820054297e-02 8.7527732598678704e-03 4.2766628145416102e-01
8.2399921301196216e-05 1.2277524820417520e+00 2.1378574231642158e-02 8.5994729157036244e-03 4.2946843517381639e-01
7.9287438744959839e-05 1.2282255273591247e+00 2.0995424039517471e-02 8.4486113938496248e-03 4.3124514708187639e-01
7.6292523627016158e-05 1.2286900872773494e+00 2.0618697920471128e-02 8.3001588801071575e-03 4.3299661112946841e-01
7.3410735086316826e-05 1.2291463049988427e+00 2.0248303920992236e-02 8.1540853139864724e-03 4.3472301443995454e-01
7.0637800005936667e-05 1.2295943768723097e+00 1.9884151480846299e-02 8.0103609856532546e-03 4.3642474639375572e-01
6.7969606676895501e-05 1.2300342979668015e+00 1.9526150621433966e-02 7.8689562176551594e-03 4.3810157068017030e-01
6.5402198701312994e-05 1.2304662747278206e+00 1.9174211906304094e-02 7.7298415187650746e-03 4.3975391649844192e-01
6.2931769125861603e-05 1.2308904769361400e+00 1.8828246580863461e-02 7.5929873570576047e-03 4.4138210500394370e-01
6.0554654796815819e-05 1.2313070313677601e+00 1.8488166945532833e-02 7.4583644110989729e-03 4.4298635341862691e-01
5.8267330928324833e-05 1.2317159715260846e+00 1.8153885777017251e-02 7.3259429412226885e-03 4.4456658180528935e-01
5.6066405875861086e-05 1.2321175585210269e+00 1.7825317041042971e-02 7.1956942149216168e-03 4.4612344930342923e-01
5.3948616107086937e-05 1.2325118543688627e+00 1.7502375296600002e-02 7.0675891035238284e-03 4.4765694147400803e-01
5.1910821362688763e-05 1.2328990576417658e+00 1.7184976003702043e-02 6.9415991193673516e-03 4.4916756730959556e-01
4.9950000000000049e-05 1.2332792069814935e+00 1.6873035255570792e-02 6.8176946902874271e-03 4.5065524042905941e-01
