2.2499993226546642e-13 9.2888232372231968e+05 2.9605193429595616e+05 1.2287917295939656e+17 5.2234137510105350e+27
2.1986137644805355e-13 9.3120266728777881e+05 2.9644943453942973e+05 1.2360275096928352e+17 5.3511791276044384e+27
2.1484017513658653e-13 9.3352956896081625e+05 2.9683653051470272e+05 1.2432203445953283e+17 5.4827911910394186e+27
2.0993364818501577e-13 9.3586294122575759e+05 2.9721299537387729e+05 1.2503677640596072e+17 5.6184440161710002e+27
2.0513917665655752e-13 9.3820272223126411e+05 2.9757862884676940e+05 1.2574675625737018e+17 5.7581566044430523e+27
2.0045420142579187e-13 9.4054825645052746e+05 2.9793319004588411e+05 1.2645162185347830e+17 5.9019214210304621e+27
1.9587622181268669e-13 9.4289916503355931e+05 2.9827640808531089e+05 1.2715102952008099e+17 6.0503217215464761e+27
1.9140279424782540e-13 9.4525534937398636e+05 2.9860804853159183e+05 1.2784471630831158e+17 6.2032108718723675e+27
1.8703153096810664e-13 9.4761672863767482e+05 2.9892790922945656e+05 1.2853245187391878e+17 6.3605809385698778e+27
1.8276009874224323e-13 9.4998263347771333e+05 2.9923575686300063e+05 1.2921387554074830e+17 6.5227162668626922e+27
1.7858621762536043e-13 9.5235265876506909e+05 2.9953132036456181e+05 1.2988863324450704e+17 6.6896911739061158e+27
1.7450765974203698e-13 9.5472670179914869e+05 2.9981435801877035e+05 1.3055644661835123e+17 6.8616781198420498e+27
1.7052224809714567e-13 9.5710469667073712e+05 3.0008466035867867e+05 1.3121707403981278e+17 7.0388741278272686e+27
1.6662785541384510e-13 9.5948604199865158e+05 3.0034202002197632e+05 1.3187018209464781e+17 7.2213959102409209e+27
1.6282240299811005e-13 9.6187019025458291e+05 3.0058616541013651e+05 1.3251538477721278e+17 7.4093235881017107e+27
1.5910385962920009e-13 9.6425702695600339e+05 3.0081684617503610e+05 1.3315238660053179e+17 7.6028894923030530e+27
1.5547024047545803e-13 9.6664646223369928e+05 3.0103383684425673e+05 1.3378092242319762e+17 7.8022379599095300e+27
1.5191960603487889e-13 9.6903815803976404e+05 3.0123695551435265e+05 1.3440072250168035e+17 8.0075401204417981e+27
1.4845006109986792e-13 9.7143130894969078e+05 3.0142595487207593e+05 1.3501136934822875e+17 8.2189062161960307e+27
1.4505975374564165e-13 9.7382573873744789e+05 3.0160057233924750e+05 1.3561254204877490e+17 8.4366071348984672e+27
1.4174687434173727e-13 9.7622133928475156e+05 3.0176056675426621e+05 1.3620395083014974e+17 8.6606235945183055e+27
1.3850965458609163e-13 9.7861800950666540e+05 3.0190574182307051e+05 1.3678535167192253e+17 8.8913125427652090e+27
1.3534636656118031e-13 9.8101492854633811e+05 3.0203591882630368e+05 1.3735638359177776e+17 9.1286856292672574e+27
1.3225532181171809e-13 9.8341166199174023e+05 3.0215083534979232e+05 1.3791667294528470e+17 9.3733047576647388e+27
1.2923487044341462e-13 9.8580805059490702e+05 3.0225023460236698e+05 1.3846590498859917e+17 9.6248909930835979e+27
1.2628340024232099e-13 9.8820399615267396e+05 3.0233388482661010e+05 1.3900379698712613e+17 9.8838791866496929e+27
1.2339933581428321e-13 9.9059925986867584e+05 3.0240161838910944e+05 1.3953010444401894e+17 1.0150407751454285e+28
1.2058113774404898e-13 9.9299288246707711e+05 3.0245325772722095e+05 1.4004444195771810e+17 1.0424685418232664e+28
1.1782730177358347e-13 9.9538473046504485e+05 3.0248853877220047e+05 1.4054646250434266e+17 1.0706934728612982e+28
1.1513635799914602e-13 9.9777451255249069e+05 3.0250720968261291e+05 1.4103585368083694e+17 1.0997430377864299e+28
1.1250687008670435e-13 1.0001621685550882e+06 3.0250904787828587e+05 1.4151234157448629e+17 1.1295995043716573e+28
1.0993743450527116e-13 1.0025473825811034e+06 3.0249391405834601e+05 1.4197569343451136e+17 1.1603330454063846e+28
1.0742667977774578e-13 1.0049292322828159e+06 3.0246165672919375e+05 1.4242554080282038e+17 1.1919395308595893e+28
1.0497326574886516e-13 1.0073074741488779e+06 3.0241201626624446e+05 1.4286154516152166e+17 1.2244543994975984e+28
1.0257588286987772e-13 1.0096819339664314e+06 3.0234474569293129e+05 1.4328339739132742e+17 1.2578815683095832e+28
1.0023325149954742e-13 1.0120524946932892e+06 3.0225962674238888e+05 1.4369082741203299e+17 1.2922936851291936e+28
9.7944121221127967e-14 1.0144189263091531e+06 3.0215652946979314e+05 1.4408362962000027e+17 1.3276146796232339e+28
9.5707270174931562e-14 1.0167802403323575e+06 3.0203537453550455e+05 1.4446148961380320e+17 1.3639494723732946e+28
9.3521504406140780e-14 1.0191361124817788e+06 3.0189591709033470e+05 1.4482406930452614e+17 1.4013013285758610e+28
9.1385657227518600e-14 1.0214863523048351e+06 3.0173791285190423e+05 1.4517106018425334e+17 1.4396872265023891e+28
8.9298588596669256e-14 1.0238308059448324e+06 3.0156114073109388e+05 1.4550218689985488e+17 1.4791409905863908e+28
8.7259184507521445e-14 1.0261693810161572e+06 3.0136543360452488e+05 1.4581724005541638e+17 1.5196826659467565e+28
8.5266356395712420e-14 1.0285012465648160e+06 3.0115078765094886e+05 1.4611601588553530e+17 1.5613326333395452e+28
8.3319040557546568e-14 1.0308258257942497e+06 3.0091703149929439e+05 1.4639819414326288e+17 1.6040926161390806e+28
8.1416197582229133e-14 1.0331429097761230e+06 3.0066392669045192e+05 1.4666347162336509e+17 1.6480641340583427e+28
7.9556811797063119e-14 1.0354522852938591e+06 3.0039125238134491e+05 1.4691157202538074e+17 1.6931656651690082e+28
7.7739890725316808e-14 1.0377538361914916e+06 3.0009881828575686e+05 1.4714226278769434e+17 1.7395024660108829e+28
7.5964464556475549e-14 1.0400473475030351e+06 2.9978654136948619e+05 1.4735540108733450e+17 1.7870879326540589e+28
7.4229585628588990e-14 1.0423318417591652e+06 2.9945447676001186e+05 1.4755080441043584e+17 1.8359099590181480e+28
7.2534327922440444e-14 1.0446069559642042e+06 2.9910242585172103e+05 1.4772818272177920e+17 1.8859904423831284e+28
7.0877786567271648e-14 1.0468724402195923e+06 2.9873017376436089e+05 1.4788726552152838e+17 1.9374370827985134e+28
6.9259077357791128e-14 1.0491281351028562e+06 2.9833752474538313e+05 1.4802781210578496e+17 1.9901904961337383e+28
6.7677336282217710e-14 1.0513738982941776e+06 2.9792431557540927e+05 1.4814962945398045e+17 2.0443095475943979e+28
6.6131719061099503e-14 1.0536095156782863e+06 2.9749051819362515e+05 1.4825263519520982e+17 2.0998452582699517e+28
6.4621400696665564e-14 1.0558339589545920e+06 2.9703627067229641e+05 1.4833672945037821e+17 2.1567500494724353e+28
6.3145575032471871e-14 1.0580469520138286e+06 2.9656140146101208e+05 1.4840166254404733e+17 2.2151141110811109e+28
6.1703454323101613e-14 1.0602482020799455e+06 2.9606572129179654e+05 1.4844719933413827e+17 2.2749322433849239e+28
6.0294268813692873e-14 1.0624375107868158e+06 2.9554905840432103e+05 1.4847313315333984e+17 2.3362196674996142e+28
5.8917266329071436e-14 1.0646147419205748e+06 2.9501126905778272e+05 1.4847930006691216e+17 2.3990456709854663e+28
5.7571711872263359e-14 1.0667797974620163e+06 2.9445229214168206e+05 1.4846563002446714e+17 2.4633803940964570e+28
5.6256887232180385e-14 1.0689318168544204e+06 2.9387238200655894e+05 1.4843217350018083e+17 2.5293102210353944e+28
5.4972090600262565e-14 1.0710702851126355e+06 2.9327148201468069e+05 1.4837876435369603e+17 2.5967908357191524e+28
5.3716636195876141e-14 1.0731949400894453e+06 2.9264943289887288e+05 1.4830520841415613e+17 2.6658891987976671e+28
5.2489853900268601e-14 1.0753055777443375e+06 2.9200609009913763e+05 1.4821133669542438e+17 2.7365731285163199e+28
5.1291088898881412e-14 1.0774020233979521e+06 2.9134133014108997e+05 1.4809701436530902e+17 2.8089997678610615e+28
5.0119701331831729e-14 1.0794841687455876e+06 2.9065506545000075e+05 1.4796216089834842e+17 2.8830121758218803e+28
4.8975065952378293e-14 1.0815517926698993e+06 2.8994740549890196e+05 1.4780685607815603e+17 2.9588008265383014e+28
4.7856571793185368e-14 1.0836039676409401e+06 2.8921868873740878e+05 1.4763122107344029e+17 3.0362469876607452e+28
4.6763621840208637e-14 1.0856403721967083e+06 2.8846882278048538e+05 1.4743512167098115e+17 3.1154401676321001e+28
4.5695632714030848e-14 1.0876607598574399e+06 2.8769769527939375e+05 1.4721843076247827e+17 3.1964187353339226e+28
4.4652034358472214e-14 1.0896649120600654e+06 2.8690520869776432e+05 1.4698104701705974e+17 3.2790732626359089e+28
4.3632269736315197e-14 1.0916526531219746e+06 2.8609128619579965e+05 1.4672290328068742e+17 3.3635960276671836e+28
4.2635794531976469e-14 1.0936240550021932e+06 2.8525588554648164e+05 1.4644398571127078e+17 3.4499272802042982e+28
4.1662076860969274e-14 1.0955787558924712e+06 2.8439915825229144e+05 1.4614444877848230e+17 3.5380265343700453e+28
4.0710596986002689e-14 1.0975159850801795e+06 2.8352158295156161e+05 1.4582457105281626e+17 3.6280088664144851e+28
3.9780847039563054e-14 1.0994354075215638e+06 2.8262313903597387e+05 1.4548430308628269e+17 3.7198312069547130e+28
3.8872330752831122e-14 1.1013367982651475e+06 2.8170376537367440e+05 1.4512358837217686e+17 3.8134684591508204e+28
3.7984563190791814e-14 1.1032199575041840e+06 2.8076341423232469e+05 1.4474239433278653e+17 3.9089970560106648e+28
3.7117070493391180e-14 1.1050847424748414e+06 2.7980205517105974e+05 1.4434071801722979e+17 4.0063992483778582e+28
3.6269389622607147e-14 1.1069310307357349e+06 2.7881968406125781e+05 1.4391859878615848e+17 4.1057014604137242e+28
3.5441068115295147e-14 1.1087588530440447e+06 2.7781635215555516e+05 1.4347615581680261e+17 4.2068807781460434e+28
3.4631663841678270e-14 1.1105677030421961e+06 2.7679262280923966e+05 1.4301384698644771e+17 4.3100749709056345e+28
3.3840744769354372e-14 1.1123569863506344e+06 2.7574882695111877e+05 1.4253189050109168e+17 4.4151198227007931e+28
3.3067888732691427e-14 1.1141264827809418e+06 2.7468495841075230e+05 1.4203029996205813e+17 4.5220386221503000e+28
3.2312683207489527e-14 1.1158760070055446e+06 2.7360102150682796e+05 1.4150910842478205e+17 4.6308078784199670e+28
3.1574725090790487e-14 1.1176053975466627e+06 2.7249703361945512e+05 1.4096837237207221e+17 4.7415533927737568e+28
3.0853620485714143e-14 1.1193145399410189e+06 2.7137302897270769e+05 1.4040817694048274e+17 4.8542044616043513e+28
3.0148984491210562e-14 1.1210033700023736e+06 2.7022906633435818e+05 1.3982864733503488e+17 4.9687308366266016e+28
2.9460440996612585e-14 1.1226719387221064e+06 2.6906525478120230e+05 1.3922998319010771e+17 5.0852005561679939e+28
2.8787622480880402e-14 1.1243198916813049e+06 2.6788226110940089e+05 1.3861277393625333e+17 5.2035530911861756e+28
2.8130169816432121e-14 1.1259466844619974e+06 2.6668055817028857e+05 1.3797738782467699e+17 5.3236764812165732e+28
2.7487732077453301e-14 1.1275521615309769e+06 2.6546020641604450e+05 1.3732392332011202e+17 5.4457988167027673e+28
2.6859966352584403e-14 1.1291361508850516e+06 2.6422127545190707e+05 1.3665249593868342e+17 5.5696877760967817e+28
2.6246537561887177e-14 1.1306985293070585e+06 2.6296384559576132e+05 1.3596324067532962e+17 5.6954385352411525e+28
2.5647118277989548e-14 1.1322392125998915e+06 2.6168801051401012e+05 1.3525631592855104e+17 5.8229151374975486e+28
2.5061388551316798e-14 1.1337581589542206e+06 2.6039388177891914e+05 1.3453191014244781e+17 5.9522049676324435e+28
2.4489035739313058e-14 1.1352554103975547e+06 2.5908159940116861e+05 1.3379025673381846e+17 6.0833040563584479e+28
2.3929754339563087e-14 1.1367310535422950e+06 2.5775146485709309e+05 1.3303174690744874e+17 6.2162260461044144e+28
2.3383245826726102e-14 1.1381846392441711e+06 2.5640444646408991e+05 1.3225719179391515e+17 6.3508056118704083e+28
2.2849218493192812e-14 1.1396159113790398e+06 2.5504083399024641e+05 1.3146687535175024e+17 6.4870830038024017e+28
2.2327387293381585e-14 1.1410247572367527e+06 2.5366075973921746e+05 1.3066098328818920e+17 6.6248979990406260e+28
2.1817473691591379e-14 1.1424110885544650e+06 2.5226436380219497e+05 1.2983971570831770e+17 6.7643457478970910e+28
2.1319205513328615e-14 1.1437748400836869e+06 2.5085179501242394e+05 1.2900328866338522e+17 6.9054574501410424e+28
2.0832316800029435e-14 1.1451159926748055e+06 2.4942321300048803e+05 1.2815193726353725e+17 7.0480538026273393e+28
2.0356547667100721e-14 1.1464345616578890e+06 2.4797879135996371e+05 1.2728592032017686e+17 7.1920965020648950e+28
1.9891644165201858e-14 1.1477306232386511e+06 2.4651872447040604e+05 1.2640553025886186e+17 7.3376988537061664e+28
1.9437358144695827e-14 1.1490043780572799e+06 2.4504326042492577e+05 1.2551113207665904e+17 7.4846812013500100e+28
1.8993447123195149e-14 1.1502557080197243e+06 2.4355335342828723e+05 1.2460359153286986e+17 7.6329313405550916e+28
1.8559674156132802e-14 1.1514844001861739e+06 2.4204961094361881e+05 1.2368344962101872e+17 7.7826095306693176e+28
1.8135807710289857e-14 1.1526903893606479e+06 2.4053222868896142e+05 1.2275095987874206e+17 7.9335251627581025e+28
1.7721621540210311e-14 1.1538736683126818e+06 2.3900140799394113e+05 1.2180638630814366e+17 8.0855413871441416e+28
1.7316894567439513e-14 1.1550342637455880e+06 2.3745735637981645e+05 1.2085000437460170e+17 8.2387279757438183e+28
1.6921410762519793e-14 1.1561722097585376e+06 2.3590028868054363e+05 1.1988210275719680e+17 8.3928943848713134e+28
1.6534959029681097e-14 1.1572875899436411e+06 2.3433042861956891e+05 1.1890298579827315e+17 8.5481207634089497e+28
1.6157333094165684e-14 1.1583805392811664e+06 2.3274801184066091e+05 1.1791297799783184e+17 8.7042722518007922e+28
1.5788331392125479e-14 1.1594512498127653e+06 2.3115329208649456e+05 1.1691243305782410e+17 8.8613328613321924e+28
1.5427756963033969e-14 1.1605000462708701e+06 2.2954656246393724e+05 1.1590176312953763e+17 9.0192369889252844e+28
1.5075417344555794e-14 1.1615270745647943e+06 2.2792889069240750e+05 1.1488194132040842e+17 9.1779009234136893e+28
1.4731124469816693e-14 1.1625322121344616e+06 2.2630114053536949e+05 1.1385370386229512e+17 9.3371893672589649e+28
1.4394694567019659e-14 1.1635155182180579e+06 2.2466356340080715e+05 1.1281734822045125e+17 9.4970145756151950e+28
1.4065948061354186e-14 1.1644771501127121e+06 2.2301641358042491e+05 1.1177317744697066e+17 9.6573524591268667e+28
1.3744709479145157e-14 1.1654169797367945e+06 2.2135994841388238e+05 1.1072150056662910e+17 9.8180550703076617e+28
1.3430807354190823e-14 1.1663353713453962e+06 2.1969442878998865e+05 1.0966263342980731e+17 9.9790650463421504e+28
1.3124074136240385e-14 1.1672324059937268e+06 2.1802011974219236e+05 1.0859689974157792e+17 1.0140341285730210e+29
1.2824346101560944e-14 1.1681082800020778e+06 2.1633729170714924e+05 1.0752463302156834e+17 1.0301792277492003e+29
1.2531463265547726e-14 1.1689632457512629e+06 2.1464622252880895e+05 1.0644617970722662e+17 1.0463162666412532e+29
1.2245269297329593e-14 1.1697975810905178e+06 2.1294720226880079e+05 1.0536190627865757e+17 1.0624733426704826e+29
1.1965611436324817e-14 1.1706117320989040e+06 2.1124054770497879e+05 1.0427222001969051e+17 1.0786257117772748e+29
1.1692340410703022e-14 1.1714060376224334e+06 2.0952727658759785e+05 1.0317803101025582e+17 1.0947475361261032e+29
1.1425310357708598e-14 1.1721805995714630e+06 2.0780827778631612e+05 1.0208008022837024e+17 1.1108457736165312e+29
1.1164378745804455e-14 1.1729356097665671e+06 2.0608383468751507e+05 1.0097867551688122e+17 1.1269008901746549e+29
1.0909406298593416e-14 1.1736712767216079e+06 2.0435423087876034e+05 9.9874126063866080e+16 1.1428932583977590e+29
1.0660256920477084e-14 1.1743878316874227e+06 2.0261975015638606e+05 9.8766742552018880e+16 1.1588500616692071e+29
1.0416797624012928e-14 1.1750855409791498e+06 2.0088067673577598e+05 9.7656837617296848e+16 1.1747369813832448e+29
1.0178898458929977e-14 1.1757646843822834e+06 1.9913729547791503e+05 9.6544726327189600e+16 1.1905282314517439e+29
9.9464324427656814e-15 1.1764255819734768e+06 1.9738989241981474e+05 9.5430727119137728e+16 1.2062560819165640e+29
9.7192754930872463e-15 1.1770685711648366e+06 1.9563875559678246e+05 9.4315163201087008e+16 1.2218565149757490e+29
9.4973063612605409e-15 1.1776941086978768e+06 1.9388417672757237e+05 9.3198365211943504e+16 1.2373839581677469e+29
9.2804065677315897e-15 1.1783025983438720e+06 1.9212645449160924e+05 9.2080676275017088e+16 1.2527755063658305e+29
9.0684603387865037e-15 1.1788946234446985e+06 1.9036590450226664e+05 9.0962466931779088e+16 1.2680617959502766e+29
8.8613545447551102e-15 1.1794708429221553e+06 1.8860342176844875e+05 8.9844522505601664e+16 1.2832149699717923e+29
8.6589786396264574e-15 1.1800315835051378e+06 1.8684012494087324e+05 8.8727706875240608e+16 1.2982143010710126e+29
8.4612246020430091e-15 1.1805771926575231e+06 1.8507630750000104e+05 8.7612299641970400e+16 1.3130684053036218e+29
8.2679868776424216e-15 1.1811080359366802e+06 1.8331225269694327e+05 8.6498572801655888e+16 1.3277363896149863e+29
8.0791623227164722e-15 1.1816245045961358e+06 1.8154824122798801e+05 8.5386795937268560e+16 1.3422774792576426e+29
7.8946501491561908e-15 1.1821269956269909e+06 1.7978455118958536e+05 8.4277236302274384e+16 1.3565661992266671e+29
7.7143518706548319e-15 1.1826159931542117e+06 1.7802145815394828e+05 8.3170159088410528e+16 1.3707250423415164e+29
7.5381712501391501e-15 1.1830918902736658e+06 1.7625923530059177e+05 8.2065827769050272e+16 1.3846567347030656e+29
7.3660142484012337e-15 1.1835552222103348e+06 1.7449815367732689e+05 8.0964504674290528e+16 1.3983734030183730e+29
7.1977889739037720e-15 1.1840065137494248e+06 1.7273848263211400e+05 7.9866451828264384e+16 1.4118741894864714e+29
7.0334056337313902e-15 1.1844463318694304e+06 1.7098049069864798e+05 7.8771932473667392e+16 1.4251385733841859e+29
6.8727764856621670e-15 1.1848753033526014e+06 1.6922444725680217e+05 7.7681213812442736e+16 1.4381984183989018e+29
6.7158157913340020e-15 1.1852941317051945e+06 1.6747062647714381e+05 7.6594573295089808e+16 1.4509851333940427e+29
6.5624397704803140e-15 1.1857036609082574e+06 1.6571942980801268e+05 7.5512390930524304e+16 1.4635374446909316e+29
6.4125665562109124e-15 1.1861046614609363e+06 1.6397213876494727e+05 7.4435599271998528e+16 1.4758387917986040e+29
6.2661161513144025e-15 1.1864976700611033e+06 1.6222924618027214e+05 7.3364558407215136e+16 1.4878709295338531e+29
6.1230103855583226e-15 1.1868832383192256e+06 1.6049099913836550e+05 7.2299463714045248e+16 1.4996285614220981e+29
5.9831728739644615e-15 1.1872619406243446e+06 1.5875764164120151e+05 7.1240507326924752e+16 1.5111059470853679e+29
5.8465289760373404e-15 1.1876343378922415e+06 1.5702941032564445e+05 7.0187873902903624e+16 1.5222685321111851e+29
5.7130057559234620e-15 1.1880011455873037e+06 1.5530653873148549e+05 6.9141745101810064e+16 1.5331928513481711e+29
5.5825319434808109e-15 1.1883629119512783e+06 1.5358925513203078e+05 6.8102297495979080e+16 1.5437785046757148e+29
5.4550378962372052e-15 1.1887203361842043e+06 1.5187778305485341e+05 6.7069703301888488e+16 1.5540614630988293e+29
5.3304555622174559e-15 1.1890741230146557e+06 1.5017234137367576e+05 6.6044130658100008e+16 1.5640391283720080e+29
5.2087184436196980e-15 1.1894250032112154e+06 1.4847314435614613e+05 6.5025743957023096e+16 1.5736854123289519e+29
5.0897615613209577e-15 1.1897737482600815e+06 1.4678040253554736e+05 6.4014704918860056e+16 1.5830003591979997e+29
4.9735214201936600e-15 1.1901211707909834e+06 1.4509432206490071e+05 6.3011172701638696e+16 1.5920072642004875e+29
4.8599359752140319e-15 1.1904681038851442e+06 1.4341510683777215e+05 6.2015306541349320e+16 1.6006746377393577e+29
4.7489445983445243e-15 1.1908155607174698e+06 1.4174296015683308e+05 6.1027269161649576e+16 1.6089835679910903e+29
4.6404880461727523e-15 1.1911645458590204e+06 1.4007812334452764e+05 6.0047258742456576e+16 1.6169658337023187e+29
4.5345084282893227e-15 1.1915161768156376e+06 1.3842164147721793e+05 5.9075963325848232e+16 1.6246340549047255e+29
4.4309491763878494e-15 1.1918712543745434e+06 1.3677407069073402e+05 5.8113716399030120e+16 1.6319584351012548e+29
4.3297550140708367e-15 1.1922305943854246e+06 1.3513558555937067e+05 5.7160609129829608e+16 1.6388858029655417e+29
4.2308719273449605e-15 1.1925950194756091e+06 1.3350635482866602e+05 5.6216727261929280e+16 1.6454806472300946e+29
4.1342471357901943e-15 1.1929653807726065e+06 1.3188654102888433e+05 5.5282150773348248e+16 1.6517299785608472e+29
4.0398290643875388e-15 1.1933425554782562e+06 1.3027630140873716e+05 5.4356955027825688e+16 1.6576285588547510e+29
3.9475673159898998e-15 1.1937274497090245e+06 1.2867578697094838e+05 5.3441209812780800e+16 1.6631566618332053e+29
3.8574126444219291e-15 1.1941209919902219e+06 1.2708514311307497e+05 5.2534980134627168e+16 1.6683310043638474e+29
3.7693169281940403e-15 1.1945241458190959e+06 1.2550450950121845e+05 5.1638326217049024e+16 1.6731403446297484e+29
3.6832331448167546e-15 1.1949379078114196e+06 1.2393402017432397e+05 5.0751303737133304e+16 1.6775969592952977e+29
3.5991153457017952e-15 1.1953633074277318e+06 1.2237380365653183e+05 4.9873964097888296e+16 1.6816899948067172e+29
3.5169186316362452e-15 1.1958014151600120e+06 1.2082398305118876e+05 4.9006354707691056e+16 1.6854155335768057e+29
3.4365991288168400e-15 1.1962533302131672e+06 1.1928467627753734e+05 4.8148519455909224e+16 1.6887843971164643e+29
3.3581139654317259e-15 1.1967202186099165e+06 1.1775599634112908e+05 4.7300499314020352e+16 1.6917774815175158e+29
3.2814212487768374e-15 1.1972032934558436e+06 1.1623805179189055e+05 4.6462333289062776e+16 1.6944236637570033e+29
3.2064800428950951e-15 1.1977038412796732e+06 1.1473094769852319e+05 4.5634060330985712e+16 1.6966951236718506e+29
3.1332503467261469e-15 1.1982232377185822e+06 1.1323478834044821e+05 4.4815724451775344e+16 1.6986409949223982e+29
3.0616930727551288e-15 1.1987629505789445e+06 1.1175010296623393e+05 4.4007618965919448e+16 1.7002523462491491e+29
2.9917700261491574e-15 1.1993241860703933e+06 1.1027760087792744e+05 4.3210101773602424e+16 1.7014479609522256e+29
2.9234438843701937e-15 1.1999080912475749e+06 1.0881736572666786e+05 4.2423161413100200e+16 1.7023543711744011e+29
2.8566781772535070e-15 1.2005158820577129e+06 1.0736947006872842e+05 4.1646779172380912e+16 1.7029036959839964e+29
2.7914372675412179e-15 1.2011488119177467e+06 1.0593398103210413e+05 4.0880932373671648e+16 1.7031276681338876e+29
2.7276863318603098e-15 1.2018081576423177e+06 1.0451096030958762e+05 4.0125594417001744e+16 1.7030200960618735e+29
2.6653913421350633e-15 1.2024952307021946e+06 1.0310046432902411e+05 3.9380735020943936e+16 1.7025592408406687e+29
2.6045190474241117e-15 1.2032113821430495e+06 1.0170254429952749e+05 3.8646320322830416e+16 1.7017877167278423e+29
2.5450369561721315e-15 1.2039579990899158e+06 1.0031724629765358e+05 3.7922313027053752e+16 1.7006786047389178e+29
2.4869133188670362e-15 1.2047365170385409e+06 9.8944611371343446e+04 3.7208672571895656e+16 1.6992631721044611e+29
2.4301171110931331e-15 1.2055484052887871e+06 9.7584675653317972e+04 3.6505355301323664e+16 1.6975266069772133e+29
2.3746180169713223e-15 1.2063951816485866e+06 9.6237470410807073e+04 3.5812314588958688e+16 1.6954807008961622e+29
2.3203864129775816e-15 1.2072784151919975e+06 9.4903022215516830e+04 3.5129501079316836e+16 1.6931317560794795e+29
2.2673933521308617e-15 1.2081997263276007e+06 9.3581353010260558e+04 3.4456862839392948e+16 1.6904619161884490e+29
2.2156105485422423e-15 1.2091607843445719e+06 9.2272480269978827e+04 3.3794345623953460e+16 1.6875179903868664e+29
2.1650103623168596e-15 1.2101633189937342e+06 9.0976417112269628e+04 3.3141893113778712e+16 1.6842813485888469e+29
2.1155657848006471e-15 1.2112091354668066e+06 8.9693172506739997e+04 3.2499447313482356e+16 1.6807652040177014e+29
2.0672504241640896e-15 1.2123000976719568e+06 8.8422751483149448e+04 3.1866949034688352e+16 1.6769410452988419e+29
2.0200384913151387e-15 1.2134381690481668e+06 8.7165155563230699e+04 3.1244338857533016e+16 1.6728571868945676e+29
1.9739047861338482e-15 1.2146254131560728e+06 8.5920383620962020e+04 3.0631559281626760e+16 1.6685095329869446e+29
1.9288246840214622e-15 1.2158639126310362e+06 8.4688646736384850e+04 3.0028666946853044e+16 1.6639356360466524e+29
1.8847741227566154e-15 1.2171553257008048e+06 8.3470433486336304e+04 2.9435840691413900e+16 1.6591057425428471e+29
1.8417295896517196e-15 1.2185015778228778e+06 8.2265745410869087e+04 2.8853000662223840e+16 1.6540381976817232e+29
1.7996681090027373e-15 1.2199046379414489e+06 8.1074559410334608e+04 2.8280054748892572e+16 1.6487419636370966e+29
1.7585672298255119e-15 1.2213666067657089e+06 7.9896848688417143e+04 2.7716909239002036e+16 1.6432210199000098e+29
1.7184050138721764e-15 1.2228894781255634e+06 7.8732582852882697e+04 2.7163468929685220e+16 1.6374899148558687e+29
1.6791600239213148e-15 1.2244755183757255e+06 7.7581728016049456e+04 2.6619637231692488e+16 1.6315494869159157e+29
1.6408113123354477e-15 1.2261269302989691e+06 7.6444246925385436e+04 2.6085316300026320e+16 1.6254156646471873e+29
1.6033384098799531e-15 1.2278460176667729e+06 7.5320099045830328e+04 2.5560407121842728e+16 1.6190686608191302e+29
1.5667213147972333e-15 1.2296351590798669e+06 7.4209240677524518e+04 2.5044809630798500e+16 1.6125455355976342e+29
1.5309404821305040e-15 1.2314967901122665e+06 7.3111625047850277e+04 2.4538422801691192e+16 1.6058397433446672e+29
1.4959768132913441e-15 1.2334334641866165e+06 7.2027202437472704e+04 2.4041144771050532e+16 1.5989550897105062e+29
1.4618116458655010e-15 1.2354477707079006e+06 7.0955920262354994e+04 2.3552872917391576e+16 1.5918999320096891e+29
1.4284267436515685e-15 1.2375424209105123e+06 6.9897723186233503e+04 2.3073503972402044e+16 1.5847505537989250e+29
1.3958042869271041e-15 1.2397202056197731e+06 6.8852553230613732e+04 2.2602934124718556e+16 1.5773606574318744e+29
1.3639268629370528e-15 1.2419839943329038e+06 6.7820349863282492e+04 2.2141059110501324e+16 1.5698570677452511e+29
1.3327774565994466e-15 1.2443367917135789e+06 6.6801050103617556e+04 2.1687774316432780e+16 1.5622258586456553e+29
1.3023394414233162e-15 1.2467816800587433e+06 6.5794588620923401e+04 2.1242974888394088e+16 1.5544782215445953e+29
1.2725965706340206e-15 1.2493218665401544e+06 6.4800897881941179e+04 2.0806555862992144e+16 1.5465838176774223e+29
1.2435329685013066e-15 1.2519606736286480e+06 6.3819908146959788e+04 2.0378412238462600e+16 1.5385961374977529e+29
1.2151331218653674e-15 1.2547015520041103e+06 6.2851547678659779e+04 1.9958439174421996e+16 1.5304915419256742e+29
1.1873818718564325e-15 1.2575481047228640e+06 6.1895742817741128e+04 1.9546532178197244e+16 1.5223590137934044e+29
1.1602644058035109e-15 1.2605040004891504e+06 6.0952418105893434e+04 1.9142587405688428e+16 1.5140259359350690e+29
1.1337662493278757e-15 1.2635732173948407e+06 6.0021496513329992e+04 1.8746502436164032e+16 1.5056673627976922e+29
1.1078732586171211e-15 1.2667594968354008e+06 5.9103005065387813e+04 1.8358223316139460e+16 1.4972255477426816e+29
1.0825716128757106e-15 1.2700662860438977e+06 5.8197056904096447e+04 1.7977727517446644e+16 1.4887502736327636e+29
1.0578478069478708e-15 1.2734976107805823e+06 5.7303571320309165e+04 1.7604905191857062e+16 1.4802153124279502e+29
1.0336886441090347e-15 1.2770577230713798e+06 5.6422461803948594e+04 1.7239644989382222e+16 1.4716214232261987e+29
1.0100812290218466e-15 1.2807509173777211e+06 5.5553640502480586e+04 1.6881836018916298e+16 1.4629923714369162e+29
9.8701296085309933e-16 1.2845817680312858e+06 5.4697018314277113e+04 1.6531367908105552e+16 1.4543686818096094e+29
9.6447152654782713e-16 1.2885549506932714e+06 5.3852504944150263e+04 1.6188130831967802e+16 1.4457171440584573e+29
9.4244489425700455e-16 1.2926753330148088e+06 5.3020009014900803e+04 1.5852015585845252e+16 1.4370012151976202e+29
9.2092130691538006e-16 1.2969479913924662e+06 5.2199438129389528e+04 1.5522913616729254e+16 1.4283399603834290e+29
8.9988927596594228e-16 1.3013781503923077e+06 5.1390698956949265e+04 1.5200717074853864e+16 1.4196335516261082e+29
8.7933757522771076e-16 1.3059712310463577e+06 5.0593697301340268e+04 1.4885318847743750e+16 1.4109511438655507e+29
8.5925523490360391e-16 1.3107329601890489e+06 4.9808338184196029e+04 1.4576612607744462e+16 1.4022848904995725e+29
8.3963153572512520e-16 1.3156692068294024e+06 4.9034525915893646e+04 1.4274492845201890e+16 1.3936511004790685e+29
8.2045600323077240e-16 1.3207860912981231e+06 4.8272164160700886e+04 1.3978854901499320e+16 1.3850391883123343e+29
8.0171840217514810e-16 1.3260899925819112e+06 4.7521156018055466e+04 1.3689595008818540e+16 1.3764619555201713e+29
7.8340873106572424e-16 1.3315875811541528e+06 4.6781404079015621e+04 1.3406610311758130e+16 1.3679506065975215e+29
7.6551721682437670e-16 1.3372856520880654e+06 4.6052810500375905e+04 1.3129798901227188e+16 1.3594707450856051e+29
7.4803430957087235e-16 1.3431915108081456e+06 4.5335277061669876e+04 1.2859059835808082e+16 1.3510552224171317e+29
7.3095067752544269e-16 1.3493126112471777e+06 4.4628705239669565e+04 1.2594293170194176e+16 1.3427290080320182e+29
7.1425720202782327e-16 1.3556567528597848e+06 4.3932996255758226e+04 1.2335399966621394e+16 1.3344250760541706e+29
6.9794497266999948e-16 1.3622320931831142e+06 4.3248051147003862e+04 1.2082282318879574e+16 1.3262595313448416e+29
6.8200528254015516e-16 1.3690471190392349e+06 4.2573770815016120e+04 1.1834843356399476e+16 1.3181290530639791e+29
6.6642962357521114e-16 1.3761106769330683e+06 4.1910056087663208e+04 1.1592987255087396e+16 1.3101211218350374e+29
6.5120968201950309e-16 1.3834319944047420e+06 4.1256807770487765e+04 1.1356619234807910e+16 1.3022335203769583e+29
6.3633733398719883e-16 1.3910207876769865e+06 4.0613926698005831e+04 1.1125645543104320e+16 1.2944131922298497e+29
6.2180464112603654e-16 1.3988869893878901e+06 3.9981313789880558e+04 1.0899973427985110e+16 1.2867438569278491e+29
6.0760384638009554e-16 1.4070411946612464e+06 3.9358870088788368e+04 1.0679511066280126e+16 1.2791738698357379e+29
5.9372736984935988e-16 1.4154943143858812e+06 3.8746496818597298e+04 1.0464167428124512e+16 1.2717559899092233e+29
5.8016780474381783e-16 1.4242577604168202e+06 3.8144095420597987e+04 1.0253851899405100e+16 1.2644859405323064e+29
5.6691791342996360e-16 1.4333441050034508e+06 3.7551514769377442e+04 1.0048454297134286e+16 1.2573249217712473e+29
5.5397062356760914e-16 1.4427692837055123e+06 3.6968449585900082e+04 9.8478142859182700e+15 1.2503330607442003e+29
5.4131902433490315e-16 1.4525475946286437e+06 3.6394784914684031e+04 9.6518453448105460e+15 1.2436000351622113e+29
5.2895636273956324e-16 1.4626937765212215e+06 3.5830427807925735e+04 9.4604699891769420e+15 1.2368177987342988e+29
5.1687604001437231e-16 1.4732233031891307e+06 3.5275285745128545e+04 9.2736119765514600e+15 1.2303112433681456e+29
5.0507160809497492e-16 1.4841524967948934e+06 3.4729266673870872e+04 9.0911963229852720e+15 1.2239874053006968e+29
4.9353676617811428e-16 1.4954985104805664e+06 3.4192279059842302e+04 8.9131493284477900e+15 1.2178620921576473e+29
4.8226535735849264e-16 1.5072794343768340e+06 3.3664231894700759e+04 8.7393985701251480e+15 1.2119344063439955e+29
4.7125136534240918e-16 1.5195143355040892e+06 3.3145034768716410e+04 8.5698729463237200e+15 1.2062255807344406e+29
4.6048891123648308e-16 1.5322233243654778e+06 3.2634597873672865e+04 8.4045026693322520e+15 1.2007353748926084e+29
4.4997225040968543e-16 1.5454276381598143e+06 3.2132832050199846e+04 8.2432192913129670e+15 1.1954954185131195e+29
4.3969576942706457e-16 1.5591496809465548e+06 3.1639648825773558e+04 8.0859557251950780e+15 1.1904773032367631e+29
4.2965398305347971e-16 1.5734131640098474e+06 3.1154960435191511e+04 7.9326462542170390e+15 1.1857251229733840e+29
4.1984153132576457e-16 1.5882431373144772e+06 3.0678679848590298e+04 7.7832265486316870e+15 1.1812527355075822e+29
4.1025317669177229e-16 1.6036660580054356e+06 3.0210720805192002e+04 7.6376336880022250e+15 1.1770598600006808e+29
4.0088380121474327e-16 1.6197100371197055e+06 2.9750997837082072e+04 7.4958061765665820e+15 1.1731741689868657e+29
3.9172840384152029e-16 1.6364047864689741e+06 2.9299426292584012e+04 7.3576839641359500e+15 1.1695883388252755e+29
3.8278209773316662e-16 1.6537818129632168e+06 2.8855922368134488e+04 7.2232084703609280e+15 1.1663489875863097e+29
3.7404010765653312e-16 1.6718745468902644e+06 2.8420403118943144e+04 7.0923226006617840e+15 1.1634555032652223e+29
3.6549776743539691e-16 1.6907184743238019e+06 2.7992786483120632e+04 6.9649707712997220e+15 1.1609227520414001e+29
3.5715051745982509e-16 1.7103512895993569e+06 2.7572991304456027e+04 6.8410989376041950e+15 1.1587711916369215e+29
3.4899390225240552e-16 1.7308130581842936e+06 2.7160937342958510e+04 6.7206546150527910e+15 1.1570366033850856e+29
3.4102356809006073e-16 1.7521463998825010e+06 2.6756545300302871e+04 6.6035869173884930e+15 1.1557305117909388e+29
3.3323526068018899e-16 1.7743967022304554e+06 2.6359736815174405e+04 6.4898465734190170e+15 1.1548881403684371e+29
3.2562482288985686e-16 1.7976122853687033e+06 2.5970434500569900e+04 6.3793859778895890e+15 1.1545188229653286e+29
3.1818819252687415e-16 1.8218446919023099e+06 2.5588561920351094e+04 6.2721592059269830e+15 1.1546680717550568e+29
3.1092140017152373e-16 1.8471488876409677e+06 2.5214043619545562e+04 6.1681220639490310e+15 1.1553522450877464e+29
3.0382056705782968e-16 1.8735835879093700e+06 2.4846805114590952e+04 6.0672321230969100e+15 1.1566498446010788e+29
2.9688190300320043e-16 1.9012115269631424e+06 2.4486772898584975e+04 5.9694487581554050e+15 1.1585542690275805e+29
2.9010170438535470e-16 1.9300997841140316e+06 2.4133874424487887e+04 5.8747331781517500e+15 1.1611247437092823e+29
2.8347635216546183e-16 1.9603200691815547e+06 2.3788038093923573e+04 5.7830484599996480e+15 1.1644296182660784e+29
2.7700230995641834e-16 1.9919493169480516e+06 2.3449193242989226e+04 5.6943595717248800e+15 1.1684977749457928e+29
2.7067612213524171e-16 2.0250698733806633e+06 2.3117270093599142e+04 5.6086333560502350e+15 1.1733917168533867e+29
2.6449441199858367e-16 2.0597700261918739e+06 2.2792199693242765e+04 5.5258384737122870e+15 1.1792096625093148e+29
2.5845387996035745e-16 2.0961444838253057e+06 2.2473913828841029e+04 5.4459452384329860e+15 1.1860039563062374e+29
2.5255130179052813e-16 2.1342947590587549e+06 2.2162344823903342e+04 5.3689251405205280e+15 1.1938835791634083e+29
2.4678352689413500e-16 2.1743293297132938e+06 2.1857425025058281e+04 5.2947492256255920e+15 1.2029310007246669e+29
2.4114747662960815e-16 2.2164081067119595e+06 2.1558775330771732e+04 5.2233088940229870e+15 1.2132779375061872e+29
2.3564014266549172e-16 2.2607266659389413e+06 2.1265955156391377e+04 5.1545021182709560e+15 1.2250872095822259e+29
2.3025858537470486e-16 2.3074467496275390e+06 2.0978921496434312e+04 5.0883381026044160e+15 1.2385432129858863e+29
2.2499993226546640e-16 2.3567450971475481e+06 2.0697634188916567e+04 5.0248314254636940e+15 1.2539289198239194e+29
