8.0395829418396959e-13 8.0126083094142727e+05 2.7447447684541036e+05 9.1398492211120048e+16 1.6980970503896191e+27
7.8559746834753246e-13 8.0287217620729515e+05 2.7501850131009083e+05 9.1993773297132432e+16 1.7253553023755118e+27
7.6765596765250801e-13 8.0450351992574928e+05 2.7556269526042847e+05 9.2594223117096192e+16 1.7536871611351270e+27
7.5012421553758558e-13 8.0615521077387221e+05 2.7610710365954298e+05 9.3199980873924320e+16 1.7829740806992088e+27
7.3299285415128468e-13 8.0782731879585842e+05 2.7665170498309599e+05 9.3811106474816080e+16 1.8133519347829327e+27
7.1625273935704306e-13 8.0951991301870160e+05 2.7719647810883052e+05 9.4427661589122416e+16 1.8446435126606795e+27
6.9989493585237990e-13 8.1123318331869412e+05 2.7774142811507708e+05 9.5049743552899568e+16 1.8771495273862215e+27
6.8391071239955609e-13 8.1296749176905991e+05 2.7828661042027373e+05 9.5677511719618976e+16 1.9108949081667446e+27
6.6829153716511489e-13 8.1472345270804490e+05 2.7883217142043024e+05 9.6311230508897744e+16 1.9457847060409157e+27
6.5302907316589952e-13 8.1650140512718947e+05 2.7937822378389270e+05 9.6951111976134464e+16 1.9819049133008533e+27
6.3811517381904706e-13 8.1830155376235372e+05 2.7992484998065827e+05 9.7597332899960480e+16 2.0193309642150277e+27
6.2354187859361313e-13 8.2012413159624708e+05 2.8047214998498210e+05 9.8250091120913536e+16 2.0581225602613307e+27
6.0930140876152718e-13 8.2196967293262074e+05 2.8102030908574437e+05 9.8909693168295136e+16 2.0982734653487104e+27
5.9538616324556484e-13 8.2383874328679428e+05 2.8156955827299261e+05 9.9576493073756320e+16 2.1399478594587855e+27
5.8178871456214496e-13 8.2573178964639048e+05 2.8212011855284800e+05 1.0025082970850942e+17 2.1831548294265612e+27
5.6850180485680912e-13 8.2764959304790304e+05 2.8267232782079233e+05 1.0093318503737290e+17 2.2279850757164944e+27
5.5551834203020698e-13 8.2959287137336738e+05 2.8322656789256184e+05 1.0162407923748686e+17 2.2744133736159376e+27
5.4283139595259256e-13 8.3156211482716596e+05 2.8378319801557245e+05 1.0232399634042656e+17 2.3225018836203684e+27
5.3043419476474946e-13 8.3355825100132741e+05 2.8434273235586483e+05 1.0303361191707899e+17 2.3724669178657461e+27
5.1832012126339740e-13 8.3558219274424179e+05 2.8490576566600672e+05 1.0375368024237211e+17 2.4242253469137736e+27
5.0648270936916735e-13 8.3763465376124706e+05 2.8547290825489833e+05 1.0448495767821435e+17 2.4778958322028859e+27
4.9491564067522283e-13 8.3971690047285659e+05 2.8604498978029541e+05 1.0522846906191130e+17 2.5337461680089921e+27
4.8361274107470329e-13 8.4183033136141929e+05 2.8662301192413887e+05 1.0598542061256085e+17 2.5913801034372367e+27
4.7256797746521049e-13 8.4397634120340762e+05 2.8720814466524147e+05 1.0675718345897275e+17 2.6514750299411014e+27
4.6177545452852868e-13 8.4615622835751658e+05 2.8780175186494685e+05 1.0754530590094470e+17 2.7134853048470016e+27
4.5122941158391827e-13 8.4837152640281862e+05 2.8840548242501123e+05 1.0835163824802058e+17 2.7782019019243739e+27
4.4092421951325472e-13 8.5062477238648001e+05 2.8902162125953462e+05 1.0917874311949539e+17 2.8452575778028448e+27
4.3085437775639206e-13 8.5291887836566416e+05 2.8965318251354474e+05 1.1002990854146270e+17 2.9146228798351066e+27
4.2101451137516242e-13 8.5525751612939965e+05 2.9030443425284111e+05 1.1090966842985934e+17 2.9865168959108166e+27
4.1139936818441155e-13 8.5764535380293941e+05 2.9098206367240316e+05 1.1182487112602590e+17 3.0609396945784105e+27
4.0200381594855675e-13 8.6005780393535749e+05 2.9169130117317353e+05 1.1277709583741949e+17 3.1364497641743928e+27
3.9282283964218600e-13 8.6223556123047578e+05 2.9236473983669706e+05 1.1367111641130602e+17 3.2042042341136225e+27
3.8385153877319545e-13 8.6419651974453859e+05 2.9298124438892992e+05 1.1448970478290512e+17 3.2655828051502686e+27
3.7508512476708503e-13 8.6615755907524412e+05 2.9358990691560693e+05 1.1530603997322109e+17 3.3287505941989009e+27
3.6651891841097572e-13 8.6812796165830223e+05 2.9419320628886373e+05 1.1612361325720158e+17 3.3936281579460708e+27
3.5814834735600098e-13 8.7010722524709057e+05 2.9479084116953745e+05 1.1694209490662675e+17 3.4605263674145023e+27
3.4996894367675177e-13 8.7209509247784573e+05 2.9538257551754598e+05 1.1776124406523010e+17 3.5294356174899287e+27
3.4197634148644563e-13 8.7409133143169305e+05 2.9596818190105818e+05 1.1858082878208525e+17 3.6006029355486485e+27
3.3416627460656126e-13 8.7609552229845105e+05 2.9654738604162849e+05 1.1940054402905075e+17 3.6735263716944770e+27
3.2653457428970620e-13 8.7810734403119632e+05 2.9711993879216304e+05 1.2022011818825045e+17 3.7488402515155710e+27
3.1907716699447724e-13 8.8012624815405556e+05 2.9768551651875005e+05 1.2103917421273768e+17 3.8263731439308701e+27
3.1179007221113923e-13 8.8215212110682356e+05 2.9824387939178350e+05 1.2185747342801262e+17 3.9063765047697901e+27
3.0466940033697372e-13 8.8418495100767387e+05 2.9879483879499591e+05 1.2267483782666677e+17 3.9885958492462725e+27
2.9771135060013152e-13 8.8622439901152125e+05 2.9933815178273880e+05 1.2349098683559562e+17 4.0732695075046149e+27
2.9091220903091890e-13 8.8827014910947869e+05 2.9987357817247661e+05 1.2430564336474766e+17 4.1605750992986935e+27
2.8426834647940371e-13 8.9032151604325592e+05 3.0040080999112152e+05 1.2511840522673413e+17 4.2506027343278997e+27
2.7777621667829500e-13 8.9237802244124713e+05 3.0091953883581824e+05 1.2592889844086168e+17 4.3432291402105696e+27
2.7143235435007391e-13 8.9443934175955574e+05 3.0142948304022022e+05 1.2673679442670472e+17 4.4386003986192784e+27
2.6523337335734285e-13 8.9650524668595032e+05 3.0193038249076222e+05 1.2754179764383210e+17 4.5368946664158343e+27
2.5917596489541772e-13 8.9857558179191954e+05 3.0242199642184895e+05 1.2834364077306939e+17 4.6378664540875506e+27
2.5325689572620839e-13 9.0065017009592534e+05 3.0290411841794674e+05 1.2914208260335944e+17 4.7420236613291796e+27
2.4747300645241784e-13 9.0272807404490095e+05 3.0337640150967240e+05 1.2993661884120150e+17 4.8500761714363937e+27
2.4182120983117104e-13 9.0480885431309033e+05 3.0383852594709146e+05 1.3072685142939965e+17 4.9600330542784805e+27
2.3629848912614671e-13 9.0689236377143813e+05 3.0429022779856273e+05 1.3151248059426166e+17 5.0738908075697381e+27
2.3090189649734352e-13 9.0897842641103384e+05 3.0473126776148414e+05 1.3229322414173378e+17 5.1906953655411314e+27
2.2562855142762949e-13 9.1106640467685217e+05 3.0516134161244938e+05 1.3306865470668885e+17 5.3116962886572562e+27
2.2047563918521709e-13 9.1315594511581305e+05 3.0558015319319471e+05 1.3383839958573365e+17 5.4359256289868989e+27
2.1544040932125280e-13 9.1524678761706571e+05 3.0598743545903085e+05 1.3460212823622819e+17 5.5640076930954327e+27
2.1052017420172673e-13 9.1733874738948070e+05 3.0638295531067689e+05 1.3535955422690875e+17 5.6957815725724504e+27
2.0571230757290243e-13 9.1943105918258871e+05 3.0676642496584915e+05 1.3611023003402934e+17 5.8315412087161123e+27
2.0101424315950971e-13 9.2152315814627183e+05 3.0713752911972353e+05 1.3685371571048378e+17 5.9711668811284976e+27
1.9642347329496030e-13 9.2361452353253751e+05 3.0749596544231387e+05 1.3758958791230619e+17 6.1150907052147561e+27
1.9193754758283432e-13 9.2570458921465441e+05 3.0784137908473454e+05 1.3831736255368595e+17 6.2632355294737230e+27
1.8755407158894795e-13 9.2779318905515340e+05 3.0817344957447099e+05 1.3903666239434072e+17 6.4155494247771628e+27
1.8327070556328355e-13 9.2988033020509768e+05 3.0849191254412691e+05 1.3974719619746643e+17 6.5723162051717355e+27
1.7908516319110873e-13 9.3196569747095450e+05 3.0879653781172622e+05 1.4044864522000488e+17 6.7341277676985701e+27
1.7499521037262478e-13 9.3404845972635574e+05 3.0908702329829452e+05 1.4114051407821002e+17 6.9007655476952300e+27
1.7099866403047436e-13 9.3612830674180901e+05 3.0936309449983930e+05 1.4182243730510122e+17 7.0724664652199936e+27
1.6709339094449448e-13 9.3820445280456333e+05 3.0962444394504710e+05 1.4249391995376842e+17 7.2482177431709389e+27
1.6327730661307397e-13 9.4027646067874623e+05 3.0987073351181753e+05 1.4315450586487430e+17 7.4296695926210972e+27
1.5954837414051565e-13 9.4234408761138807e+05 3.1010164212128113e+05 1.4380379451495362e+17 7.6164079415413980e+27
1.5590460314981504e-13 9.4440712819439138e+05 3.1031687575179804e+05 1.4444141954607094e+17 7.8081687975241264e+27
1.5234404872026269e-13 9.4646525273933006e+05 3.1051619062168041e+05 1.4506703657975251e+17 8.0060173832490851e+27
1.4886481034931015e-13 9.4851779509062495e+05 3.1069930512916035e+05 1.4568019336152736e+17 8.2098595943288796e+27
1.4546503093815020e-13 9.5056449219631683e+05 3.1086597439294041e+05 1.4628055813539920e+17 8.4193772743241256e+27
1.4214289580045901e-13 9.5260436916171736e+05 3.1101594312526414e+05 1.4686763432420438e+17 8.6346640306586133e+27
1.3889663169377659e-13 9.5463688332634396e+05 3.1114886060527223e+05 1.4744092613908570e+17 8.8565733675056732e+27
1.3572450587301461e-13 9.5666185050962877e+05 3.1126436732044502e+05 1.4800000875614755e+17 9.0845400554336121e+27
1.3262482516557153e-13 9.5867926891464833e+05 3.1136218312958063e+05 1.4854457591082070e+17 9.3190066372503666e+27
1.2959593506757878e-13 9.6068888477934443e+05 3.1144214702103043e+05 1.4907438130572624e+17 9.5606088212771275e+27
1.2663621886078123e-13 9.6268921516086708e+05 3.1150411344825279e+05 1.4958891437591206e+17 9.8090603932930998e+27
1.2374409674958667e-13 9.6467960863251553e+05 3.1154771654618852e+05 1.5008764030671078e+17 1.0064070976411960e+28
1.2091802501782780e-13 9.6665979754066281e+05 3.1157255907407275e+05 1.5057008309572890e+17 1.0326498156290703e+28
1.1815649520477777e-13 9.6862964732967131e+05 3.1157829330277798e+05 1.5103584790565261e+17 1.0596064534279129e+28
1.1545803329998362e-13 9.7058889553531131e+05 3.1156464320329146e+05 1.5148458166474298e+17 1.0873487210487515e+28
1.1282119895649331e-13 9.7253691448024695e+05 3.1153140097371984e+05 1.5191591218769514e+17 1.1158523967383779e+28
1.1024458472204377e-13 9.7447333816426515e+05 3.1147829497701966e+05 1.5232946993222099e+17 1.1451525209281195e+28
1.0772681528781416e-13 9.7639772908331337e+05 3.1140516257841582e+05 1.5272497434774550e+17 1.1752793918837972e+28
1.0526654675433147e-13 9.7830900435543933e+05 3.1131183026803931e+05 1.5310197900527584e+17 1.2062543010721750e+28
1.0286246591414157e-13 9.8020673602601385e+05 3.1119795616990968e+05 1.5346003726741798e+17 1.2380548640810573e+28
1.0051328955086642e-13 9.8209058226092416e+05 3.1106319408364990e+05 1.5379872320261066e+17 1.2707120825545058e+28
9.8217763754265583e-14 9.8396026971246733e+05 3.1090724037802365e+05 1.5411767244342400e+17 1.3043081839395242e+28
9.5974663250940560e-14 9.8581557055250928e+05 3.1072988076904597e+05 1.5441662062867488e+17 1.3387837179184661e+28
9.3782790750328011e-14 9.8765546974487335e+05 3.1053109936584457e+05 1.5469529470472794e+17 1.3741960194740080e+28
9.1640976305625656e-14 9.8947925599973276e+05 3.1031062013172905e+05 1.5495325410626768e+17 1.4105013644939764e+28
8.9548076689313450e-14 9.9128651806106966e+05 3.1006809913548833e+05 1.5519007410326237e+17 1.4478227559840500e+28
8.7502974782940347e-14 9.9307687770554505e+05 3.0980320952855388e+05 1.5540535958052243e+17 1.4861608321074710e+28
8.5504578980841602e-14 9.9485001086602674e+05 3.0951565154058317e+05 1.5559875997514646e+17 1.5255399008108914e+28
8.3551822607479450e-14 9.9660557305594604e+05 3.0920522176218202e+05 1.5577001558499050e+17 1.5658254779518627e+28
8.1643663348086941e-14 9.9834286949687393e+05 3.0887180410366924e+05 1.5591885931620400e+17 1.6072287192865384e+28
7.9779082692314898e-14 1.0000615508676436e+06 3.0851513587549509e+05 1.5604498380191632e+17 1.6496713592972857e+28
7.7957085390588123e-14 1.0017612680197924e+06 3.0813506905840506e+05 1.5614819344026528e+17 1.6932990105620164e+28
7.6176698922872544e-14 1.0034413085100690e+06 3.0773155280331394e+05 1.5622828941975354e+17 1.7379664996138138e+28
7.4436972979579387e-14 1.0051013543442271e+06 3.0730435635770712e+05 1.5628501756042205e+17 1.7837619386040632e+28
7.2736978954321352e-14 1.0067410182125699e+06 3.0685346719905996e+05 1.5631831112644621e+17 1.8307080393988546e+28
7.1075809448253324e-14 1.0083591823684894e+06 3.0637904210058734e+05 1.5632806085948147e+17 1.8788039918138139e+28
6.9452577785735583e-14 1.0099552835666818e+06 3.0588078683785006e+05 1.5631390010830294e+17 1.9280784597345302e+28
6.7866417541055714e-14 1.0115288439018007e+06 3.0535840114408790e+05 1.5627548566638931e+17 1.9786091607837822e+28
6.6316482075959181e-14 1.0130793770842121e+06 3.0481160226263665e+05 1.5621249537799683e+17 2.0302802374082756e+28
6.4801944087744509e-14 1.0146064529038803e+06 3.0424010727933480e+05 1.5612462976829094e+17 2.0831483138864171e+28
6.3321995167676364e-14 1.0161096708262116e+06 3.0364365017492784e+05 1.5601162172384314e+17 2.1373811440152346e+28
6.1875845369483762e-14 1.0175886611826011e+06 3.0302201187074819e+05 1.5587326253126214e+17 2.1929130996940359e+28
6.0462722787715319e-14 1.0190431479066877e+06 3.0237499205004546e+05 1.5570939530173990e+17 2.2496204007917865e+28
5.9081873145721601e-14 1.0204729951454632e+06 3.0170250465365540e+05 1.5552001429037002e+17 2.3077171723572743e+28
5.7732559393047217e-14 1.0218774476455260e+06 3.0100505753903888e+05 1.5530546745296704e+17 2.3671645826209435e+28
5.6414061312020209e-14 1.0232558203447133e+06 3.0028268133988301e+05 1.5506570093546874e+17 2.4279460780416254e+28
5.5125675133322412e-14 1.0246077605908590e+06 2.9953518793006765e+05 1.5480056889846150e+17 2.4901171083989335e+28
5.3866713160343085e-14 1.0259327881009259e+06 2.9876268400432676e+05 1.5451015475010358e+17 2.5535807933649770e+28
5.2636503402109189e-14 1.0272301666042606e+06 2.9796525939791655e+05 1.5419445580822528e+17 2.6184150983523936e+28
5.1434389214598862e-14 1.0284994184790436e+06 2.9714269530067657e+05 1.5385328149399341e+17 2.6845965079606989e+28
5.0259728950248755e-14 1.0297401005193287e+06 2.9629480432837299e+05 1.5348648760390838e+17 2.7522393956649747e+28
4.9111895615462751e-14 1.0309517600808886e+06 2.9542145402921422e+05 1.5309398305501776e+17 2.8212549393546780e+28
4.7990276535945624e-14 1.0321340169422140e+06 2.9452248576180619e+05 1.5267568438733798e+17 2.8915517926838832e+28
4.6894273029677714e-14 1.0332865974117093e+06 2.9359778718925500e+05 1.5223158835158387e+17 2.9635839899724151e+28
4.5823300087358381e-14 1.0344090763141455e+06 2.9264766972985433e+05 1.5176201328210160e+17 3.0368723840545771e+28
4.4776786060149089e-14 1.0355008758443736e+06 2.9167228825091425e+05 1.5126710292618339e+17 3.1114326994758359e+28
4.3754172354546191e-14 1.0365616424258581e+06 2.9067152420511277e+05 1.5074684204538771e+17 3.1878534154647871e+28
4.2754913134222209e-14 1.0375911028057284e+06 2.8964540188645845e+05 1.5020136864647267e+17 3.2654750450898648e+28
4.1778475028678120e-14 1.0385887103339954e+06 2.8859435987937351e+05 1.4963108751130906e+17 3.3445604731608300e+28
4.0824336848547811e-14 1.0395540023811120e+06 2.8751837673819240e+05 1.4903604950298304e+17 3.4251622040999531e+28
3.9891989307404462e-14 1.0404866232043502e+06 2.8641737215831870e+05 1.4841629743710291e+17 3.5071641086397510e+28
3.8980934749921996e-14 1.0413862543348104e+06 2.8529149484043883e+05 1.4777208044814189e+17 3.5899922729650595e+28
3.8090686886242321e-14 1.0422523919933294e+06 2.8414104746824247e+05 1.4710372028209654e+17 3.6752263583657583e+28
3.7220770532411519e-14 1.0430846465187264e+06 2.8296597614595527e+05 1.4641128910758323e+17 3.7613744129065327e+28
3.6370721356742348e-14 1.0438827155687287e+06 2.8176625541290193e+05 1.4569491702270573e+17 3.8491321191518246e+28
3.5540085631969392e-14 1.0446462986229304e+06 2.8054223837295140e+05 1.4495504271288278e+17 3.9381631541219798e+28
3.4728419993065977e-14 1.0453749437900167e+06 2.7929421092087077e+05 1.4419200726569293e+17 4.0286679881435693e+28
3.3935291200589816e-14 1.0460683040795743e+06 2.7802215798537299e+05 1.4340595011931984e+17 4.1204324952190179e+28
3.3160275909435640e-14 1.0467261334716313e+06 2.7672611881121440e+05 1.4259709202360304e+17 4.2136854484076176e+28
3.2402960442867525e-14 1.0473481725375229e+06 2.7540666776439850e+05 1.4176607034693411e+17 4.3081138019584345e+28
3.1662940571711986e-14 1.0479340026431566e+06 2.7406413004575868e+05 1.4091327822944950e+17 4.4041892495393054e+28
3.0939821298595029e-14 1.0484832702208387e+06 2.7269852810505830e+05 1.4003890026022944e+17 4.5011707167650672e+28
3.0233216647105607e-14 1.0489957015456308e+06 2.7130992447686993e+05 1.3914318323916523e+17 4.5995667337433578e+28
2.9542749455774224e-14 1.0494710675220839e+06 2.6989877653283154e+05 1.3822669003297077e+17 4.6991873534900446e+28
2.8868051176757726e-14 1.0499090246440233e+06 2.6846537943875586e+05 1.3728982691329518e+17 4.8001282760131306e+28
2.8208761679120653e-14 1.0503092886705711e+06 2.6700981170278095e+05 1.3633285888887397e+17 4.9021484982270935e+28
2.7564529056609296e-14 1.0506716694701707e+06 2.6553219449788937e+05 1.3535611884600302e+17 5.0052642376256690e+28
2.6935009439816838e-14 1.0509961316772173e+06 2.6403325706570304e+05 1.3436043284027771e+17 5.1096452515570178e+28
2.6319866812637211e-14 1.0512823884583646e+06 2.6251368857385829e+05 1.3334651474875230e+17 5.2151261787015207e+28
2.5718772832910860e-14 1.0515301111925773e+06 2.6097359750879370e+05 1.3231464204422165e+17 5.3214756527885640e+28
2.5131406657167638e-14 1.0517390233105114e+06 2.5941311376071867e+05 1.3126512881374392e+17 5.4288869129019464e+28
2.4557454769370657e-14 1.0519089594160265e+06 2.5783255191408723e+05 1.3019845767322576e+17 5.5373491003097591e+28
2.3996610813572847e-14 1.0520397226536041e+06 2.5623247256733465e+05 1.2911527454891902e+17 5.6464731245763455e+28
2.3448575430394285e-14 1.0521310409049403e+06 2.5461305109647897e+05 1.2801593068790582e+17 5.7564736460774095e+28
2.2913056097234067e-14 1.0521826997684557e+06 2.5297446217514199e+05 1.2690079798462198e+17 5.8674130120410573e+28
2.2389766972132404e-14 1.0521946155063410e+06 2.5131697932178644e+05 1.2577035842636928e+17 5.9790698344711760e+28
2.1878428741197178e-14 1.0521668590260895e+06 2.4964154910469009e+05 1.2462559575462678e+17 6.0913428736010110e+28
2.1378768469516348e-14 1.0520992377590896e+06 2.4794859146926846e+05 1.2346704777749234e+17 6.2041833259270144e+28
2.0890519455474319e-14 1.0519915503225175e+06 2.4623831765606796e+05 1.2229510868588982e+17 6.3169981764637762e+28
2.0413421088395478e-14 1.0518436789147311e+06 2.4451096905180681e+05 1.2111021947552162e+17 6.4316916269643206e+28
1.9947218709439593e-14 1.0516557611436094e+06 2.4276720408645447e+05 1.1991316945846549e+17 6.5460380726224435e+28
1.9491663475673367e-14 1.0514278976322236e+06 2.4100808443391891e+05 1.1870498807226803e+17 6.6607310928675892e+28
1.9046512227246311e-14 1.0511598778627191e+06 2.3923388011534317e+05 1.1748608833276462e+17 6.7756973842427524e+28
1.8611527357600804e-14 1.0508515242220769e+06 2.3744484424219243e+05 1.1625688235220630e+17 6.8904573102219517e+28
1.8186476686645556e-14 1.0505027338582894e+06 2.3564125812996499e+05 1.1501782249522858e+17 7.0064255201233432e+28
1.7771133336825583e-14 1.0501136206515664e+06 2.3382382456248353e+05 1.1376968506644501e+17 7.1218949181663253e+28
1.7365275612023216e-14 1.0496841569522324e+06 2.3199312925506762e+05 1.1251312250917128e+17 7.2374254171098542e+28
1.6968686879223694e-14 1.0492142120502077e+06 2.3014945554488420e+05 1.1124856508516413e+17 7.3526320741109372e+28
1.6581155452884349e-14 1.0487037144604686e+06 2.2829310384101039e+05 1.0997646935808531e+17 7.4678303050476639e+28
1.6202474481943860e-14 1.0481527220521912e+06 2.2642443894820122e+05 1.0869736571214605e+17 7.5827596293450261e+28
1.5832441839412017e-14 1.0475617413395983e+06 2.2454468493197838e+05 1.0741241506784869e+17 7.6971750672168642e+28
1.5470860014481690e-14 1.0469308500245229e+06 2.2265455715077044e+05 1.0612233408994853e+17 7.8114399379107946e+28
1.5117536007103770e-14 1.0462599457161730e+06 2.2075437081526380e+05 1.0482754443221120e+17 7.9251060247333564e+28
1.4772281224970779e-14 1.0455489617093859e+06 2.1884444897102207e+05 1.0352848014725261e+17 8.0380731836438122e+28
1.4434911382852522e-14 1.0447979136698310e+06 2.1692514470089547e+05 1.0222561157384979e+17 8.1505251645517483e+28
1.4105246404230745e-14 1.0440071289838278e+06 2.1499730122498833e+05 1.0091976583606595e+17 8.2622323267389532e+28
1.3783110325180794e-14 1.0431767077028372e+06 2.1306151971254603e+05 9.9611556069732288e+16 8.3730217951844210e+28
1.3468331200447878e-14 1.0423066141245397e+06 2.1111813630067639e+05 9.8301402694313648e+16 8.4838828405550253e+28
1.3160741011668400e-14 1.0413968653892356e+06 2.0916749773532440e+05 9.6989741537345104e+16 8.5916982690548248e+28
1.2860175577687812e-14 1.0404475520506147e+06 2.0720996646576739e+05 9.5677032297948352e+16 8.6988050790158197e+28
1.2566474466926146e-14 1.0394592199218012e+06 2.0524646571535771e+05 9.4364147448514688e+16 8.8055866453251639e+28
1.2279480911744954e-14 1.0384323235085021e+06 2.0327800432875840e+05 9.3051959219504096e+16 8.9107543791523570e+28
1.1999041724770400e-14 1.0373668732411740e+06 2.0130493557874140e+05 9.1740859908015936e+16 9.0144037311738664e+28
1.1725007217126900e-14 1.0362629089367449e+06 1.9932761380416795e+05 9.0431244843998496e+16 9.1170131539474492e+28
1.1457231118538169e-14 1.0351205190916844e+06 1.9734639980427304e+05 8.9123519320770656e+16 9.2177102745502341e+28
1.1195570499253468e-14 1.0339399795476252e+06 1.9536179909069178e+05 8.7818203081066144e+16 9.3168983565404691e+28
1.0939885693756198e-14 1.0327219397443881e+06 1.9337486080684690e+05 8.6516169230642176e+16 9.4132507877858379e+28
1.0690040226215535e-14 1.0314665457759687e+06 1.9138604238088697e+05 8.5217848580555776e+16 9.5098361164636608e+28
1.0445900737640148e-14 1.0301739273926973e+06 1.8939573248013051e+05 8.3923625429378912e+16 9.6035683576423586e+28
1.0207336914695582e-14 1.0288442748141624e+06 1.8740436627733792e+05 8.2633913682734448e+16 9.6954277340667533e+28
9.9742214201477500e-15 1.0274777701251421e+06 1.8541231160216071e+05 8.1349084371995280e+16 9.7848855364843245e+28
9.7464298248943204e-15 1.0260749840319139e+06 1.8342030790181577e+05 8.0069768455922496e+16 9.8728757533316948e+28
9.5238405415489943e-15 1.0246365292107710e+06 1.8142924546833461e+05 7.8796658248174720e+16 9.9579234261390563e+28
9.3063347595421789e-15 1.0231625787044251e+06 1.7943948452075929e+05 7.7530076690880000e+16 1.0041564456132582e+29
9.0937963817038467e-15 1.0216535620926296e+06 1.7745162601486058e+05 7.6270508206602832e+16 1.0122279752687712e+29
8.8861119622950472e-15 1.0201098590368734e+06 1.7546625988575243e+05 7.5018405922024240e+16 1.0200452420238229e+29
8.6831706464543330e-15 1.0185316488811261e+06 1.7348372975949448e+05 7.3774053859894960e+16 1.0276606382801361e+29
8.4848641110271021e-15 1.0169192049717843e+06 1.7150445189853554e+05 7.2537782088048736e+16 1.0350089374455919e+29
8.2910865067466053e-15 1.0152728088153315e+06 1.6952882948002903e+05 7.1309906647002608e+16 1.0420761448362018e+29
8.1017344017351153e-15 1.0135927266319926e+06 1.6755719997776224e+05 7.0090703036409960e+16 1.0488505086030190e+29
7.9167067262954120e-15 1.0118797312982676e+06 1.6559034897598933e+05 6.8880737530491056e+16 1.0554521218069315e+29
7.7359047189634282e-15 1.0101344507634520e+06 1.6362900080364165e+05 6.7680498409982344e+16 1.0617461535981598e+29
7.5592318737926421e-15 1.0083571116722263e+06 1.6167347057737102e+05 6.6490200736196824e+16 1.0677323383135982e+29
7.3865938888424051e-15 1.0065480270650161e+06 1.5972412369614231e+05 6.5310090807920208e+16 1.0734503554285182e+29
7.2178986158429975e-15 1.0047075314904883e+06 1.5778133148423675e+05 6.4140413051868848e+16 1.0788652291251950e+29
7.0530560110097832e-15 1.0028359355437076e+06 1.5584539911385861e+05 6.2981371106450072e+16 1.0839842762081664e+29
6.8919780869811397e-15 1.0009339675194735e+06 1.5391693918695246e+05 6.1833365722194664e+16 1.0887854516146245e+29
6.7345788658535760e-15 9.9900261139803100e+05 1.5199686137733492e+05 6.0696946413934176e+16 1.0933818613077585e+29
6.5807743332898606e-15 9.9704214422876679e+05 1.5008546323767758e+05 5.9572263407022424e+16 1.0976204951539702e+29
6.4304823936749431e-15 9.9505283955481148e+05 1.4818301930003928e+05 5.8459450361317080e+16 1.1015308319334033e+29
6.2836228262960381e-15 9.9303498880385212e+05 1.4628980018488763e+05 5.7358636245412944e+16 1.1051468329157281e+29
6.1401172425237023e-15 9.9098890003708459e+05 1.4440606660495492e+05 5.6269942803690120e+16 1.1084842359515509e+29
5.9998890439705759e-15 9.8891496058985358e+05 1.4253210329542606e+05 5.5193508415696992e+16 1.1115190264785482e+29
5.8628633816057044e-15 9.8681401233814261e+05 1.4066854770925859e+05 5.4129674304759752e+16 1.1142154456356256e+29
5.7289671158028247e-15 9.8468652071987197e+05 1.3881576243375457e+05 5.3078597266266440e+16 1.1165791091769132e+29
5.5981287773008504e-15 9.8253281789607112e+05 1.3697397905983639e+05 5.2040354256141048e+16 1.1186449777619336e+29
5.4702785290559493e-15 9.8035344391945365e+05 1.3514356443822238e+05 5.1015099819086768e+16 1.1203833069208972e+29
5.3453481289650542e-15 9.7814893575382908e+05 1.3332489206736529e+05 5.0002979656401296e+16 1.1218912532778693e+29
5.2232708934404756e-15 9.7591963108801120e+05 1.3151816777049215e+05 4.9004037082196600e+16 1.1235185741376213e+29
5.1039816618164203e-15 9.7366589277155441e+05 1.2972361537343610e+05 4.8018325220655688e+16 1.1237942241810866e+29
4.9874167615685985e-15 9.7138825947929081e+05 1.2794154210643080e+05 4.7045939949286416e+16 1.1243525054072108e+29
4.8735139743278304e-15 9.6908710096550535e+05 1.2617214529317290e+05 4.6086909947439800e+16 1.1245344653126828e+29
4.7622125026701672e-15 9.6676279998374684e+05 1.2441560130402897e+05 4.5141252616958208e+16 1.1244686977328257e+29
4.6534529376651431e-15 9.6441614240720589e+05 1.2267233239648888e+05 4.4209121698883576e+16 1.1240489228706551e+29
4.5471772271654456e-15 9.6204777031835646e+05 1.2094268509687948e+05 4.3290612287490904e+16 1.1233769610097280e+29
4.4433286448206034e-15 9.5965805857923580e+05 1.1922680962692644e+05 4.2385707388891064e+16 1.1221772542084184e+29
4.3418517597983386e-15 9.5724748970631743e+05 1.1752489765107025e+05 4.1494414216594640e+16 1.1210590263136414e+29
4.2426924071975897e-15 9.5481689560476190e+05 1.1583736591031107e+05 4.0616854390440328e+16 1.1194851749307128e+29
4.1457976591370770e-15 9.5236672123756702e+05 1.1416438652028055e+05 3.9753007127194584e+16 1.1176015377918903e+29
4.0511157965041552e-15 9.4989735088558565e+05 1.1250607704295249e+05 3.8902821735236480e+16 1.1154024277317041e+29
3.9585962813490184e-15 9.4740934378437418e+05 1.1086264174001422e+05 3.8066293917233648e+16 1.1130509767350649e+29
3.8681897299092095e-15 9.4490333972606680e+05 1.0923433803198277e+05 3.7243439450029600e+16 1.1103420963423595e+29
3.7798478862502085e-15 9.4237972473075113e+05 1.0762126170399442e+05 3.6434185724951000e+16 1.1073363133226165e+29
3.6935235965081540e-15 9.3983890605110512e+05 1.0602350243118982e+05 3.5638458039178396e+16 1.1040616055254936e+29
3.6091707837206704e-15 9.3728163056620827e+05 1.0444133350870991e+05 3.4856274672109428e+16 1.1005780547874035e+29
3.5267444232325131e-15 9.3470848130664963e+05 1.0287493986323640e+05 3.4087599354981320e+16 1.0967509943780002e+29
3.4462005186630304e-15 9.3211982435255323e+05 1.0132438184506862e+05 3.3332329424753788e+16 1.0928039656102147e+29
3.3674960784223519e-15 9.2951606045323669e+05 9.9789722712903633e+04 3.2590364753731716e+16 1.0885110883685107e+29
3.2905890927639030e-15 9.2689774024863273e+05 9.8271102588436101e+04 3.1861641915683788e+16 1.0840419098607557e+29
3.2154385113611301e-15 9.2426527919548342e+05 9.6768588101204732e+04 3.1146057296156956e+16 1.0793021752857723e+29
3.1420042213961282e-15 9.2161903904857871e+05 9.5282211713221666e+04 3.0443489806327300e+16 1.0743703427310560e+29
3.0702470261488918e-15 9.1895935009249405e+05 9.3811986517462472e+04 2.9753808372139684e+16 1.0691527860754032e+29
3.0001286240753394e-15 9.1628640076243039e+05 9.2357844197060665e+04 2.9076844333177716e+16 1.0637833956678153e+29
2.9316115883633456e-15 9.1360052941371931e+05 9.0919780483923969e+04 2.8412463230365624e+16 1.0581450336456953e+29
2.8646593469555428e-15 9.1090211254127347e+05 8.9497801606594658e+04 2.7760536718237608e+16 1.0523399362863127e+29
2.7992361630283719e-15 9.0819157492903329e+05 8.8091925773650626e+04 2.7120943618573820e+16 1.0463455671386195e+29
2.7353071159170559e-15 9.0546953491130262e+05 8.6702260072251287e+04 2.6493603206624460e+16 1.0401262028962389e+29
2.6728380824761013e-15 9.0273640292183869e+05 8.5328811083399705e+04 2.5878385385706908e+16 1.0336794177134597e+29
2.6117957188654957e-15 8.9999255607789278e+05 8.3971560141140348e+04 2.5275149618786844e+16 1.0270844560750757e+29
2.5521474427529691e-15 8.9723845560502750e+05 8.2630513156769593e+04 2.4683769084834700e+16 1.0203843495369535e+29
2.4938614159226217e-15 8.9447497354095895e+05 8.1305861884783677e+04 2.4104198705760900e+16 1.0134190294338596e+29
2.4369065272807395e-15 8.9170255552629358e+05 7.9997614637636216e+04 2.3536304466694304e+16 1.0063172009544434e+29
2.3812523762498158e-15 8.8892154033307440e+05 7.8705729500270390e+04 2.2979929932136372e+16 9.9907386405046861e+28
2.3268692565417277e-15 8.8613221780201420e+05 7.7430146615286416e+04 2.2434910504853800e+16 9.9172117023341098e+28
2.2737281403015041e-15 8.8333445089691970e+05 7.6170620748147790e+04 2.1901003136888352e+16 9.8417111542559749e+28
2.2218006626133126e-15 8.8052843535044556e+05 7.4927030955991169e+04 2.1378027189046996e+16 9.7647669573904852e+28
2.1710591063601611e-15 8.7771452335346688e+05 7.3699316787579097e+04 2.0865830775965380e+16 9.6871344381873366e+28
2.1214763874295099e-15 8.7489307841744157e+05 7.2487414488152688e+04 2.0364262863671624e+16 9.6052804723089678e+28
2.0730260402566669e-15 8.7206479086872819e+05 7.1291383254264321e+04 1.9873226007366872e+16 9.5275848224247145e+28
2.0256822036983470e-15 8.6923021988239442e+05 7.0111237410924616e+04 1.9392599846718284e+16 9.4455562167237024e+28
1.9794196072289361e-15 8.6638969640800741e+05 6.8946898593739956e+04 1.8922225248442212e+16 9.3630211950136744e+28
1.9342135574518784e-15 8.6354354591712425e+05 6.7798284435454436e+04 1.8461942929602532e+16 9.2793767991295154e+28
1.8900399249192402e-15 8.6069210148457112e+05 6.6665312027143373e+04 1.8011595038945390e+16 9.1949719240577101e+28
1.8468751312522100e-15 8.5783569896479766e+05 6.5547898295746811e+04 1.7571025056822624e+16 9.1095018473283679e+28
1.8046961365557400e-15 8.5497464842193725e+05 6.4445950135033207e+04 1.7140073664087760e+16 9.0226189044893365e+28
1.7634804271206827e-15 8.5210925662903965e+05 6.3359371767249278e+04 1.6718582068827630e+16 8.9368882159938306e+28
1.7232060034067163e-15 8.4923979271459696e+05 6.2288055939829406e+04 1.6306388007618424e+16 8.8489656349254853e+28
1.6838513682997199e-15 8.4636629445971677e+05 6.1231812425517237e+04 1.5903299073039436e+16 8.7609799051163194e+28
1.6453955156373893e-15 8.4348899385908933e+05 6.0190512947261785e+04 1.5509151486572144e+16 8.6718595274393407e+28
1.6078179189968424e-15 8.4060818856694095e+05 5.9164050571312247e+04 1.5123791865173290e+16 8.5826789650956872e+28
1.5710985207382948e-15 8.3772417457241053e+05 5.8152315850455750e+04 1.4747067796125374e+16 8.4924612791378496e+28
1.5352177212990160e-15 8.3483734333665995e+05 5.7155227636027739e+04 1.4378839612133766e+16 8.4019445304836790e+28
1.5001563687317299e-15 8.3194812356529001e+05 5.6172720585492090e+04 1.4018973652980640e+16 8.3114431143856929e+28
1.4658957484819409e-15 8.2905678410008154e+05 5.5204678990488836e+04 1.3667317999129832e+16 8.2202362928739932e+28
1.4324175733987857e-15 8.2616357764867018e+05 5.4250984711075223e+04 1.3323721073364032e+16 8.1286916265145403e+28
1.3997039739739272e-15 8.2326868220271415e+05 5.3311504771841748e+04 1.2988026133669048e+16 8.0372167093292215e+28
1.3677374888034679e-15 8.2037144451633620e+05 5.2385854604041138e+04 1.2659987697199564e+16 7.9453410314775487e+28
1.3365010552676013e-15 8.1747178800636716e+05 5.1473810778962245e+04 1.2339428495978932e+16 7.8530946069914343e+28
1.3059780004232072e-15 8.1456997634445236e+05 5.0575251075266802e+04 1.2026211044465922e+16 7.7609460958821098e+28
1.2761520321043861e-15 8.1166626234402705e+05 4.9690050503772996e+04 1.1720198548412672e+16 7.6689189228932244e+28
1.2470072302262402e-15 8.0876092410486483e+05 4.8818088552433532e+04 1.1421257935015848e+16 7.5762154553183442e+28
1.2185280382873081e-15 8.0585429042964359e+05 4.7959259404648743e+04 1.1129262725758176e+16 7.4839647817259438e+28
1.1906992550660171e-15 8.0294661857257923e+05 4.7113436974060904e+04 1.0844080822292580e+16 7.3916855259386180e+28
1.1635060265067758e-15 8.0003816052566830e+05 4.6280491757713375e+04 1.0565580963176322e+16 7.2993721447573087e+28
1.1369338377914151e-15 7.9712916875663958e+05 4.5460292593425213e+04 1.0293633438934422e+16 7.2077131088316098e+28
1.1109685055916584e-15 7.9422014012508094e+05 4.4652767972891692e+04 1.0028131201414536e+16 7.1149967347640941e+28
1.0855961704985305e-15 7.9131181355991785e+05 4.3857916989088095e+04 9.7689895734216600e+15 7.0231820773443018e+28
1.0608032896247057e-15 7.8840442755650682e+05 4.3075610463687095e+04 9.5160804653736220e+15 6.9318390836715934e+28
1.0365766293757621e-15 7.8549818779490003e+05 4.2305713943487259e+04 9.2692753867834620e+15 6.8405586454858572e+28
1.0129032583865274e-15 7.8259327850807563e+05 4.1548093208537728e+04 9.0284468955266980e+15 6.7502279227482486e+28
9.8977054061878349e-16 7.7968926203130838e+05 4.0802471514217134e+04 8.7934220320539930e+15 6.6587678257104057e+28
9.6716612861656596e-16 7.7678537795090408e+05 4.0068480963877606e+04 8.5640064728838680e+15 6.5686802705933451e+28
9.4507795691550233e-16 7.7388182436052128e+05 3.9345984500551887e+04 8.3400850776061040e+15 6.4782811270769543e+28
9.2349423560270548e-16 7.7097881918264762e+05 3.8634848388475664e+04 8.1215457383804220e+15 6.3889647716827016e+28
9.0240344402369017e-16 7.6807658849703858e+05 3.7934938388204762e+04 7.9082782988593850e+15 6.2998100771876454e+28
8.8179432463306952e-16 7.6517567223844246e+05 3.7246186795037866e+04 7.7001955311274890e+15 6.2109967204998852e+28
8.6165587698563285e-16 7.6227684179655451e+05 3.6568583834741265e+04 7.4972269411705400e+15 6.1228446097727671e+28
8.4197735186470735e-16 7.5938031176398823e+05 3.5901996491478487e+04 7.2992640319769480e+15 6.0353212720750039e+28
8.2274824554458266e-16 7.5648633361127600e+05 3.5246299505751842e+04 7.1062023620945090e+15 5.9479455294691202e+28
8.0395829418396960e-16 7.5359512468855875e+05 3.4601361715731888e+04 6.9179370714664350e+15 5.8615321792795169e+28
