8.0395829418396959e-13 8.0953395077207114e+05 2.7835367665877426e+05 9.5118032828868928e+16 1.7534868267441962e+27
7.8559746834753246e-13 8.1112539704379870e+05 2.7891082675334660e+05 9.5737334490744736e+16 1.7804810125270636e+27
7.6765596765250801e-13 8.1273574930386362e+05 2.7946808171650686e+05 9.6361756239533904e+16 1.8084114660724389e+27
7.5012421553758558e-13 8.1436526874253340e+05 2.8002545289147447e+05 9.6991398348617696e+16 1.8373297590734302e+27
7.3299285415128468e-13 8.1601394728417310e+05 2.8058288155742508e+05 9.7626276837911248e+16 1.8671553889809847e+27
7.1625273935704306e-13 8.1768177426826605e+05 2.8114031177809718e+05 9.8266410400749696e+16 1.8981825605919293e+27
6.9989493585237990e-13 8.1936883989176247e+05 2.8169770076765592e+05 9.8911840669153008e+16 1.9301980243939373e+27
6.8391071239955609e-13 8.2107541016416205e+05 2.8225506067984377e+05 9.9562675642406064e+16 1.9633045442106611e+27
6.6829153716511489e-13 8.2280198452232720e+05 2.8281248809694953e+05 1.0021912268819851e+17 1.9975921924176473e+27
6.5302907316589952e-13 8.2454879238790309e+05 2.8337004073342186e+05 1.0088133031528373e+17 2.0330136327326179e+27
6.3811517381904706e-13 8.2631591652727651e+05 2.8392773675004311e+05 1.0154940063276115e+17 2.0697574760096741e+27
6.2354187859361313e-13 8.2810346620663849e+05 2.8448560795730306e+05 1.0222345226226426e+17 2.1076512198830316e+27
6.0930140876152718e-13 8.2991183501353289e+05 2.8504376488718396e+05 1.0290370606585493e+17 2.1471003548647033e+27
5.9538616324556484e-13 8.3174143911376840e+05 2.8560235657331976e+05 1.0359042281840781e+17 2.1877302244168449e+27
5.8178871456214496e-13 8.3359256706749089e+05 2.8616151134135172e+05 1.0428383577121008e+17 2.2299167271174652e+27
5.6850180485680912e-13 8.3546582256388187e+05 2.8672146319624037e+05 1.0498431078645861e+17 2.2734073120819797e+27
5.5551834203020698e-13 8.3736173827123921e+05 2.8728248162101838e+05 1.0569224255898638e+17 2.3186105049285872e+27
5.4283139595259256e-13 8.3928061259303917e+05 2.8784479589211789e+05 1.0640797010436976e+17 2.3654236498140881e+27
5.3043419476474946e-13 8.4122315441912517e+05 2.8840877895719477e+05 1.0713201304138149e+17 2.4137623769544946e+27
5.1832012126339740e-13 8.4319003761161270e+05 2.8897485820985289e+05 1.0786494338567749e+17 2.4639662719395631e+27
5.0648270936916735e-13 8.4518173283795768e+05 2.8954346124694130e+05 1.0860731779661690e+17 2.5159107799250592e+27
4.9491564067522283e-13 8.4719922597867704e+05 2.9011520491527620e+05 1.0935993306838403e+17 2.5697872298424017e+27
4.8361274107470329e-13 8.4924360272337019e+05 2.9069084693065245e+05 1.1012373597219141e+17 2.6255360044694209e+27
4.7256797746521049e-13 8.5131592394953710e+05 2.9127126986641210e+05 1.1089979620417936e+17 2.6832761013214288e+27
4.6177545452852868e-13 8.5341712413753837e+05 2.9185749900365615e+05 1.1168931010894840e+17 2.7431149522434139e+27
4.5122941158391827e-13 8.5554832826808433e+05 2.9245077629050636e+05 1.1249371030214862e+17 2.8051900080812570e+27
4.4092421951325472e-13 8.5771157494128821e+05 2.9305287435919704e+05 1.1331504518788080e+17 2.8691327794492178e+27
4.3085437775639206e-13 8.5990920180821535e+05 2.9366614836363896e+05 1.1415595500066824e+17 2.9358448718214573e+27
4.2101451137516242e-13 8.6214416787133273e+05 2.9429395603291114e+05 1.1502010136752952e+17 3.0045535831821935e+27
4.1139936818441155e-13 8.6442018405222532e+05 2.9494157091672911e+05 1.1591301805056472e+17 3.0756219559174732e+27
4.0200381594855675e-13 8.6671828416316619e+05 2.9561339745439886e+05 1.1683632525217752e+17 3.1479790665116158e+27
3.9282283964218600e-13 8.6883614413609169e+05 2.9625811087952141e+05 1.1771532486086238e+17 3.2145131730146837e+27
3.8385153877319545e-13 8.7078579649936664e+05 2.9685841106808541e+05 1.1853523463891848e+17 3.2764001107837085e+27
3.7508512476708503e-13 8.7273728653950617e+05 2.9745126110507338e+05 1.1935322865916419e+17 3.3400925992841234e+27
3.6651891841097572e-13 8.7469784982341051e+05 2.9803851191494241e+05 1.2017201139005914e+17 3.4055661978542322e+27
3.5814834735600098e-13 8.7666699129917542e+05 2.9861986441585602e+05 1.2099124578759824e+17 3.4730706908718983e+27
3.4996894367675177e-13 8.7864445472536911e+05 2.9919508061082423e+05 1.2181068151689915e+17 3.5425417269492486e+27
3.4197634148644563e-13 8.8063001916290156e+05 2.9976393484764354e+05 1.2263008190581997e+17 3.6140855112779626e+27
3.3416627460656126e-13 8.8262327314086154e+05 3.0032615558863617e+05 1.2344913663050859e+17 3.6878798870766433e+27
3.2653457428970620e-13 8.8462390004350105e+05 3.0088149418911926e+05 1.2426756708951414e+17 3.7638133380630855e+27
3.1907716699447724e-13 8.8663135377924284e+05 3.0142962789476907e+05 1.2508498726644547e+17 3.8420073961606198e+27
3.1179007221113923e-13 8.8864553117349395e+05 3.0197031674236566e+05 1.2590115268946957e+17 3.9225134184251252e+27
3.0466940033697372e-13 8.9066643951130169e+05 3.0250337088288163e+05 1.2671588122104912e+17 4.0054091467771841e+27
2.9771135060013152e-13 8.9269374795488140e+05 3.0302855167312385e+05 1.2752889030534805e+17 4.0909462323866642e+27
2.9091220903091890e-13 8.9472715045783017e+05 3.0354562168698566e+05 1.2833989981935074e+17 4.1790534862472745e+27
2.8426834647940371e-13 8.9676596542997926e+05 3.0405427934890549e+05 1.2914850508292717e+17 4.2698022787893722e+27
2.7777621667829500e-13 8.9880971286049404e+05 3.0455421379069227e+05 1.2995432074601509e+17 4.3632161124612936e+27
2.7143235435007391e-13 9.0085809225141688e+05 3.0504515399661608e+05 1.3075702482276666e+17 4.4593329882817499e+27
2.6523337335734285e-13 9.0291086650808866e+05 3.0552682841449557e+05 1.3155630312256805e+17 4.5583643665147747e+27
2.5917596489541772e-13 9.0496790807344741e+05 3.0599900349014514e+05 1.3235189343421085e+17 4.6603780570187041e+27
2.5325689572620839e-13 9.0702904401435098e+05 3.0646147466739349e+05 1.3314355312185466e+17 4.7653425125949966e+27
2.4747300645241784e-13 9.0909335239113495e+05 3.0691390424485249e+05 1.3393077782066552e+17 4.8737358322254622e+27
2.4182120983117104e-13 9.1116038417206227e+05 3.0735597181012965e+05 1.3471316150480088e+17 4.9851478594770509e+27
2.3629848912614671e-13 9.1323001205775514e+05 3.0778741383839247e+05 1.3549040258182803e+17 5.0999256767952378e+27
2.3090189649734352e-13 9.1530207135652006e+05 3.0820799248018936e+05 1.3626221717868571e+17 5.2181624957420075e+27
2.2562855142762949e-13 9.1737593496868666e+05 3.0861740876092738e+05 1.3702817793007016e+17 5.3399753391670462e+27
2.2047563918521709e-13 9.1945125445126300e+05 3.0901536905525118e+05 1.3778790967508146e+17 5.4653742664498920e+27
2.1544040932125280e-13 9.2152778854432411e+05 3.0940160882037942e+05 1.3854108279860485e+17 5.5944741498136337e+27
2.1052017420172673e-13 9.2360536123995460e+05 3.0977589303090202e+05 1.3928740688445490e+17 5.7273914644393012e+27
2.0571230757290243e-13 9.2568322062811488e+05 3.1013795187383454e+05 1.4002644863259019e+17 5.8644055665272978e+27
2.0101424315950971e-13 9.2776080233803939e+05 3.1048746845468658e+05 1.4075776083972197e+17 6.0052974747201996e+27
1.9642347329496030e-13 9.2983758998787566e+05 3.1082414384191134e+05 1.4148091952443226e+17 6.1504705969563451e+27
1.9193754758283432e-13 9.3191303271673364e+05 3.1114763040733803e+05 1.4219544413700355e+17 6.2996393319980529e+27
1.8755407158894795e-13 9.3398697154083883e+05 3.1145760036039056e+05 1.4290094747267392e+17 6.4534163934860850e+27
1.8327070556328355e-13 9.3605943080581923e+05 3.1175378800413822e+05 1.4359713878624986e+17 6.6119694344485940e+27
1.7908516319110873e-13 9.3813011859349080e+05 3.1203596825884789e+05 1.4428370458377968e+17 6.7750140366636994e+27
1.7499521037262478e-13 9.4019820607997954e+05 3.1230385072808329e+05 1.4496015882327955e+17 6.9429643066901319e+27
1.7099866403047436e-13 9.4226338813293411e+05 3.1255716352657549e+05 1.4562613691838122e+17 7.1157107358054901e+27
1.6709339094449448e-13 9.4432489883593342e+05 3.1279561082205607e+05 1.4628115503530157e+17 7.2934669106457746e+27
1.6327730661307397e-13 9.4638229700405442e+05 3.1301885222320637e+05 1.4692475074781501e+17 7.4765233315493017e+27
1.5954837414051565e-13 9.4843535807425377e+05 3.1322656520965381e+05 1.4755652345337834e+17 7.6648395642325475e+27
1.5590460314981504e-13 9.5048389919183054e+05 3.1341845908367931e+05 1.4817611274386547e+17 7.8589446756649457e+27
1.5234404872026269e-13 9.5252759577682312e+05 3.1359429262266104e+05 1.4878317760290755e+17 8.0582059539310533e+27
1.4886481034931015e-13 9.5456580698098487e+05 3.1375379901406198e+05 1.4937728382270819e+17 8.2638037173594943e+27
1.4546503093815020e-13 9.5659827105970029e+05 3.1389673284750775e+05 1.4995809940838966e+17 8.4753814552330287e+27
1.4214289580045901e-13 9.5862402751231974e+05 3.1402285574339540e+05 1.5052514633559942e+17 8.6926805272565527e+27
1.3889663169377659e-13 9.6064253447844391e+05 3.1413181900915026e+05 1.5107792896578602e+17 8.9164696258519508e+27
1.3572450587301461e-13 9.6265362475326494e+05 3.1422326008054096e+05 1.5161602188428941e+17 9.1466136129597462e+27
1.3262482516557153e-13 9.6465732474239531e+05 3.1429689445445855e+05 1.5213912168067834e+17 9.3834421522791254e+27
1.2959593506757878e-13 9.6665339830499049e+05 3.1435257732647297e+05 1.5264700479988576e+17 9.6267493774724682e+27
1.2663621886078123e-13 9.6864036013257154e+05 3.1439018550665001e+05 1.5313918331422605e+17 9.8780059536382480e+27
1.2374409674958667e-13 9.7061756240558997e+05 3.1440936086592433e+05 1.5361512933627715e+17 1.0135584309235509e+28
1.2091802501782780e-13 9.7258474724126409e+05 3.1440969772831182e+05 1.5407436015325075e+17 1.0400053867738227e+28
1.1815649520477777e-13 9.7454180730386521e+05 3.1439084464776894e+05 1.5451648407043360e+17 1.0672840310065391e+28
1.1545803329998362e-13 9.7648848760615964e+05 3.1435253158790898e+05 1.5494115764880163e+17 1.0952191711248541e+28
1.1282119895649331e-13 9.7842419137559808e+05 3.1429456145727949e+05 1.5534802841335341e+17 1.1239949831724725e+28
1.1024458472204377e-13 9.8034855535740394e+05 3.1421666683732311e+05 1.5573673443265987e+17 1.1536407335336403e+28
1.0772681528781416e-13 9.8226115731959918e+05 3.1411869763169857e+05 1.5610701511318730e+17 1.1840848709918684e+28
1.0526654675433147e-13 9.8416093007820088e+05 3.1400049933726632e+05 1.5645844907092979e+17 1.2152563724663883e+28
1.0286246591414157e-13 9.8604743851056905e+05 3.1386172867154866e+05 1.5679058813741872e+17 1.2474689296477245e+28
1.0051328955086642e-13 9.8792036709157017e+05 3.1370204016584490e+05 1.5710301497257715e+17 1.2804581132998051e+28
9.8217763754265583e-14 9.8977946883645246e+05 3.1352113198833464e+05 1.5739537587787027e+17 1.3142993158726610e+28
9.5974663250940560e-14 9.9162452148681751e+05 3.1331879618690442e+05 1.5766741855670739e+17 1.3491668732836114e+28
9.3782790750328011e-14 9.9345452685582580e+05 3.1309503863939829e+05 1.5791890189394906e+17 1.3849415987765916e+28
9.1640976305625656e-14 9.9526878268707811e+05 3.1284959505028627e+05 1.5814940133748096e+17 1.4216229185904872e+28
8.9548076689313450e-14 9.9706687836219359e+05 3.1258212205072585e+05 1.5835849522822493e+17 1.4592872501528832e+28
8.7502974782940347e-14 9.9884846619570628e+05 3.1229228664301522e+05 1.5854579287849754e+17 1.4980198010409226e+28
8.5504578980841602e-14 1.0006132343023460e+06 3.1197979502057191e+05 1.5871095609717978e+17 1.5377481788348891e+28
8.3551822607479450e-14 1.0023608515278753e+06 3.1164445090559009e+05 1.5885373991053309e+17 1.5784840438795963e+28
8.1643663348086941e-14 1.0040906475929478e+06 3.1128614803377748e+05 1.5897389952028272e+17 1.6203755345290263e+28
7.9779082692314898e-14 1.0058022855879954e+06 3.1090463287786103e+05 1.5907114334784602e+17 1.6632057701190889e+28
7.7957085390588123e-14 1.0074954301207607e+06 3.1049976661720994e+05 1.5914529409790922e+17 1.7072031444708363e+28
7.6176698922872544e-14 1.0091693913459578e+06 3.1007150812706060e+05 1.5919617532183674e+17 1.7523947155741822e+28
7.4436972979579387e-14 1.0108238678582333e+06 3.0961963967425458e+05 1.5922355393495504e+17 1.7986632450134341e+28
7.2736978954321352e-14 1.0124584852094714e+06 3.0914416424482298e+05 1.5922738919746387e+17 1.8461350311035665e+28
7.1075809448253324e-14 1.0140721324361560e+06 3.0864525842423463e+05 1.5920760217202467e+17 1.8947211112521278e+28
6.9452577785735583e-14 1.0156642596845679e+06 3.0812264077708236e+05 1.5916384377719274e+17 1.9445625430737843e+28
6.7866417541055714e-14 1.0172343941211029e+06 3.0757601333342178e+05 1.5909577715275117e+17 1.9955716677626843e+28
6.6316482075959181e-14 1.0187820737666368e+06 3.0700508115278505e+05 1.5900307907416256e+17 2.0478373889820267e+28
6.4801944087744509e-14 1.0203068759248784e+06 3.0640956812112342e+05 1.5888546170430266e+17 2.1014598610419026e+28
6.3321995167676364e-14 1.0218084106664814e+06 3.0578921454075543e+05 1.5874266980064950e+17 2.1561821142329852e+28
6.1875845369483762e-14 1.0232863453119898e+06 3.0514379335343582e+05 1.5857450193589389e+17 2.2121953080804122e+28
6.0462722787715319e-14 1.0247404194949811e+06 3.0447311184114759e+05 1.5838081736856115e+17 2.2695439548342945e+28
5.9081873145721601e-14 1.0261705173273257e+06 3.0377709938966972e+05 1.5816163588400694e+17 2.3283751176099291e+28
5.7732559393047217e-14 1.0275759012463535e+06 3.0305629010282672e+05 1.5791734864492083e+17 2.3884987880136114e+28
5.6414061312020209e-14 1.0289558967697666e+06 3.0231073163031344e+05 1.5764792668044381e+17 2.4499521642079922e+28
5.5125675133322412e-14 1.0303101651007631e+06 3.0154025140357285e+05 1.5735324544506122e+17 2.5128027325135136e+28
5.3866713160343085e-14 1.0316382411654342e+06 3.0074496424372209e+05 1.5703340680407696e+17 2.5769930822350105e+28
5.2636503402109189e-14 1.0329394029247750e+06 2.9992496697400021e+05 1.5668842518814736e+17 2.6426014537114788e+28
5.1434389214598862e-14 1.0342131845722094e+06 2.9908005534231802e+05 1.5631812800742426e+17 2.7095858050849462e+28
5.0259728950248755e-14 1.0354591457544785e+06 2.9821004425091547e+05 1.5592237608038621e+17 2.7779914511100457e+28
4.9111895615462751e-14 1.0366768640919279e+06 2.9731478646024078e+05 1.5550107688660694e+17 2.8477995254666247e+28
4.7990276535945624e-14 1.0378659768786299e+06 2.9639413390679780e+05 1.5505416361458806e+17 2.9191085119133027e+28
4.6894273029677714e-14 1.0390262235519299e+06 2.9544798870734498e+05 1.5458165220797738e+17 2.9917696733936418e+28
4.5823300087358381e-14 1.0401571953508029e+06 2.9447666806398367e+05 1.5408387885936874e+17 3.0660385115952242e+28
4.4776786060149089e-14 1.0412583366808149e+06 2.9348033775268920e+05 1.5356100837794304e+17 3.1416154831006096e+28
4.3754172354546191e-14 1.0423293061565296e+06 2.9245889392347221e+05 1.5301304340169286e+17 3.2188480201399061e+28
4.2754913134222209e-14 1.0433698421181708e+06 2.9141237201858847e+05 1.5244013756796922e+17 3.2974738326220829e+28
4.1778475028678120e-14 1.0443794178791487e+06 2.9034121161347325e+05 1.5184271026330250e+17 3.3775360452258624e+28
4.0824336848547811e-14 1.0453575857243855e+06 2.8924540418713191e+05 1.5122082916334723e+17 3.4589405773964015e+28
3.9891989307404462e-14 1.0463040044208043e+06 2.8812488473665406e+05 1.5057455397299638e+17 3.5419942266230218e+28
3.8980934749921996e-14 1.0472183653460367e+06 2.8697980449626112e+05 1.4990414144283565e+17 3.6265457019393893e+28
3.8090686886242321e-14 1.0481001842272561e+06 2.8581046165355755e+05 1.4920992011396864e+17 3.7123699347315833e+28
3.7220770532411519e-14 1.0489490891363367e+06 2.8461681795781985e+05 1.4849197918492685e+17 3.7997829144453253e+28
3.6370721356742348e-14 1.0497647906938388e+06 2.8339886277761403e+05 1.4775046379649760e+17 3.8885813329611517e+28
3.5540085631969392e-14 1.0505469988785610e+06 2.8215694494818861e+05 1.4698581574966934e+17 3.9787430162672110e+28
3.4728419993065977e-14 1.0512952820950977e+06 2.8089135109461733e+05 1.4619838505075578e+17 4.0705782521590823e+28
3.3935291200589816e-14 1.0520093090052668e+06 2.7960208194747131e+05 1.4538832648306230e+17 4.1636224966790057e+28
3.3160275909435640e-14 1.0526888490379765e+06 2.7828919200438756e+05 1.4455587536713338e+17 4.2580536042470059e+28
3.2402960442867525e-14 1.0533336533325203e+06 2.7695324943265319e+05 1.4370167119306110e+17 4.3539539653686840e+28
3.1662940571711986e-14 1.0539433160187977e+06 2.7559458294101892e+05 1.4282611521781862e+17 4.4511856733053640e+28
3.0939821298595029e-14 1.0545175033682054e+06 2.7421323159892979e+05 1.4192940675044507e+17 4.5498365780807218e+28
3.0233216647105607e-14 1.0550559543537269e+06 2.7280927146004088e+05 1.4101180285855658e+17 4.6496642092636465e+28
2.9542749455774224e-14 1.0555584472873041e+06 2.7138314571887843e+05 1.4007385869305614e+17 4.7507242783462716e+28
2.8868051176757726e-14 1.0560246577040853e+06 2.6993514607669850e+05 1.3911598150587909e+17 4.8530634012791028e+28
2.8208761679120653e-14 1.0564543169860272e+06 2.6846536692342284e+05 1.3813844894938632e+17 4.9567337579693247e+28
2.7564529056609296e-14 1.0568472597357803e+06 2.6697394651702995e+05 1.3714160807799864e+17 5.0612520987044776e+28
2.6935009439816838e-14 1.0572034484947748e+06 2.6546160951700219e+05 1.3612628399405093e+17 5.1668513922865627e+28
2.6319866812637211e-14 1.0575226073073240e+06 2.6392904257265909e+05 1.3509319268669464e+17 5.2744638969024831e+28
2.5718772832910860e-14 1.0578044264963851e+06 2.6237637024866289e+05 1.3404262267236926e+17 5.3826612344685645e+28
2.5131406657167638e-14 1.0580486467506059e+06 2.6080373743024035e+05 1.3297489682123131e+17 5.4918754654685628e+28
2.4557454769370657e-14 1.0582551057336007e+06 2.5921145491136771e+05 1.3189049085182389e+17 5.6019286176587507e+28
2.3996610813572847e-14 1.0584236099712506e+06 2.5760005319811875e+05 1.3079002759454056e+17 5.7133787830566874e+28
2.3448575430394285e-14 1.0585539111718449e+06 2.5596972172958349e+05 1.2967386795123093e+17 5.8252508440010264e+28
2.2913056097234067e-14 1.0586458144708278e+06 2.5432065018660508e+05 1.2854239232367270e+17 5.9380391966550106e+28
2.2389766972132404e-14 1.0586992495183570e+06 2.5265312185115670e+05 1.2739608587896122e+17 6.0518141731057359e+28
2.1878428741197178e-14 1.0587142776563575e+06 2.5096805438266715e+05 1.2623591015893186e+17 6.1659572062467262e+28
2.1378768469516348e-14 1.0586907209390446e+06 2.4926586919018478e+05 1.2506240247634974e+17 6.2809550492767923e+28
2.0890519455474319e-14 1.0586284015223349e+06 2.4754679244128050e+05 1.2387596486366290e+17 6.3966775191444799e+28
2.0413421088395478e-14 1.0585272238198160e+06 2.4581108129672694e+05 1.2267704624605454e+17 6.5131090332872883e+28
1.9947218709439593e-14 1.0583873236929136e+06 2.4405938704267389e+05 1.2146642556784005e+17 6.6296936107678879e+28
1.9491663475673367e-14 1.0582087879305626e+06 2.4229274711526188e+05 1.2024511318731194e+17 6.7468140036274680e+28
1.9046512227246311e-14 1.0579914314682949e+06 2.4051144496141971e+05 1.1901352808181043e+17 6.8641334148880244e+28
1.8611527357600804e-14 1.0577350959373191e+06 2.3871574745005608e+05 1.1777208674408741e+17 6.9818781300865845e+28
1.8186476686645556e-14 1.0574396917549977e+06 2.3690594489691083e+05 1.1652124005706885e+17 7.0998963834292334e+28
1.7771133336825583e-14 1.0571053180836812e+06 2.3508270833269306e+05 1.1526173443998902e+17 7.2180207174732907e+28
1.7365275612023216e-14 1.0567319488629724e+06 2.3324660178909524e+05 1.1399420203214912e+17 7.3361784777932701e+28
1.6968686879223694e-14 1.0563194791239747e+06 2.3139792202303567e+05 1.1271907797685234e+17 7.4543932045536448e+28
1.6581155452884349e-14 1.0558678579775093e+06 2.2953698129460443e+05 1.1143682120439909e+17 7.5720192986208878e+28
1.6202474481943860e-14 1.0553771610383606e+06 2.2766415402378363e+05 1.1014796187763923e+17 7.6898330375133448e+28
1.5832441839412017e-14 1.0548478614667011e+06 2.2578062834398367e+05 1.0885362993491147e+17 7.8068272908098040e+28
1.5470860014481690e-14 1.0542800397803714e+06 2.2388711037081247e+05 1.0755453104983733e+17 7.9246369137606491e+28
1.5117536007103770e-14 1.0536736136484486e+06 2.2198392596298436e+05 1.0625108783592218e+17 8.0414595687923209e+28
1.4772281224970779e-14 1.0530285400981824e+06 2.2007140990353751e+05 1.0494373586952234e+17 8.1580414051831519e+28
1.4434911382852522e-14 1.0523448454802954e+06 2.1814992212608416e+05 1.0363294098338262e+17 8.2732657973670618e+28
1.4105246404230745e-14 1.0516228239270549e+06 2.1622025843916729e+05 1.0231948830189203e+17 8.3881847324050368e+28
1.3783110325180794e-14 1.0508625734723920e+06 2.1428299944692198e+05 1.0100397086971174e+17 8.5025651931489330e+28
1.3468331200447878e-14 1.0500640865780262e+06 2.1233849261871137e+05 9.9686811741879312e+16 8.6157012486231776e+28
1.3160741011668400e-14 1.0492273977594394e+06 2.1038709286985514e+05 9.8368445048668432e+16 8.7282577126029597e+28
1.2860175577687812e-14 1.0483526194874527e+06 2.0842917232274040e+05 9.7049329887163232e+16 8.8395730053581086e+28
1.2566474466926146e-14 1.0474402696683381e+06 2.0646562593177278e+05 9.5730311600647440e+16 8.9495995758061655e+28
1.2279480911744954e-14 1.0464907752605160e+06 2.0449742825191797e+05 9.4412234140699136e+16 9.0586393673239429e+28
1.1999041724770400e-14 1.0455041690578973e+06 2.0252494097933109e+05 9.3095489583323248e+16 9.1662494059837068e+28
1.1725007217126900e-14 1.0444805227799816e+06 2.0054852729339679e+05 9.1780473085850288e+16 9.2758501986421718e+28
1.1457231118538169e-14 1.0434199209158714e+06 1.9856855660368758e+05 9.0467588826217568e+16 9.3771667887378214e+28
1.1195570499253468e-14 1.0423226678794615e+06 1.9658553218827205e+05 8.9157346866354112e+16 9.4807593670182175e+28
1.0939885693756198e-14 1.0411893619940932e+06 1.9460046394817147e+05 8.7850587669320336e+16 9.5823221843426527e+28
1.0690040226215535e-14 1.0400201595514910e+06 1.9261380940456528e+05 8.6547735634104736e+16 9.6819345708170526e+28
1.0445900737640148e-14 1.0388151914897917e+06 1.9062594745474349e+05 8.5249160495684992e+16 9.7804066715944095e+28
1.0207336914695582e-14 1.0375746329151707e+06 1.8863727955924050e+05 8.3955246899774896e+16 9.8767199060301273e+28
9.9742214201477500e-15 1.0362986870971200e+06 1.8664817872183162e+05 8.2666364204979056e+16 9.9708791533707000e+28
9.7464298248943204e-15 1.0349879173868188e+06 1.8465937640510715e+05 8.1383133419003680e+16 1.0063217492971041e+29
9.5238405415489943e-15 1.0336429166122339e+06 1.8267174817012536e+05 8.0106233357455120e+16 1.0153231450863947e+29
9.3063347595421789e-15 1.0322638754489023e+06 1.8068566015950576e+05 7.8835985342680032e+16 1.0241373175633443e+29
9.0937963817038467e-15 1.0308512092464571e+06 1.7870169611364504e+05 7.7572856966603472e+16 1.0327089108090932e+29
8.8861119622950472e-15 1.0294052858498406e+06 1.7672042915366415e+05 7.6317286023220032e+16 1.0410490643067090e+29
8.6831706464543330e-15 1.0279262993490431e+06 1.7474220701557808e+05 7.5069553728428576e+16 1.0491673746075916e+29
8.4848641110271021e-15 1.0264145086544991e+06 1.7276742302998086e+05 7.3829969709156272e+16 1.0569814957867806e+29
8.2910865067466053e-15 1.0248701890269460e+06 1.7079646100625634e+05 7.2598833544733200e+16 1.0645980695380580e+29
8.1017344017351153e-15 1.0232936280524670e+06 1.6882966417725515e+05 7.1376420870887984e+16 1.0719620876992711e+29
7.9167067262954120e-15 1.0216855742951976e+06 1.6686780373963155e+05 7.0163286095031624e+16 1.0790906805049998e+29
7.7359047189634282e-15 1.0200466378618039e+06 1.6491159083714377e+05 6.8959906996630432e+16 1.0859125797681186e+29
7.5592318737926421e-15 1.0183770621955178e+06 1.6296134628486488e+05 6.7766498601086224e+16 1.0924515414508154e+29
7.3865938888424051e-15 1.0166771438149554e+06 1.6101741566221687e+05 6.6583290232730696e+16 1.0986676650666059e+29
7.2178986158429975e-15 1.0149472042990666e+06 1.5908014608381441e+05 6.5410508600314256e+16 1.1046564429225864e+29
7.0530560110097832e-15 1.0131875725027922e+06 1.5714984772208080e+05 6.4248358218373576e+16 1.1103704884544034e+29
6.8919780869811397e-15 1.0113989646161697e+06 1.5522712610288581e+05 6.3097234064360752e+16 1.1158214453824175e+29
6.7345788658535760e-15 1.0095823204763720e+06 1.5331287027502040e+05 6.1957673038417168e+16 1.1209359436522141e+29
6.5807743332898606e-15 1.0077379298954508e+06 1.5140738194504022e+05 6.0829825774224712e+16 1.1257258243799938e+29
6.4304823936749431e-15 1.0058660629626891e+06 1.4951092907114647e+05 5.9713818762588856e+16 1.1302626558548771e+29
6.2836228262960381e-15 1.0039669748927372e+06 1.4762374327906163e+05 5.8609755121298672e+16 1.1345199262747227e+29
6.1401172425237023e-15 1.0020409858379639e+06 1.4574608529736919e+05 5.7517755961270312e+16 1.1384208346763147e+29
5.9998890439705759e-15 1.0000884914919892e+06 1.4387824185842674e+05 5.6437959741168344e+16 1.1420523906130592e+29
5.8628633816057044e-15 9.9811029230234015e+05 1.4202082544043523e+05 5.5370693659143400e+16 1.1453869753284810e+29
5.7289671158028247e-15 9.9610684884798259e+05 1.4017419319843431e+05 5.4316111636502512e+16 1.1484073400712019e+29
5.5981287773008504e-15 9.9407850439501775e+05 1.3833858074740914e+05 5.3274292371590912e+16 1.1510996430731178e+29
5.4702785290559493e-15 9.9202577681822388e+05 1.3651433853287419e+05 5.2245380844110960e+16 1.1535089951108906e+29
5.3453481289650542e-15 9.8994917589465634e+05 1.3470182049319701e+05 5.1229512279211856e+16 1.1555974073094616e+29
5.2232708934404756e-15 9.8784904386635160e+05 1.3290123680929095e+05 5.0226732873132416e+16 1.1573928016362654e+29
5.1039816618164203e-15 9.8572577307018300e+05 1.3111281004330711e+05 4.9237095536872192e+16 1.1588629590869236e+29
4.9874167615685985e-15 9.8357983212846611e+05 1.2933681697402282e+05 4.8260679360067680e+16 1.1600262395946269e+29
4.8735139743278304e-15 9.8141160811221064e+05 1.2757345583993720e+05 4.7297515100397288e+16 1.1609114448120763e+29
4.7622125026701672e-15 9.7922150289441110e+05 1.2582290916540520e+05 4.6347625110924240e+16 1.1614255338378454e+29
4.6534529376651431e-15 9.7701026362116600e+05 1.2408558287550184e+05 4.5411155869094584e+16 1.1617120896889890e+29
4.5471772271654456e-15 9.7477851367624465e+05 1.2236181362158961e+05 4.4488199707344144e+16 1.1616634539116894e+29
4.4433286448206034e-15 9.7252664052952500e+05 1.2065175681121256e+05 4.3578743984637456e+16 1.1613462410513535e+29
4.3418517597983386e-15 9.7025512015154329e+05 1.1895560218414890e+05 4.2682796086731048e+16 1.1607170870746280e+29
4.2426924071975897e-15 9.6796471309873555e+05 1.1727372878940879e+05 4.1800460327270144e+16 1.1598123713496561e+29
4.1457976591370770e-15 9.6565585766144108e+05 1.1560630593466084e+05 4.0931716920597680e+16 1.1585952837225906e+29
4.0511157965041552e-15 9.6332895460409997e+05 1.1395345812485855e+05 4.0076521653466208e+16 1.1570693469123057e+29
3.9585962813490184e-15 9.6098454356614687e+05 1.1231538157323137e+05 3.9234868432303592e+16 1.1553610739609359e+29
3.8681897299092095e-15 9.5862322938437550e+05 1.1069231750072108e+05 3.8406768013895976e+16 1.1533168210999829e+29
3.7798478862502085e-15 9.5624541088476905e+05 1.0908436759948275e+05 3.7592153888097664e+16 1.1509805529425281e+29
3.6935235965081540e-15 9.5385150563084020e+05 1.0749162756115304e+05 3.6790957129839584e+16 1.1483814549902856e+29
3.6091707837206704e-15 9.5144222991950659e+05 1.0591436089503198e+05 3.6003194664891732e+16 1.1455374295154396e+29
3.5267444232325131e-15 9.4901814034315839e+05 1.0435274699176567e+05 3.5228830234417440e+16 1.1424541011349561e+29
3.4462005186630304e-15 9.4657962073761108e+05 1.0280685424872092e+05 3.4467768265799096e+16 1.1390504853408606e+29
3.3674960784223519e-15 9.4412706516598072e+05 1.0127674793047323e+05 3.3719911450060552e+16 1.1355164658918453e+29
3.2905890927639030e-15 9.4166093490498932e+05 9.9762526344728016e+04 3.2985177912871352e+16 1.1316198372800275e+29
3.2154385113611301e-15 9.3918163256211625e+05 9.8264249825445018e+04 3.2263464847857136e+16 1.1275694762455359e+29
3.1420042213961282e-15 9.3668952087523462e+05 9.6781956125890356e+04 3.1554656780849816e+16 1.1232244752664528e+29
3.0702470261488918e-15 9.3418493573121692e+05 9.5315662532635790e+04 3.0858627822862512e+16 1.1186765988926943e+29
3.0001286240753394e-15 9.3166803743493685e+05 9.3865283438022336e+04 3.0175203497737568e+16 1.1139447252408995e+29
2.9316115883633456e-15 9.2913916464223515e+05 9.2430816230559023e+04 2.9504253520710536e+16 1.1089700397816666e+29
2.8646593469555428e-15 9.2659870584249706e+05 9.1012274945760611e+04 2.8845656811783116e+16 1.1037466219280071e+29
2.7992361630283719e-15 9.2404708128502779e+05 8.9609680034158009e+04 2.8199296337482056e+16 1.0983290315305930e+29
2.7353071159170559e-15 9.2148484147500084e+05 8.8223113384647077e+04 2.7565083415858712e+16 1.0927468848055723e+29
2.6728380824761013e-15 9.1891239486457244e+05 8.6852583455654691e+04 2.6942892786521160e+16 1.0869239255956440e+29
2.6117957188654957e-15 9.1633013057237735e+05 8.5498079899570366e+04 2.6332591493695516e+16 1.0809282166044890e+29
2.5521474427529691e-15 9.1373850783942395e+05 8.4159613158254026e+04 2.5734058265838348e+16 1.0747380183615647e+29
2.4938614159226217e-15 9.1113832925434783e+05 8.2837357959459958e+04 2.5147245004546084e+16 1.0684944683173170e+29
2.4369065272807395e-15 9.0853003322043666e+05 8.1531325614772199e+04 2.4572022955087344e+16 1.0618894141323580e+29
2.3812523762498158e-15 9.0591396547144523e+05 8.0241482191184448e+04 2.4008242568564204e+16 1.0552128366017880e+29
2.3268692565417277e-15 9.0329041502747755e+05 7.8967773581239817e+04 2.3455744455843432e+16 1.0483802346165430e+29
2.2737281403015041e-15 9.0065919648107386e+05 7.7709929264435908e+04 2.2914275601898172e+16 1.0414090054661908e+29
2.2218006626133126e-15 8.9802050047030672e+05 7.6467825625257377e+04 2.2383657456189424e+16 1.0342806477006397e+29
2.1710591063601611e-15 8.9537469189158606e+05 7.5241411065072971e+04 2.1863745724906344e+16 1.0269884602616970e+29
2.1214763874295099e-15 8.9272214483391435e+05 7.4030630315401198e+04 2.1354396388076608e+16 1.0195821953984427e+29
2.0730260402566669e-15 8.9006349857784470e+05 7.2835533482196945e+04 2.0855512134446300e+16 1.0120141387239173e+29
2.0256822036983470e-15 8.8739928227252443e+05 7.1656131428701818e+04 2.0366975230285512e+16 1.0044043425104305e+29
1.9794196072289361e-15 8.8472983443995041e+05 7.0492354294422403e+04 1.9888633393471860e+16 9.9663398170760352e+28
1.9342135574518784e-15 8.8205549066784233e+05 6.9344128802446765e+04 1.9420334155406888e+16 9.8871062436906468e+28
1.8900399249192402e-15 8.7937654923754930e+05 6.8211366529236824e+04 1.8961919790206656e+16 9.8074676262929098e+28
1.8468751312522100e-15 8.7669327651878458e+05 6.7093963291934837e+04 1.8513228062953816e+16 9.7265206706227579e+28
1.8046961365557400e-15 8.7400599300312181e+05 6.5991834411973236e+04 1.8074106571882036e+16 9.6450609474984216e+28
1.7634804271206827e-15 8.7131501421103254e+05 6.4904892910775110e+04 1.7644403176287874e+16 9.5623095936167678e+28
1.7232060034067163e-15 8.6862061282800941e+05 6.3833039118434790e+04 1.7223961301328984e+16 9.4790255453238621e+28
1.6838513682997199e-15 8.6592281928540685e+05 6.2776080647422517e+04 1.6812589567706594e+16 9.3948332547064347e+28
1.6453955156373893e-15 8.6322186957165995e+05 6.1733895049805877e+04 1.6410128993338542e+16 9.3095074329331830e+28
1.6078179189968424e-15 8.6051807348309655e+05 6.0706384913380483e+04 1.6016432497758896e+16 9.2243872460045370e+28
1.5710985207382948e-15 8.5781172989316797e+05 5.9693449469299187e+04 1.5631353027015700e+16 9.1381597405319373e+28
1.5352177212990160e-15 8.5510314973684121e+05 5.8694990788924661e+04 1.5254746205886290e+16 9.0515332113969002e+28
1.5001563687317299e-15 8.5239264310114132e+05 5.7710911957523123e+04 1.4886469160791412e+16 8.9641889812644039e+28
1.4658957484819409e-15 8.4968048793958279e+05 5.6741106036683654e+04 1.4526376310416140e+16 8.8765779820588204e+28
1.4324175733987857e-15 8.4696693863134552e+05 5.5785463344507181e+04 1.4174321778010110e+16 8.7881900581414784e+28
1.3997039739739272e-15 8.4425218046523456e+05 5.4843859249917361e+04 1.3830154176484090e+16 8.7001443463853039e+28
1.3677374888034679e-15 8.4153555409394181e+05 5.3915898667259404e+04 1.3493623759833934e+16 8.6105231368832496e+28
1.3365010552676013e-15 8.3881700049234089e+05 5.3001360824605377e+04 1.3164556164286892e+16 8.5219638582768687e+28
1.3059780004232072e-15 8.3609678349331627e+05 5.2100130920603828e+04 1.2842818871553784e+16 8.4323068912612071e+28
1.2761520321043861e-15 8.3337518757538823e+05 5.1212095206673686e+04 1.2528281931133586e+16 8.3426669571166431e+28
1.2470072302262402e-15 8.3065249093097751e+05 5.0337139322595314e+04 1.2220816505638754e+16 8.2527215480351806e+28
1.2185280382873081e-15 8.2792899872759613e+05 4.9475156697067403e+04 1.1920298088661706e+16 8.1627469153923244e+28
1.1906992550660171e-15 8.2520498170937609e+05 4.8626029356632826e+04 1.1626599536603454e+16 8.0725287755203343e+28
1.1635060265067758e-15 8.2248070358174958e+05 4.7789636768775112e+04 1.1339594484750112e+16 7.9820851534425204e+28
1.1369338377914151e-15 8.1975643085131224e+05 4.6965857193801574e+04 1.1059158028890172e+16 7.8918373924992911e+28
1.1109685055916584e-15 8.1703259089414519e+05 4.6154610545515956e+04 1.0785181853047766e+16 7.8019161095765930e+28
1.0855961704985305e-15 8.1430976025854447e+05 4.5355865408611207e+04 1.0517573642642918e+16 7.7114186488272023e+28
1.0608032896247057e-15 8.1158818512499728e+05 4.4569500538545013e+04 1.0256210096933878e+16 7.6221416244510103e+28
1.0365766293757621e-15 8.0886808031327114e+05 4.3795390222970767e+04 1.0000967427023936e+16 7.5321419648410160e+28
1.0129032583865274e-15 8.0614964030352957e+05 4.3033409297807695e+04 9.7517227469835360e+15 7.4424069458746578e+28
9.8977054061878349e-16 8.0343242000006163e+05 4.2283277272304607e+04 9.5083014696529720e+15 7.3530358291373765e+28
9.6716612861656596e-16 8.0071565945832198e+05 4.1544615107543970e+04 9.2705048805952920e+15 7.2637868433934738e+28
9.4507795691550233e-16 7.9799958340596536e+05 4.0817294966778318e+04 9.0382228149145120e+15 7.1747261045375080e+28
9.2349423560270548e-16 7.9528443427890853e+05 4.0101192204508297e+04 8.8113479092755160e+15 7.0860744643799201e+28
9.0240344402369017e-16 7.9257046548969485e+05 3.9396181709003715e+04 8.5897746263777870e+15 6.9975394360533935e+28
8.8179432463306952e-16 7.8985821265411971e+05 3.8702203097992111e+04 8.3734201928345030e+15 6.9094276592646064e+28
8.6165587698563285e-16 7.8714843328639423e+05 3.8019254156746407e+04 8.1622192473347590e+15 6.8216437979923945e+28
8.4197735186470735e-16 7.8444135913231131e+05 3.7347210096903647e+04 7.9560669586249140e+15 6.7344400383526188e+28
8.2274824554458266e-16 7.8173723615379410e+05 3.6685949147748383e+04 7.7548609933498720e+15 6.6474852379163429e+28
8.0395829418396960e-16 7.7903629326121556e+05 3.6035346539918122e+04 7.5584994165534780e+15 6.5611396288709437e+28
