8.0395829418396959e-13 8.4494895679078263e+05 2.9400044419019250e+05 1.1109911660935434e+17 1.9716549585612643e+27
7.8559746834753246e-13 8.4646664625452145e+05 2.9460475037437165e+05 1.1181756522013277e+17 1.9970523028770754e+27
7.6765596765250801e-13 8.4799961378629180e+05 2.9520887752000935e+05 1.1254090991553910e+17 2.0233754690460678e+27
7.5012421553758558e-13 8.4954785813184397e+05 2.9581272648839012e+05 1.1326910804094218e+17 2.0504705653034936e+27
7.3299285415128468e-13 8.5111110427008604e+05 2.9641610885744938e+05 1.1400200298281574e+17 2.0784216352980189e+27
7.1625273935704306e-13 8.5268905547384499e+05 2.9701882249379240e+05 1.1473942061193506e+17 2.1072607584322945e+27
6.9989493585237990e-13 8.5428149735073198e+05 2.9762067588963133e+05 1.1548120350776518e+17 2.1369651045531989e+27
6.8391071239955609e-13 8.5588833287473163e+05 2.9822151737636921e+05 1.1622724553234350e+17 2.1675803760016436e+27
6.6829153716511489e-13 8.5750976078772440e+05 2.9882127123601444e+05 1.1697753409988355e+17 2.1991277346714553e+27
6.5302907316589952e-13 8.5914555814838968e+05 2.9941979493746132e+05 1.1773196077648434e+17 2.2317236465443989e+27
6.3811517381904706e-13 8.6079544172416895e+05 3.0001688733465900e+05 1.1849034215636722e+17 2.2653067376527862e+27
6.2354187859361313e-13 8.6245909403583955e+05 3.0061233395437925e+05 1.1925247820310069e+17 2.2998962980459421e+27
6.0930140876152718e-13 8.6413644126316311e+05 3.0120598724526638e+05 1.2001825918285243e+17 2.3354893259149265e+27
5.9538616324556484e-13 8.6582739698096097e+05 3.0179770307738695e+05 1.2078757507048723e+17 2.3722720691997566e+27
5.8178871456214496e-13 8.6753171828227374e+05 3.0238728742862085e+05 1.2156024892324739e+17 2.4100994315257276e+27
5.6850180485680912e-13 8.6924941488704248e+05 3.0297461891698855e+05 1.2233620178500968e+17 2.4491600454361686e+27
5.5551834203020698e-13 8.7098039047456754e+05 3.0355956705483119e+05 1.2311533219304368e+17 2.4893653825694100e+27
5.4283139595259256e-13 8.7272428998720471e+05 3.0414191347357805e+05 1.2389741992024541e+17 2.5308359819206153e+27
5.3043419476474946e-13 8.7448107331151841e+05 3.0472152696321282e+05 1.2468236654006315e+17 2.5734991424061088e+27
5.1832012126339740e-13 8.7625062202350225e+05 3.0529827351122512e+05 1.2547005970913915e+17 2.6175756179145159e+27
5.0648270936916735e-13 8.7803255386492074e+05 3.0587193209850905e+05 1.2626026725293368e+17 2.6628936499746718e+27
4.9491564067522283e-13 8.7982685372137220e+05 3.0644238288976159e+05 1.2705290358141829e+17 2.7096935624391135e+27
4.8361274107470329e-13 8.8163359389668715e+05 3.0700952610920905e+05 1.2784790222471178e+17 2.7576521472646269e+27
4.7256797746521049e-13 8.8345258296840568e+05 3.0757324619742780e+05 1.2864516353306098e+17 2.8074268786039029e+27
4.6177545452852868e-13 8.8528347365328600e+05 3.0813338344379573e+05 1.2944451070750336e+17 2.8585097105862018e+27
4.5122941158391827e-13 8.8712591053331702e+05 3.0868974403834261e+05 1.3024573117367421e+17 2.9112051419081284e+27
4.4092421951325472e-13 8.8898009198311740e+05 3.0924229583222006e+05 1.3104884872926568e+17 2.9655081084321667e+27
4.3085437775639206e-13 8.9084617701106705e+05 3.0979105066739244e+05 1.3185392503829882e+17 3.0215323410364420e+27
4.2101451137516242e-13 8.9272433670344797e+05 3.1033610296874348e+05 1.3266110979549888e+17 3.0790123695497484e+27
4.1139936818441155e-13 8.9461444204572507e+05 3.1087761500933755e+05 1.3347057719649274e+17 3.1384362629549213e+27
4.0200381594855675e-13 8.9651493086975103e+05 3.1141576728865114e+05 1.3428231433068027e+17 3.1995376314596873e+27
3.9282283964218600e-13 8.9841186374701269e+05 3.1194730598325806e+05 1.3509104599413229e+17 3.2618308786416775e+27
3.8385153877319545e-13 9.0030550402560143e+05 3.1247066362908931e+05 1.3589518890955747e+17 3.3256193724215287e+27
3.7508512476708503e-13 9.0220750379850378e+05 3.1298771454211476e+05 1.3669831413107880e+17 3.3912264085491630e+27
3.6651891841097572e-13 9.0411794399702956e+05 3.1349834179284459e+05 1.3750031590239146e+17 3.4589068890549415e+27
3.5814834735600098e-13 9.0603632718652952e+05 3.1400226038190117e+05 1.3830083610546982e+17 3.5284602715915729e+27
3.4996894367675177e-13 9.0796246663460229e+05 3.1449923651795957e+05 1.3909960591161843e+17 3.6001722395913489e+27
3.4197634148644563e-13 9.0989617420370295e+05 3.1498904953583446e+05 1.3989637137107018e+17 3.6740712251891846e+27
3.3416627460656126e-13 9.1183708427784313e+05 3.1547144114631420e+05 1.4069080962944352e+17 3.7501069392360709e+27
3.2653457428970620e-13 9.1378490948157851e+05 3.1594617002895981e+05 1.4148262466832848e+17 3.8285275868699695e+27
3.1907716699447724e-13 9.1573913146233663e+05 3.1641292412677762e+05 1.4227140839927152e+17 3.9090486612511115e+27
3.1179007221113923e-13 9.1769969244236033e+05 3.1687145203107659e+05 1.4305688545896960e+17 3.9922165321254325e+27
3.0466940033697372e-13 9.1966667923869635e+05 3.1732156469315919e+05 1.4383886698490510e+17 4.0775000017105329e+27
2.9771135060013152e-13 9.2163981060203945e+05 3.1776303993535024e+05 1.4461707034643030e+17 4.1659268573551392e+27
2.9091220903091890e-13 9.2361883897803386e+05 3.1819565852916369e+05 1.4539121769735530e+17 4.2567898683276973e+27
2.8426834647940371e-13 9.2560310540059756e+05 3.1861914855121844e+05 1.4616090851101930e+17 4.3503726063337324e+27
2.7777621667829500e-13 9.2759214865564439e+05 3.1903320986154315e+05 1.4692574091713830e+17 4.4465973924952069e+27
2.7143235435007391e-13 9.2958571899005875e+05 3.1943757042212482e+05 1.4768537512413187e+17 4.5458737171061630e+27
2.6523337335734285e-13 9.3158363155609788e+05 3.1983196248530434e+05 1.4843948474131376e+17 4.6481528712714016e+27
2.5917596489541772e-13 9.3358583467898029e+05 3.2021615428208525e+05 1.4918780420803805e+17 4.7534371447056646e+27
2.5325689572620839e-13 9.3559221921561705e+05 3.2058995661164261e+05 1.4993010132283274e+17 4.8617528005429418e+27
2.4747300645241784e-13 9.3760187241027609e+05 3.2095307823892450e+05 1.5066589399218810e+17 4.9733596320616594e+27
2.4182120983117104e-13 9.3961437212574796e+05 3.2130519972788933e+05 1.5139475330619261e+17 5.0886098421981996e+27
2.3629848912614671e-13 9.4162967379023565e+05 3.2164605357332836e+05 1.5211637080323901e+17 5.2070125911726152e+27
2.3090189649734352e-13 9.4364766095052066e+05 3.2197540855670773e+05 1.5283046366628346e+17 5.3289450061525184e+27
2.2562855142762949e-13 9.4566776221089845e+05 3.2229299531271606e+05 1.5353662370602925e+17 5.4547741734011422e+27
2.2047563918521709e-13 9.4768964124316233e+05 3.2259852600310365e+05 1.5423446797200832e+17 5.5842739253951112e+27
2.1544040932125280e-13 9.4971318432564975e+05 3.2289174119819771e+05 1.5492367278946563e+17 5.7174253333863366e+27
2.1052017420172673e-13 9.5173823485519062e+05 3.2317242329139559e+05 1.5560396722104118e+17 5.8546199011619947e+27
2.0571230757290243e-13 9.5376410038569989e+05 3.2344034569272376e+05 1.5627495641153008e+17 5.9959872838090182e+27
2.0101424315950971e-13 9.5579023740339652e+05 3.2369521264470363e+05 1.5693620200007747e+17 6.1414687652759149e+27
1.9642347329496030e-13 9.5781617729687307e+05 3.2393674331673258e+05 1.5758729304484416e+17 6.2914099834257083e+27
1.9193754758283432e-13 9.5984139940906060e+05 3.2416459735105990e+05 1.5822774403210074e+17 6.4456444097705979e+27
1.8755407158894795e-13 9.6186579226857645e+05 3.2437842620466702e+05 1.5885714029511597e+17 6.6046167022412418e+27
1.8327070556328355e-13 9.6388951672770211e+05 3.2457795741197502e+05 1.5947520099346554e+17 6.7681463165318383e+27
1.7908516319110873e-13 9.6591228512274672e+05 3.2476299102631561e+05 1.6008164580087882e+17 6.9366178073122553e+27
1.7499521037262478e-13 9.6793336700715427e+05 3.2493328523942077e+05 1.6067604121321229e+17 7.1100798203890025e+27
1.7099866403047436e-13 9.6995247711301956e+05 3.2508858076829079e+05 1.6125803647796390e+17 7.2886983682714136e+27
1.6709339094449448e-13 9.7196890709544835e+05 3.2522861984811886e+05 1.6182719193926570e+17 7.4725075837132765e+27
1.6327730661307397e-13 9.7398222878858214e+05 3.2535306950793997e+05 1.6238304712495264e+17 7.6608803955220694e+27
1.5954837414051565e-13 9.7599232765227137e+05 3.2546159181111911e+05 1.6292519457183091e+17 7.8564788637396147e+27
1.5590460314981504e-13 9.7799907520821888e+05 3.2555390281696728e+05 1.6345329637336128e+17 8.0570792392239523e+27
1.5234404872026269e-13 9.8000221376674820e+05 3.2562978366266447e+05 1.6396704834922797e+17 8.2634705817317140e+27
1.4886481034931015e-13 9.8200118143566768e+05 3.2568900610217208e+05 1.6446607409503725e+17 8.4758018618061299e+27
1.4546503093815020e-13 9.8399575938969129e+05 3.2573134728314634e+05 1.6495007781695901e+17 8.6946690366211719e+27
1.4214289580045901e-13 9.8598504169907433e+05 3.2575662896909501e+05 1.6541866019124413e+17 8.9197946087812730e+27
1.3889663169377659e-13 9.8796850449334667e+05 3.2576451742234529e+05 1.6587134015105683e+17 9.1512512150563267e+27
1.3572450587301461e-13 9.8994605126627302e+05 3.2575462309520395e+05 1.6630767535679328e+17 9.3893379743420105e+27
1.3262482516557153e-13 9.9191784893364809e+05 3.2572665449598269e+05 1.6672739123546931e+17 9.6347392419003802e+27
1.2959593506757878e-13 9.9388371699634276e+05 3.2568050984612620e+05 1.6713033798007946e+17 9.8868062530715539e+27
1.2663621886078123e-13 9.9584220000992087e+05 3.2561619227491145e+05 1.6751618322302390e+17 1.0146374920213494e+28
1.2374409674958667e-13 9.9779264075911592e+05 3.2553335861261812e+05 1.6788441046606877e+17 1.0413022483214533e+28
1.2091802501782780e-13 9.9973484558336856e+05 3.2543156783489784e+05 1.6823451000210880e+17 1.0687420405482181e+28
1.1815649520477777e-13 1.0016688359739872e+06 3.2531045030485169e+05 1.6856610300764144e+17 1.0969539242782926e+28
1.1545803329998362e-13 1.0035944015172594e+06 3.2516975635268964e+05 1.6887888595785357e+17 1.1259704140611465e+28
1.1282119895649331e-13 1.0055110380454893e+06 3.2500931983049196e+05 1.6917257630204400e+17 1.1557962024197578e+28
1.1024458472204377e-13 1.0074184514545717e+06 3.2482890643579199e+05 1.6944687299190435e+17 1.1865221910909945e+28
1.0772681528781416e-13 1.0093162725100955e+06 3.2462841067488131e+05 1.6970159363109434e+17 1.2180477462795281e+28
1.0526654675433147e-13 1.0112034897802022e+06 3.2440774929963244e+05 1.6993642313291232e+17 1.2504760357969021e+28
1.0286246591414157e-13 1.0130796954258143e+06 3.2416659902510443e+05 1.7015094318861949e+17 1.2837474133027202e+28
1.0051328955086642e-13 1.0149446207842332e+06 3.2390458608337404e+05 1.7034473266283805e+17 1.3179848893291143e+28
9.8217763754265583e-14 1.0167981830491346e+06 3.2362141208903369e+05 1.7051748002053715e+17 1.3531557209392816e+28
9.5974663250940560e-14 1.0186401942307161e+06 3.2331690633686818e+05 1.7066900138070598e+17 1.3892775023637216e+28
9.3782790750328011e-14 1.0204697219141894e+06 3.2299116014438117e+05 1.7079919273186573e+17 1.4264025171914107e+28
9.1640976305625656e-14 1.0222860899618431e+06 3.2264395017623692e+05 1.7090769046684589e+17 1.4645120142798474e+28
8.9548076689313450e-14 1.0240889145769940e+06 3.2227493643253273e+05 1.7099408805790426e+17 1.5036212182717626e+28
8.7502974782940347e-14 1.0258779876173385e+06 3.2188375384969520e+05 1.7105800504236320e+17 1.5438037358513625e+28
8.5504578980841602e-14 1.0276530671924220e+06 3.2147013312305586e+05 1.7109915627135738e+17 1.5850537452611667e+28
8.3551822607479450e-14 1.0294138745944691e+06 3.2103390461375058e+05 1.7111735578767056e+17 1.6273967991010198e+28
8.1643663348086941e-14 1.0311598557108409e+06 3.2057499590229988e+05 1.7111244803935475e+17 1.6708649079709964e+28
7.9779082692314898e-14 1.0328907305645556e+06 3.2009318919116881e+05 1.7108420545484896e+17 1.7154825429299836e+28
7.7957085390588123e-14 1.0346062268579172e+06 3.1958837999283749e+05 1.7103252352469802e+17 1.7612464341475829e+28
7.6176698922872544e-14 1.0363057616099997e+06 3.1906056779887818e+05 1.7095732438724947e+17 1.8081501954681674e+28
7.4436972979579387e-14 1.0379891033459257e+06 3.1850958031942666e+05 1.7085845217362426e+17 1.8563523087906440e+28
7.2736978954321352e-14 1.0396559230745386e+06 3.1793547841627873e+05 1.7073596814011539e+17 1.9057066766270865e+28
7.1075809448253324e-14 1.0413051714781256e+06 3.1733853536290932e+05 1.7058994785588627e+17 1.9562928046163997e+28
6.9452577785735583e-14 1.0429363225711295e+06 3.1671850527808664e+05 1.7042009050294192e+17 2.0081623758990237e+28
6.7866417541055714e-14 1.0445489230576496e+06 3.1607508504194272e+05 1.7022606434344826e+17 2.0612923700834845e+28
6.6316482075959181e-14 1.0461426640323630e+06 3.1540793869832740e+05 1.7000755149702198e+17 2.1156850759428810e+28
6.4801944087744509e-14 1.0477171778512010e+06 3.1471682150942506e+05 1.6976431648187725e+17 2.1713861564948218e+28
6.3321995167676364e-14 1.0492721180074532e+06 3.1400148995516595e+05 1.6949613809085683e+17 2.2284615154543322e+28
6.1875845369483762e-14 1.0508073089723811e+06 3.1326166576744907e+05 1.6920281630193795e+17 2.2869201159429806e+28
6.0462722787715319e-14 1.0523225967469059e+06 3.1249719594538858e+05 1.6888428939591494e+17 2.3467673476885377e+28
5.9081873145721601e-14 1.0538179491933587e+06 3.1170806851767295e+05 1.6854067510554822e+17 2.4080375958925981e+28
5.7732559393047217e-14 1.0552926825344453e+06 3.1089491789105599e+05 1.6817253732412698e+17 2.4707735320733368e+28
5.6414061312020209e-14 1.0567461829714554e+06 3.1005786822159728e+05 1.6777996116906438e+17 2.5348361568903416e+28
5.5125675133322412e-14 1.0581781681694794e+06 3.0919679560128233e+05 1.6736288813649898e+17 2.6005388987565451e+28
5.3866713160343085e-14 1.0595882229600286e+06 3.0831184366892133e+05 1.6692148797102118e+17 2.6675078288423495e+28
5.2636503402109189e-14 1.0609757092614244e+06 3.0740313908832433e+05 1.6645584736669546e+17 2.7360437324275447e+28
5.1434389214598862e-14 1.0623402055290239e+06 3.0647052720755071e+05 1.6596585256169914e+17 2.8059604802595580e+28
5.0259728950248755e-14 1.0636813234903589e+06 3.0551383844966587e+05 1.6545139019214669e+17 2.8775004943799617e+28
4.9111895615462751e-14 1.0649987734580298e+06 3.0453284924220474e+05 1.6491233472947357e+17 2.9505872000364236e+28
4.7990276535945624e-14 1.0662922914777372e+06 3.0352745737679990e+05 1.6434868962088310e+17 3.0250801789707546e+28
4.6894273029677714e-14 1.0675616904929718e+06 3.0249761962520995e+05 1.6376054203404621e+17 3.1012274843935335e+28
4.5823300087358381e-14 1.0688066264951841e+06 3.0144367209482181e+05 1.6314829253712096e+17 3.1789361493015662e+28
4.4776786060149089e-14 1.0700266342358727e+06 3.0036581651117699e+05 1.6251218003836045e+17 3.2581970851175502e+28
4.3754172354546191e-14 1.0712214470103246e+06 2.9926400936563866e+05 1.6185227907664602e+17 3.3389260364507709e+28
4.2754913134222209e-14 1.0723908692457329e+06 2.9813833049384516e+05 1.6116880311258707e+17 3.4212672828619059e+28
4.1778475028678120e-14 1.0735344418104291e+06 2.9698921071173577e+05 1.6046221154706554e+17 3.5053060511814293e+28
4.0824336848547811e-14 1.0746518046956356e+06 2.9581669461789948e+05 1.5973264008314528e+17 3.5908551170113673e+28
3.9891989307404462e-14 1.0757426866209144e+06 2.9462077626627445e+05 1.5898021072813302e+17 3.6780478282522846e+28
3.8980934749921996e-14 1.0768068336430714e+06 2.9340161354762240e+05 1.5820520252975670e+17 3.7666748705804858e+28
3.8090686886242321e-14 1.0778438562563474e+06 2.9215947857650701e+05 1.5740795776170915e+17 3.8570627990687665e+28
3.7220770532411519e-14 1.0788534717855349e+06 2.9089439535756165e+05 1.5658863180033027e+17 3.9488632853524503e+28
3.6370721356742348e-14 1.0798354672717191e+06 2.8960641188748839e+05 1.5574742663977859e+17 4.0423743255187686e+28
3.5540085631969392e-14 1.0807895996732672e+06 2.8829585335098964e+05 1.5488478363546442e+17 4.1373784574328115e+28
3.4728419993065977e-14 1.0817155342553772e+06 2.8696300310696400e+05 1.5400107776104413e+17 4.2339324196944102e+28
3.3935291200589816e-14 1.0826130364031547e+06 2.8560792771047185e+05 1.5309652746998986e+17 4.3320867332700176e+28
3.3160275909435640e-14 1.0834819471390764e+06 2.8423073866832716e+05 1.5217141835541075e+17 4.4316392619251908e+28
3.2402960442867525e-14 1.0843220629064012e+06 2.8283197095221042e+05 1.5122638301799488e+17 4.5329879676603952e+28
3.1662940571711986e-14 1.0851330537742528e+06 2.8141196799363266e+05 1.5026185434104637e+17 4.6356535815782188e+28
3.0939821298595029e-14 1.0859146827180206e+06 2.7997083157239493e+05 1.4927808392867789e+17 4.7398874650024059e+28
3.0233216647105607e-14 1.0866667620090493e+06 2.7850869380265404e+05 1.4827536962125254e+17 4.8455600189038500e+28
2.9542749455774224e-14 1.0873891145090926e+06 2.7702592639194301e+05 1.4725421244913062e+17 4.9526074793322481e+28
2.8868051176757726e-14 1.0880815156454332e+06 2.7552281131780206e+05 1.4621502398481760e+17 5.0611946460796804e+28
2.8208761679120653e-14 1.0887438065489361e+06 2.7399950843251392e+05 1.4515813524112304e+17 5.1710352718683752e+28
2.7564529056609296e-14 1.0893759164534372e+06 2.7245621593701077e+05 1.4408393652156678e+17 5.2823856244284266e+28
2.6935009439816838e-14 1.0899778245517483e+06 2.7089363854988490e+05 1.4299324378418205e+17 5.3950274448413682e+28
2.6319866812637211e-14 1.0905492854140601e+06 2.6931244738191756e+05 1.4188677134935547e+17 5.5091101811227520e+28
2.5718772832910860e-14 1.0910900978130801e+06 2.6771283237003325e+05 1.4076485250074515e+17 5.6242988731139734e+28
2.5131406657167638e-14 1.0916000887589250e+06 2.6609499400056008e+05 1.3962783835583070e+17 5.7406747700217974e+28
2.4557454769370657e-14 1.0920791431365910e+06 2.6445922553562094e+05 1.3847617021956901e+17 5.8582363948183976e+28
2.3996610813572847e-14 1.0925271167228771e+06 2.6280593910944270e+05 1.3731037440708576e+17 5.9770461897120434e+28
2.3448575430394285e-14 1.0929438775435002e+06 2.6113537510058220e+05 1.3613084287450027e+17 6.0968868742078496e+28
2.2913056097234067e-14 1.0933293451188812e+06 2.5944778270251534e+05 1.3493798938775051e+17 6.2177828600149709e+28
2.2389766972132404e-14 1.0936835255389623e+06 2.5774348246538034e+05 1.3373230773318230e+17 6.3396683845268206e+28
2.1878428741197178e-14 1.0940064539842703e+06 2.5602327419341230e+05 1.3251466121686366e+17 6.4627882426246357e+28
2.1378768469516348e-14 1.0942980442271084e+06 2.5428758641417039e+05 1.3128558472804592e+17 6.5865814806871302e+28
2.0890519455474319e-14 1.0945582409484766e+06 2.5253670392879477e+05 1.3004551023790091e+17 6.7112050317262285e+28
2.0413421088395478e-14 1.0947870488897811e+06 2.5077093547110466e+05 1.2879490509234806e+17 6.8367104447974030e+28
1.9947218709439593e-14 1.0949846320132858e+06 2.4899091078497210e+05 1.2753451091289874e+17 6.9632262695519104e+28
1.9491663475673367e-14 1.0951510314926908e+06 2.4719757332352764e+05 1.2626526061712008e+17 7.0898741135713952e+28
1.9046512227246311e-14 1.0952861774724938e+06 2.4539125111961711e+05 1.2498758561690926e+17 7.2174164978029467e+28
1.8611527357600804e-14 1.0953900294975846e+06 2.4357226531911915e+05 1.2370192044731805e+17 7.3454873830672979e+28
1.8186476686645556e-14 1.0954625750159647e+06 2.4174094816015183e+05 1.2240871537881021e+17 7.4738529826225606e+28
1.7771133336825583e-14 1.0955039000422473e+06 2.3989783804131916e+05 1.2110858519797643e+17 7.6029612177741660e+28
1.7365275612023216e-14 1.0955140263132623e+06 2.3804341869695368e+05 1.1980208355448389e+17 7.7322609289651560e+28
1.6968686879223694e-14 1.0954929784280513e+06 2.3617803644412840e+05 1.1848966107183197e+17 7.8617463858636738e+28
1.6581155452884349e-14 1.0954408293689762e+06 2.3430205150480382e+05 1.1717178749215118e+17 7.9914836613341902e+28
1.6202474481943860e-14 1.0953577506578446e+06 2.3241587229301041e+05 1.1584898712835094e+17 8.1214408706444958e+28
1.5832441839412017e-14 1.0952441023994368e+06 2.3052055015950772e+05 1.1452226694661730e+17 8.2514118005336517e+28
1.5470860014481690e-14 1.0950999962311736e+06 2.2861675359750871e+05 1.1319228537606554e+17 8.3813534099618061e+28
1.5117536007103770e-14 1.0949254560056911e+06 2.2670485257022540e+05 1.1185947174228480e+17 8.5111128525351526e+28
1.4772281224970779e-14 1.0947205700758584e+06 2.2478522223729853e+05 1.1052426104335525e+17 8.6408596753374109e+28
1.4434911382852522e-14 1.0944854478486148e+06 2.2285825251079371e+05 1.0918710459237117e+17 8.7701991363524039e+28
1.4105246404230745e-14 1.0942203036464562e+06 2.2092455703576503e+05 1.0784861958176059e+17 8.8991696810703926e+28
1.3783110325180794e-14 1.0939252758575203e+06 2.1898463920180150e+05 1.0650932065660157e+17 9.0276718416215123e+28
1.3468331200447878e-14 1.0936004951358042e+06 2.1703888590493973e+05 1.0516963551644392e+17 9.1558308536273350e+28
1.3160741011668400e-14 1.0932461206760753e+06 2.1508768951669571e+05 1.0382999829827872e+17 9.2835015586651308e+28
1.2860175577687812e-14 1.0928623810549490e+06 2.1313145536940856e+05 1.0249086064177130e+17 9.4101782050066813e+28
1.2566474466926146e-14 1.0924497199088968e+06 2.1117097249869441e+05 1.0115296184282163e+17 9.5362389308235862e+28
1.2279480911744954e-14 1.0920084839923454e+06 2.0920708536102614e+05 9.9817034057146928e+16 9.6615202534066500e+28
1.1999041724770400e-14 1.0915388381092439e+06 2.0724018994600000e+05 9.8483470483924272e+16 9.7859452992644787e+28
1.1725007217126900e-14 1.0910409729521740e+06 2.0527068189822725e+05 9.7152663344099392e+16 9.9092737282932732e+28
1.1457231118538169e-14 1.0905151196103671e+06 2.0329896219463382e+05 9.5825010542632320e+16 1.0031526342555891e+29
1.1195570499253468e-14 1.0899616102891795e+06 2.0132552753853530e+05 9.4500985081886976e+16 1.0152435348953161e+29
1.0939885693756198e-14 1.0893809235153894e+06 1.9935123973470330e+05 9.3181299526125520e+16 1.0272342697029580e+29
1.0690040226215535e-14 1.0887732872014670e+06 1.9737655706613249e+05 9.1866352517804256e+16 1.0391072683653218e+29
1.0445900737640148e-14 1.0881388944133166e+06 1.9540182162917312e+05 9.0556456149665248e+16 1.0508170991574688e+29
1.0207336914695582e-14 1.0874779583348969e+06 1.9342731060426446e+05 8.9251883443510992e+16 1.0623765070191625e+29
9.9742214201477500e-15 1.0867908123246075e+06 1.9145341643441521e+05 8.7952996132172704e+16 1.0738046155858321e+29
9.7464298248943204e-15 1.0860780167725834e+06 1.8948084131053800e+05 8.6660376146114096e+16 1.0850784058073755e+29
9.5238405415489943e-15 1.0853401036766318e+06 1.8751040658689567e+05 8.5374649942591888e+16 1.0961629850623347e+29
9.3063347595421789e-15 1.0845773768979402e+06 1.8554250009739658e+05 8.4096130916202272e+16 1.1070535929593714e+29
9.0937963817038467e-15 1.0837902408843436e+06 1.8357764153283165e+05 8.2825220635059552e+16 1.1177813862807758e+29
8.8861119622950472e-15 1.0829790684960696e+06 1.8161634092793125e+05 8.1562296521569840e+16 1.1283329911352544e+29
8.6831706464543330e-15 1.0821441585991504e+06 1.7965896555824668e+05 8.0307631301998240e+16 1.1386631432174026e+29
8.4848641110271021e-15 1.0812857915548983e+06 1.7770582068529926e+05 7.9061452621884416e+16 1.1487864553285046e+29
8.2910865067466053e-15 1.0804043026934452e+06 1.7575721971706551e+05 7.7823997310879376e+16 1.1587290491903931e+29
8.1017344017351153e-15 1.0795001109953832e+06 1.7381352780998591e+05 7.6595540348681008e+16 1.1684452799897731e+29
7.9167067262954120e-15 1.0785738932663456e+06 1.7187546287264375e+05 7.5376589921308080e+16 1.1779350175122896e+29
7.7359047189634282e-15 1.0776262223638110e+06 1.6994368995515775e+05 7.4167583937864560e+16 1.1872211059713622e+29
7.5592318737926421e-15 1.0766574440974775e+06 1.6801854764680224e+05 7.2968733023219872e+16 1.1962667323595059e+29
7.3865938888424051e-15 1.0756678795969239e+06 1.6610031008399185e+05 7.1780201940386968e+16 1.2050735799776868e+29
7.2178986158429975e-15 1.0746578891894475e+06 1.6418923536175967e+05 7.0602148794426344e+16 1.2136498521428112e+29
7.0530560110097832e-15 1.0736279280664606e+06 1.6228565303627684e+05 6.9434780728588264e+16 1.2219622906453450e+29
6.8919780869811397e-15 1.0725786966628507e+06 1.6039014226305942e+05 6.8278469017654488e+16 1.2300288277012478e+29
6.7345788658535760e-15 1.0715109687097184e+06 1.5850351598502730e+05 6.7133700433545752e+16 1.2378909443365053e+29
6.5807743332898606e-15 1.0704251226510846e+06 1.5662609027798957e+05 6.6000624854686680e+16 1.2454408618272595e+29
6.4304823936749431e-15 1.0693214830914068e+06 1.5475810940937561e+05 6.4879339956949896e+16 1.2527586608411683e+29
6.2836228262960381e-15 1.0682002986914418e+06 1.5289966160741058e+05 6.3769849234541280e+16 1.2597830529851073e+29
6.1401172425237023e-15 1.0670619994076232e+06 1.5105100807632867e+05 6.2672269989970928e+16 1.2666100510030802e+29
5.9998890439705759e-15 1.0659070786812208e+06 1.4921244609304008e+05 6.1586742131986800e+16 1.2731099597155355e+29
5.8628633816057044e-15 1.0647362106298225e+06 1.4738449074065968e+05 6.0513532839867432e+16 1.2793718035446786e+29
5.7289671158028247e-15 1.0635498972200465e+06 1.4556748123599077e+05 5.9452785006943192e+16 1.2853555297284568e+29
5.5981287773008504e-15 1.0623485872468289e+06 1.4376167078415534e+05 5.8404584805531424e+16 1.2910724628126341e+29
5.4702785290559493e-15 1.0611327737133733e+06 1.4196734634582649e+05 5.7369035898468768e+16 1.2965148807718054e+29
5.3453481289650542e-15 1.0599029467998261e+06 1.4018479067557232e+05 5.6346232691674024e+16 1.3016653936686453e+29
5.2232708934404756e-15 1.0586595657540110e+06 1.3841423298745780e+05 5.5336233192559216e+16 1.3065841447387904e+29
5.1039816618164203e-15 1.0574030673170222e+06 1.3665588510474694e+05 5.4339081662680896e+16 1.3111932530263766e+29
4.9874167615685985e-15 1.0561338994353048e+06 1.3490991693555031e+05 5.3354796413221528e+16 1.3155229210227338e+29
4.8735139743278304e-15 1.0548525482460232e+06 1.3317653056381978e+05 5.2383414556140784e+16 1.3195772791501759e+29
4.7622125026701672e-15 1.0535595274496579e+06 1.3145592825565388e+05 5.1424972728512480e+16 1.3233876271101306e+29
4.6534529376651431e-15 1.0522555167431317e+06 1.2974845776473514e+05 5.0479589851461728e+16 1.3269198570533294e+29
4.5471772271654456e-15 1.0509411125383980e+06 1.2805441767577546e+05 4.9547344085343728e+16 1.3301691898385912e+29
4.4433286448206034e-15 1.0496168103646571e+06 1.2637398396333483e+05 4.8628238696693256e+16 1.3331443541037496e+29
4.3418517597983386e-15 1.0482831304338308e+06 1.2470733854497322e+05 4.7722279165454896e+16 1.3358337161848126e+29
4.2426924071975897e-15 1.0469406487135908e+06 1.2305471680652192e+05 4.6829497317085544e+16 1.3383048864016863e+29
4.1457976591370770e-15 1.0455898755885323e+06 1.2141628412919145e+05 4.5949880875759608e+16 1.3404653539643390e+29
4.0511157965041552e-15 1.0442313155375354e+06 1.1979218593413904e+05 4.5083404595406864e+16 1.3423964934913126e+29
3.9585962813490184e-15 1.0428655103601065e+06 1.1818259085978230e+05 4.4230055093297936e+16 1.3440496375590789e+29
3.8681897299092095e-15 1.0414930164382843e+06 1.1658767839714758e+05 4.3389820594792112e+16 1.3454623093476626e+29
3.7798478862502085e-15 1.0401143383132819e+06 1.1500757248420299e+05 4.2562656409489840e+16 1.3466083448175123e+29
3.6935235965081540e-15 1.0387299925994853e+06 1.1344239173088830e+05 4.1748514499674792e+16 1.3475256903206731e+29
3.6091707837206704e-15 1.0373406177834965e+06 1.1189235855105550e+05 4.0947400876162400e+16 1.3482085680427486e+29
3.5267444232325131e-15 1.0359467634999837e+06 1.1035763906894808e+05 4.0159283240413080e+16 1.3486198111870501e+29
3.4462005186630304e-15 1.0345488932496824e+06 1.0883832474715776e+05 3.9384085941256584e+16 1.3488133628268796e+29
3.3674960784223519e-15 1.0331474423032238e+06 1.0733448868559275e+05 3.8621720787553000e+16 1.3487514047234419e+29
3.2905890927639030e-15 1.0317427132578416e+06 1.0584607336211398e+05 3.7872031404760744e+16 1.3484691976538720e+29
3.2154385113611301e-15 1.0303351295333515e+06 1.0437311148196501e+05 3.7134912738471432e+16 1.3479649325445080e+29
3.1420042213961282e-15 1.0289251618963322e+06 1.0291566806356692e+05 3.6410275241250952e+16 1.3472443796477663e+29
3.0702470261488918e-15 1.0275132017798624e+06 1.0147377091907931e+05 3.5698007159163420e+16 1.3462278035788681e+29
3.0001286240753394e-15 1.0260994779287906e+06 1.0004726738855081e+05 3.4997907477108996e+16 1.3450824021333372e+29
2.9316115883633456e-15 1.0246844293464608e+06 9.8636164287376945e+04 3.4309862853200288e+16 1.3436962027198419e+29
2.8646593469555428e-15 1.0232685536006176e+06 9.7240504626230162e+04 3.3633778754332112e+16 1.3420827469920466e+29
2.7992361630283719e-15 1.0218523209196136e+06 9.5860315742645253e+04 3.2969551238829416e+16 1.3402922420801646e+29
2.7353071159170559e-15 1.0204361780856680e+06 9.4495583422794502e+04 3.2317056997444552e+16 1.3383176019719634e+29
2.6728380824761013e-15 1.0190205990523709e+06 9.3146323114465908e+04 3.1676187825193088e+16 1.3361272451725990e+29
2.6117957188654957e-15 1.0176060874590462e+06 9.1812554884430894e+04 3.1046838638814224e+16 1.3337580344759908e+29
2.5521474427529691e-15 1.0161931601346303e+06 9.0494306168489376e+04 3.0428908176019100e+16 1.3312185022128297e+29
2.4938614159226217e-15 1.0147824280387930e+06 8.9191684485620950e+04 2.9822332110758172e+16 1.3284538802161890e+29
2.4369065272807395e-15 1.0133743652419500e+06 8.7904711760316088e+04 2.9227000451562080e+16 1.3255846188913995e+29
2.3812523762498158e-15 1.0119693938086600e+06 8.6633383603530980e+04 2.8642788930034356e+16 1.3225090282403695e+29
2.3268692565417277e-15 1.0105678593656393e+06 8.5377666382637472e+04 2.8069556134160020e+16 1.3192583322769840e+29
2.2737281403015041e-15 1.0091696789558339e+06 8.4137193161958887e+04 2.7507006437969500e+16 1.3158766887476744e+29
2.2218006626133126e-15 1.0077751790892688e+06 8.2911830776553863e+04 2.6954968570145908e+16 1.3123261145053656e+29
2.1710591063601611e-15 1.0063848456878238e+06 8.1701560663551776e+04 2.6413326818927480e+16 1.3086369007218003e+29
2.1214763874295099e-15 1.0049991647644191e+06 8.0506360133549388e+04 2.5881964075188528e+16 1.3048154565869782e+29
2.0730260402566669e-15 1.0036186732135263e+06 7.9326241661878375e+04 2.5360779823264436e+16 1.3008553809162029e+29
2.0256822036983470e-15 1.0022438626313844e+06 7.8161199833043691e+04 2.4849663322542316e+16 1.2967526375688356e+29
1.9794196072289361e-15 1.0008751733135036e+06 7.7011198283634250e+04 2.4348489353798484e+16 1.2925275946252758e+29
1.9342135574518784e-15 9.9951302604736225e+05 7.5876196702601563e+04 2.3857130545253308e+16 1.2881788938784961e+29
1.8900399249192402e-15 9.9815772048137803e+05 7.4756084145493835e+04 2.3375426891889144e+16 1.2837470506188868e+29
1.8468751312522100e-15 9.9680947678056464e+05 7.3650673706357673e+04 2.2903189816224044e+16 1.2791554071167457e+29
1.8046961365557400e-15 9.9546872454520175e+05 7.2559911631308743e+04 2.2440293103682420e+16 1.2744979906109046e+29
1.7634804271206827e-15 9.9413588374055771e+05 7.1483745254663503e+04 2.1986611014058124e+16 1.2697187755359031e+29
1.7232060034067163e-15 9.9281131853073230e+05 7.0422104338783087e+04 2.1542009298303616e+16 1.2648654787216977e+29
1.6838513682997199e-15 9.9149519684580155e+05 6.9374783599198621e+04 2.1106297061131580e+16 1.2599175776834919e+29
1.6453955156373893e-15 9.9018788371641783e+05 6.8341683739106302e+04 2.0679334729247968e+16 1.2548475424904960e+29
1.6078179189968424e-15 9.8888978153354046e+05 6.7322741354578364e+04 2.0260998503177564e+16 1.2497351760216971e+29
1.5710985207382948e-15 9.8760126499462663e+05 6.6317889978340740e+04 1.9851162812303164e+16 1.2445343437651332e+29
1.5352177212990160e-15 9.8632252127598238e+05 6.5326963279170355e+04 1.9449659175433716e+16 1.2392687289812630e+29
1.5001563687317299e-15 9.8505370139130321e+05 6.4349737056488244e+04 1.9056301251956712e+16 1.2339182059752364e+29
1.4658957484819409e-15 9.8379519314454659e+05 6.3386138098084688e+04 1.8670968787689920e+16 1.2285374588871389e+29
1.4324175733987857e-15 9.8254735644366685e+05 6.2436092240824415e+04 1.8293540607999984e+16 1.2230786280798991e+29
1.3997039739739272e-15 9.8131046300644788e+05 6.1499504673244694e+04 1.7923885018877932e+16 1.2175476097057205e+29
1.3677374888034679e-15 9.8008423686538404e+05 6.0575937187938871e+04 1.7561732563350060e+16 1.2119849502123947e+29
1.3365010552676013e-15 9.7886891161852167e+05 5.9665177918742818e+04 1.7206919976097888e+16 1.2063512440970413e+29
1.3059780004232072e-15 9.7766492965392652e+05 5.8767150147432585e+04 1.6859340628224606e+16 1.2006797790549511e+29
1.2761520321043861e-15 9.7647273254563904e+05 5.7881776157531989e+04 1.6518888292570532e+16 1.1949718054465033e+29
1.2470072302262402e-15 9.7529273049106495e+05 5.7008967791089737e+04 1.6185452862166154e+16 1.1892071796997230e+29
1.2185280382873081e-15 9.7412529938427708e+05 5.6148610068615992e+04 1.5858915206707800e+16 1.1834672813694572e+29
1.1906992550660171e-15 9.7297085570113675e+05 5.5300615898377189e+04 1.5539168428681266e+16 1.1776475993687631e+29
1.1635060265067758e-15 9.7182982043474203e+05 5.4464901936297298e+04 1.5226107960636404e+16 1.1718534236678472e+29
1.1369338377914151e-15 9.7070259181582741e+05 5.3641382616684517e+04 1.4919628542123422e+16 1.1660273753215883e+29
1.1109685055916584e-15 9.6958948916542472e+05 5.2829938835490706e+04 1.4619612132849022e+16 1.1601894146515849e+29
1.0855961704985305e-15 9.6849078400042292e+05 5.2030412338883652e+04 1.4325928194794354e+16 1.1543286655982834e+29
1.0608032896247057e-15 9.6740686490074208e+05 5.1242713568639389e+04 1.4038474344265762e+16 1.1484698040043369e+29
1.0365766293757621e-15 9.6633808871026756e+05 5.0466752762213604e+04 1.3757147813937022e+16 1.1426109702555395e+29
1.0129032583865274e-15 9.6528476499533479e+05 4.9702440188505447e+04 1.3481845060474824e+16 1.1367349039693851e+29
9.8977054061878349e-16 9.6424678578877822e+05 4.8949479091753266e+04 1.3212383539619084e+16 1.1309269998345800e+29
9.6716612861656596e-16 9.6322400452813343e+05 4.8207447253483340e+04 1.2948546784499418e+16 1.1251217299640026e+29
9.4507795691550233e-16 9.6221691534655297e+05 4.7476254520364724e+04 1.2690247469457568e+16 1.1192961951873122e+29
9.2349423560270548e-16 9.6122602261443320e+05 4.6755814799654851e+04 1.2437400812413984e+16 1.1134886690218104e+29
9.0240344402369017e-16 9.6025184499347187e+05 4.6046041488251460e+04 1.2189923200618654e+16 1.1076988151762094e+29
8.8179432463306952e-16 9.5929502207390114e+05 4.5346905509227880e+04 1.1947753390867640e+16 1.1019643783481794e+29
8.6165587698563285e-16 9.5835620738612628e+05 4.4658424867095637e+04 1.1710844408349896e+16 1.0962262400162379e+29
8.4197735186470735e-16 9.5743583917218726e+05 4.3980510602064467e+04 1.1479109843134198e+16 1.0906118456281250e+29
8.2274824554458266e-16 9.5653431408802024e+05 4.3313053646499982e+04 1.1252456974204626e+16 1.0849508129601956e+29
8.0395829418396960e-16 9.5565204667335597e+05 4.2655954904534905e+04 1.1030797834903698e+16 1.0793403319831266e+29
