8.0395829418396959e-13 8.3701446915731381e+05 2.9087201527311467e+05 1.0777585531889672e+17 1.9287156212010137e+27
7.8559746834753246e-13 8.3854558004503197e+05 2.9146754582776187e+05 1.0847413621888499e+17 1.9544776280926411e+27
7.6765596765250801e-13 8.4009255234005605e+05 2.9206295361075422e+05 1.0917735782330152e+17 1.9811644719577231e+27
7.5012421553758558e-13 8.4165543053688155e+05 2.9265815997478378e+05 1.0988550596939214e+17 2.0086517129618750e+27
7.3299285415128468e-13 8.4323398559098039e+05 2.9325300067915802e+05 1.1059845841570600e+17 2.0370355424810603e+27
7.1625273935704306e-13 8.4482797078769561e+05 2.9384730066565052e+05 1.1131607939344752e+17 2.0663169920403794e+27
6.9989493585237990e-13 8.4643722725528060e+05 2.9444089652834024e+05 1.1203825167966894e+17 2.0964779130836176e+27
6.8391071239955609e-13 8.4806173821723869e+05 2.9503366590936115e+05 1.1276491054952189e+17 2.1277101891943931e+27
6.6829153716511489e-13 8.4970169596369646e+05 2.9562556408713030e+05 1.1349608610297150e+17 2.1597348422508118e+27
6.5302907316589952e-13 8.5135701667159994e+05 2.9621648671932583e+05 1.1423172204177163e+17 2.1929287152032964e+27
6.3811517381904706e-13 8.5302746098892100e+05 2.9680627185521834e+05 1.1497169028069037e+17 2.2271436349907758e+27
6.2354187859361313e-13 8.5471278882611101e+05 2.9739475143047061e+05 1.1571585496717744e+17 2.2623807717610138e+27
6.0930140876152718e-13 8.5641300530862133e+05 2.9798182286284189e+05 1.1646416891846634e+17 2.2987485594707276e+27
5.9538616324556484e-13 8.5812811151528172e+05 2.9856739688872587e+05 1.1721659654606328e+17 2.3362882833389065e+27
5.8178871456214496e-13 8.5985795993676980e+05 2.9915133769332699e+05 1.1797304061623582e+17 2.3750372117158448e+27
5.6850180485680912e-13 8.6160266536757967e+05 2.9973358924025751e+05 1.1873351023668445e+17 2.4149111442691099e+27
5.5551834203020698e-13 8.6336224571326270e+05 3.0031409400090534e+05 1.1949800126361275e+17 2.4561051507269403e+27
5.4283139595259256e-13 8.6513645568711322e+05 3.0089271351111180e+05 1.2026640121687160e+17 2.4985941698446361e+27
5.3043419476474946e-13 8.6692539285696379e+05 3.0146940909595060e+05 1.2103873387508685e+17 2.5423674092695884e+27
5.1832012126339740e-13 8.6872907655483903e+05 3.0204414879737282e+05 1.2181502044589314e+17 2.5875859400738188e+27
5.0648270936916735e-13 8.7054728582838294e+05 3.0261682970043214e+05 1.2259518378610533e+17 2.6341585941089408e+27
4.9491564067522283e-13 8.7238019393397018e+05 3.0318746516799310e+05 1.2337931003920162e+17 2.6823118546696952e+27
4.8361274107470329e-13 8.7422800832970068e+05 3.0375611304224073e+05 1.2416753288222786e+17 2.7318758655208179e+27
4.7256797746521049e-13 8.7609081937731046e+05 3.0432283829031634e+05 1.2495998075053360e+17 2.7830196379067969e+27
4.6177545452852868e-13 8.7796850196652603e+05 3.0488769850409852e+05 1.2575674781549376e+17 2.8357716877410229e+27
4.5122941158391827e-13 8.7986096854484675e+05 3.0545076241313841e+05 1.2655794580597158e+17 2.8902101546189860e+27
4.4092421951325472e-13 8.8176877568815125e+05 3.0601233117972093e+05 1.2736400121810957e+17 2.9463777459224657e+27
4.3085437775639206e-13 8.8369248532434681e+05 3.0657284755016462e+05 1.2817548730883712e+17 3.0039938154261933e+27
4.2101451137516242e-13 8.8563281727636268e+05 3.0713301090171654e+05 1.2899325686204547e+17 3.0637925172291793e+27
4.1139936818441155e-13 8.8759039894136670e+05 3.0769394066962186e+05 1.2981857029245160e+17 3.1253778297840173e+27
4.0200381594855675e-13 8.8956079576606222e+05 3.0825677721039206e+05 1.3065198580786432e+17 3.1885279921341044e+27
3.9282283964218600e-13 8.9149724205646582e+05 3.0881067237715103e+05 1.3147610529125456e+17 3.2517088287696263e+27
3.8385153877319545e-13 8.9340113619118708e+05 3.0935092463353951e+05 1.3228633729425917e+17 3.3150931512102267e+27
3.7508512476708503e-13 8.9531209056869161e+05 3.0988469621461269e+05 1.3309543493177408e+17 3.3803164336643458e+27
3.6651891841097572e-13 8.9723146728941018e+05 3.1041219349156518e+05 1.3390380247402976e+17 3.4474472394529258e+27
3.5814834735600098e-13 8.9915877702720289e+05 3.1093312197068642e+05 1.3471107765025683e+17 3.5167465735198184e+27
3.4996894367675177e-13 9.0109380817725509e+05 3.1144724961519497e+05 1.3551699760215528e+17 3.5879689873384501e+27
3.4197634148644563e-13 9.0303636492448230e+05 3.1195435316178581e+05 1.3632130933158078e+17 3.6613865098172281e+27
3.3416627460656126e-13 9.0498607156213361e+05 3.1245417252172093e+05 1.3712369248762688e+17 3.7370814904264442e+27
3.2653457428970620e-13 9.0694263120613934e+05 3.1294646429008903e+05 1.3792385306642186e+17 3.8149135662893869e+27
3.1907716699447724e-13 9.0890551876750321e+05 3.1343091332015966e+05 1.3872138547353486e+17 3.8951081603697539e+27
3.1179007221113923e-13 9.1087466614544985e+05 3.1390727077267232e+05 1.3951602034777072e+17 3.9776042662424444e+27
3.0466940033697372e-13 9.1285013727270812e+05 3.1437534904455446e+05 1.4030757129880805e+17 4.0628229970920896e+27
2.9771135060013152e-13 9.1483164361494698e+05 3.1483491980116820e+05 1.4109575134417198e+17 4.1504997702850839e+27
2.9091220903091890e-13 9.1681891725682409e+05 3.1528576107822487e+05 1.4188028231928466e+17 4.2407421674876681e+27
2.8426834647940371e-13 9.1881129805526126e+05 3.1572759578570828e+05 1.4266076218644403e+17 4.3337469626339204e+27
2.7777621667829500e-13 9.2080831753863988e+05 3.1616011891027237e+05 1.4343678855404914e+17 4.4295318546680601e+27
2.7143235435007391e-13 9.2280971196891589e+05 3.1658305870365497e+05 1.4420802429840810e+17 4.5282375470038025e+27
2.6523337335734285e-13 9.2481528194940428e+05 3.1699614759666257e+05 1.4497414593438483e+17 4.6298281225994786e+27
2.5917596489541772e-13 9.2682495989699953e+05 3.1739915340066236e+05 1.4573488753079699e+17 4.7344341152305726e+27
2.5325689572620839e-13 9.2883862274393614e+05 3.1779188326873688e+05 1.4649001324252301e+17 4.8422266420255931e+27
2.4747300645241784e-13 9.3085535000838630e+05 3.1817403662504785e+05 1.4723903451614442e+17 4.9532770211607229e+27
2.4182120983117104e-13 9.3287471354341414e+05 3.1854529215589981e+05 1.4798152452814880e+17 5.0675817009692880e+27
2.3629848912614671e-13 9.3489665076546383e+05 3.1890538495395362e+05 1.4871717746998832e+17 5.1853787782119583e+27
2.3090189649734352e-13 9.3692103005547496e+05 3.1925408091448242e+05 1.4944570753127424e+17 5.3066038650575953e+27
2.2562855142762949e-13 9.3894726958382688e+05 3.1959110548749333e+05 1.5016670220144195e+17 5.4316491568002978e+27
2.2047563918521709e-13 9.4097503434858506e+05 3.1991616920693894e+05 1.5087977872697107e+17 5.5601492659434941e+27
2.1544040932125280e-13 9.4300415141962341e+05 3.2022901142777881e+05 1.5158461094281341e+17 5.6926963123480774e+27
2.1052017420172673e-13 9.4503449241942551e+05 3.2052941192530823e+05 1.5228092405836403e+17 5.8292288984120056e+27
2.0571230757290243e-13 9.4706533743854612e+05 3.2081713481142349e+05 1.5296831313651885e+17 5.9697034165535305e+27
2.0101424315950971e-13 9.4909613637455343e+05 3.2109187710841483e+05 1.5364633329676874e+17 6.1143438872496223e+27
1.9642347329496030e-13 9.5112641009498620e+05 3.2135335620060784e+05 1.5431457219000838e+17 6.2634258903253954e+27
1.9193754758283432e-13 9.5315563077795936e+05 3.2160123233273398e+05 1.5497254670271933e+17 6.4167295316134619e+27
1.8755407158894795e-13 9.5518366825855558e+05 3.2183515711956535e+05 1.5561984240089206e+17 6.5745037097439146e+27
1.8327070556328355e-13 9.5721064448839601e+05 3.2205486401080427e+05 1.5625618136612899e+17 6.7371327220654723e+27
1.7908516319110873e-13 9.5923630077072943e+05 3.2226014444391453e+05 1.5688127104450093e+17 6.9046323526974762e+27
1.7499521037262478e-13 9.6125985357370577e+05 3.2245074889716186e+05 1.5749466823144634e+17 7.0769148099089185e+27
1.7099866403047436e-13 9.6328101885588979e+05 3.2262641502783098e+05 1.5809601799466771e+17 7.2544588830656022e+27
1.6709339094449448e-13 9.6529907625310472e+05 3.2278687641736848e+05 1.5868486890734272e+17 7.4370799243929206e+27
1.6327730661307397e-13 9.6731359874764446e+05 3.2293179846272292e+05 1.5926075931004835e+17 7.6252782465095452e+27
1.5954837414051565e-13 9.6932442350277270e+05 3.2306084915299993e+05 1.5982328612167373e+17 7.8185912269224635e+27
1.5590460314981504e-13 9.7133143187302165e+05 3.2317373953250056e+05 1.6037210122432915e+17 8.0184283638469162e+27
1.5234404872026269e-13 9.7333434186393127e+05 3.2327024922883720e+05 1.6090689617371421e+17 8.2236147037035821e+27
1.4886481034931015e-13 9.7533255881043116e+05 3.2335014281706500e+05 1.6142728195080390e+17 8.4342761967433175e+27
1.4546503093815020e-13 9.7732587149935577e+05 3.2341318962564075e+05 1.6193295079255814e+17 8.6514648471516939e+27
1.4214289580045901e-13 9.7931335723177728e+05 3.2345920187685092e+05 1.6242348895998394e+17 8.8751361348896519e+27
1.3889663169377659e-13 9.8129448159289360e+05 3.2348784075204638e+05 1.6289840904607552e+17 9.1050320460432299e+27
1.3572450587301461e-13 9.8326913064453285e+05 3.2349872406140919e+05 1.6335727440108576e+17 9.3416446360340532e+27
1.3262482516557153e-13 9.8523744007358770e+05 3.2349156125168642e+05 1.6379980345806899e+17 9.5855825945567577e+27
1.2959593506757878e-13 9.8719920907240640e+05 3.2346624448695796e+05 1.6422583388822496e+17 9.8359328625358376e+27
1.2663621886078123e-13 9.8915298485764279e+05 3.2342274834971031e+05 1.6463499568681382e+17 1.0093596515912530e+28
1.2374409674958667e-13 9.9109810682741867e+05 3.2336072641774645e+05 1.6502676899423645e+17 1.0358726395403788e+28
1.2091802501782780e-13 9.9303436205158301e+05 3.2327974567325058e+05 1.6540065078309037e+17 1.0631180477311630e+28
1.1815649520477777e-13 9.9496174182774615e+05 3.2317944205861993e+05 1.6575626171138304e+17 1.0911296305919081e+28
1.1545803329998362e-13 9.9688002244684438e+05 3.2305956160900899e+05 1.6609328953140250e+17 1.1199800664244743e+28
1.1282119895649331e-13 9.9878867440349271e+05 3.2291993043321552e+05 1.6641143447602781e+17 1.1495970496144012e+28
1.1024458472204377e-13 1.0006873928497129e+06 3.2276030965368828e+05 1.6671038534205622e+17 1.1800834257123139e+28
1.0772681528781416e-13 1.0025757874303079e+06 3.2258058543377789e+05 1.6698994401001552e+17 1.2114073456723846e+28
1.0526654675433147e-13 1.0044528400744110e+06 3.2238065887866891e+05 1.6724977098254400e+17 1.2436072662294938e+28
1.0286246591414157e-13 1.0063181220831495e+06 3.2216019980343676e+05 1.6748943756105773e+17 1.2766798321813533e+28
1.0051328955086642e-13 1.0081713856524745e+06 3.2191884573180118e+05 1.6770853095208806e+17 1.3106598193070675e+28
9.8217763754265583e-14 1.0100124706962748e+06 3.2165629697077873e+05 1.6790672986476893e+17 1.3455628384777911e+28
9.5974663250940560e-14 1.0118411908874469e+06 3.2137237450247590e+05 1.6808383508326266e+17 1.3814760165882380e+28
9.3782790750328011e-14 1.0136566026476098e+06 3.2106715307643398e+05 1.6823971454868077e+17 1.4183182040753036e+28
9.1640976305625656e-14 1.0154580219482412e+06 3.2074040103462350e+05 1.6837399170586438e+17 1.4561496199096584e+28
8.9548076689313450e-14 1.0172450528097625e+06 3.2039177740750386e+05 1.6848625656863955e+17 1.4950068768077717e+28
8.7502974782940347e-14 1.0190174546794657e+06 3.2002092538472824e+05 1.6857612900785133e+17 1.5348997599851224e+28
8.5504578980841602e-14 1.0207749617730085e+06 3.1962757073445531e+05 1.6864331296234614e+17 1.5758404767624206e+28
8.3551822607479450e-14 1.0225172832010145e+06 3.1921153887837805e+05 1.6868761095884019e+17 1.6178824190164083e+28
8.1643663348086941e-14 1.0242438376537337e+06 3.1877275033231796e+05 1.6870884842232234e+17 1.6610040231429209e+28
7.9779082692314898e-14 1.0259543280097524e+06 3.1831098121310910e+05 1.6870678623775942e+17 1.7052764076422619e+28
7.7957085390588123e-14 1.0276484649154309e+06 3.1782611936450563e+05 1.6868130408131872e+17 1.7507233126285068e+28
7.6176698922872544e-14 1.0293256466261611e+06 3.1731815919240151e+05 1.6863230763599117e+17 1.7972988509440195e+28
7.4436972979579387e-14 1.0309856140285302e+06 3.1678691687565751e+05 1.6855962221052378e+17 1.8450798648645150e+28
7.2736978954321352e-14 1.0326280358960452e+06 3.1623244344332936e+05 1.6846329081980998e+17 1.8940707332373182e+28
7.1075809448253324e-14 1.0342518485668787e+06 3.1565499218021380e+05 1.6834335600626298e+17 1.9443038562807950e+28
6.9452577785735583e-14 1.0358565160409933e+06 3.1505430966309417e+05 1.6819950666466630e+17 1.9957861188437791e+28
6.7866417541055714e-14 1.0374415776987765e+06 3.1443009566974622e+05 1.6803141326689229e+17 2.0484597150197857e+28
6.6316482075959181e-14 1.0390066838800228e+06 3.1378202270562953e+05 1.6783875716396198e+17 2.1024812459317668e+28
6.4801944087744509e-14 1.0405514461391533e+06 3.1310984023661143e+05 1.6762129326938787e+17 2.1577170985515830e+28
6.3321995167676364e-14 1.0420755076021737e+06 3.1241330087369407e+05 1.6737879285540656e+17 2.2143899994774684e+28
6.1875845369483762e-14 1.0435786519910584e+06 3.1169213997673866e+05 1.6711106067261194e+17 2.2724010139266470e+28
6.0462722787715319e-14 1.0450606851789407e+06 3.1094619387166924e+05 1.6681801525450877e+17 2.3317055763414297e+28
5.9081873145721601e-14 1.0465215678087564e+06 3.1017544194185891e+05 1.6649975929401530e+17 2.3924534208199720e+28
5.7732559393047217e-14 1.0479605989983965e+06 3.0938049776878650e+05 1.6615682013263418e+17 2.4546977724481717e+28
5.6414061312020209e-14 1.0493771579249904e+06 3.0856146951608278e+05 1.6578925894810829e+17 2.5183027594619354e+28
5.5125675133322412e-14 1.0507709384587740e+06 3.0771822498137713e+05 1.6539700601374915e+17 2.5833486010281040e+28
5.3866713160343085e-14 1.0521415197455806e+06 3.0685090124335984e+05 1.6498021682583850e+17 2.6498775514631534e+28
5.2636503402109189e-14 1.0534882436713350e+06 3.0595962180183775e+05 1.6453896732372515e+17 2.7177841274788018e+28
5.1434389214598862e-14 1.0548106729698172e+06 3.0504422177172545e+05 1.6407313178557910e+17 2.7872188916230858e+28
5.0259728950248755e-14 1.0561083941774189e+06 3.0410452657762507e+05 1.6358258939594893e+17 2.8580617293736270e+28
4.9111895615462751e-14 1.0573810879558185e+06 3.0314033137653628e+05 1.6306722680714227e+17 2.9304946101241089e+28
4.7990276535945624e-14 1.0586284606574862e+06 3.0215152423929522e+05 1.6252703275615088e+17 3.0043867213686773e+28
4.6894273029677714e-14 1.0598502997942490e+06 3.0113805100699083e+05 1.6196208047790342e+17 3.0798337908150956e+28
4.5823300087358381e-14 1.0610462480269752e+06 3.0010024458361586e+05 1.6137275855030970e+17 3.1568159723602711e+28
4.4776786060149089e-14 1.0622158210237846e+06 2.9903830101696280e+05 1.6075929332893430e+17 3.2352845172026783e+28
4.3754172354546191e-14 1.0633587276239863e+06 2.9795216467350861e+05 1.6012174509161238e+17 3.3154623340794633e+28
4.2754913134222209e-14 1.0644747484466645e+06 2.9684190528061875e+05 1.5946031391369206e+17 3.3970967755548363e+28
4.1778475028678120e-14 1.0655634164980345e+06 2.9570795812544553e+05 1.5877545531854426e+17 3.4803263312072521e+28
4.0824336848547811e-14 1.0666243422578718e+06 2.9455035690331348e+05 1.5806729107207219e+17 3.5649849609912162e+28
3.9891989307404462e-14 1.0676572359880416e+06 2.9336908413762733e+05 1.5733593150045088e+17 3.6513487528115208e+28
3.8980934749921996e-14 1.0686618241612283e+06 2.9216429671194643e+05 1.5658165204643981e+17 3.7392562229821665e+28
3.8090686886242321e-14 1.0696376922056735e+06 2.9093627233619377e+05 1.5580479313001120e+17 3.8286149078512635e+28
3.7220770532411519e-14 1.0705845347284058e+06 2.8968502440512262e+05 1.5500549978875024e+17 3.9195417588502927e+28
3.6370721356742348e-14 1.0715021115069895e+06 2.8841058758053521e+05 1.5418396052150166e+17 4.0121606175329091e+28
3.5540085631969392e-14 1.0723901673953875e+06 2.8711329338851076e+05 1.5334061966475587e+17 4.1062858034057333e+28
3.4728419993065977e-14 1.0732483401827333e+06 2.8579342594014609e+05 1.5247584767826262e+17 4.2018176426278219e+28
3.3935291200589816e-14 1.0740763674690649e+06 2.8445103937120980e+05 1.5158985142132819e+17 4.2989543065923618e+28
3.3160275909435640e-14 1.0748740689925912e+06 2.8308623289311817e+05 1.5068290560285885e+17 4.3975974145573925e+28
3.2402960442867525e-14 1.0756412285318712e+06 2.8169955142790003e+05 1.4975564893154858e+17 4.4978398478508885e+28
3.1662940571711986e-14 1.0763774857158144e+06 2.8029133253171289e+05 1.4880850475280403e+17 4.5993298229321128e+28
3.0939821298595029e-14 1.0770825872443109e+06 2.7886166764328844e+05 1.4784171707205590e+17 4.7023450306174905e+28
3.0233216647105607e-14 1.0777563198345851e+06 2.7741067777685763e+05 1.4685557598332208e+17 4.8067933975664670e+28
2.9542749455774224e-14 1.0783984863111589e+06 2.7593874890476372e+05 1.4585059413628768e+17 4.9128474075124569e+28
2.8868051176757726e-14 1.0790088340042508e+06 2.7444616573785176e+05 1.4482718362360662e+17 5.0200424062032663e+28
2.8208761679120653e-14 1.0795871724060576e+06 2.7293307504999021e+05 1.4378566492000811e+17 5.1287702915537200e+28
2.7564529056609296e-14 1.0801334004255540e+06 2.7139966368522716e+05 1.4272642070073160e+17 5.2382786521291762e+28
2.6935009439816838e-14 1.0806474925718233e+06 2.6984664007471415e+05 1.4165026883625931e+17 5.3501087459005291e+28
2.6319866812637211e-14 1.0811291977442829e+06 2.6827468057900923e+05 1.4055792722388525e+17 5.4626424312840769e+28
2.5718772832910860e-14 1.0815782796068271e+06 2.6668395943299273e+05 1.3944971680936558e+17 5.5765323425373913e+28
2.5131406657167638e-14 1.0819945409603990e+06 2.6507466863259533e+05 1.3832598654024390e+17 5.6915343375625235e+28
2.4557454769370657e-14 1.0823778428309259e+06 2.6344710408966243e+05 1.3718718409481461e+17 5.8075447130989856e+28
2.3996610813572847e-14 1.0827280237628925e+06 2.6180170282451855e+05 1.3603385726100899e+17 5.9247792824187263e+28
2.3448575430394285e-14 1.0830449155315403e+06 2.6013869404899236e+05 1.3486639083710560e+17 6.0431074473772940e+28
2.2913056097234067e-14 1.0833284026470929e+06 2.5845831557228111e+05 1.3368519244277666e+17 6.1623207909484705e+28
2.2389766972132404e-14 1.0835784667044410e+06 2.5676088101095072e+05 1.3249075500544282e+17 6.2825116569561539e+28
2.1878428741197178e-14 1.0837951431438113e+06 2.5504721346224303e+05 1.3128396199999906e+17 6.4036841069516509e+28
2.1378768469516348e-14 1.0839783170662455e+06 2.5331774034046914e+05 1.3006534939851099e+17 6.5254726382220982e+28
2.0890519455474319e-14 1.0841278968054610e+06 2.5157273487422775e+05 1.2883534328383442e+17 6.6486209996929936e+28
2.0413421088395478e-14 1.0842438591918803e+06 2.4981249561732533e+05 1.2759440751078248e+17 6.7722294326912023e+28
1.9947218709439593e-14 1.0843263493391136e+06 2.4803765801283412e+05 1.2634329320172165e+17 6.8965271401455277e+28
1.9491663475673367e-14 1.0843754188899824e+06 2.4624918074898690e+05 1.2508294519496686e+17 7.0215883547482484e+28
1.9046512227246311e-14 1.0843909657113859e+06 2.4444738743939437e+05 1.2381379764715754e+17 7.1468663229419084e+28
1.8611527357600804e-14 1.0843729065007595e+06 2.4263258561213114e+05 1.2253627824143384e+17 7.2728778347678832e+28
1.8186476686645556e-14 1.0843212114283850e+06 2.4080510065415382e+05 1.2125083903744528e+17 7.3992654538329371e+28
1.7771133336825583e-14 1.0842359503325417e+06 2.3896549702489530e+05 1.1995812151221720e+17 7.5259872055016122e+28
1.7365275612023216e-14 1.0841171217438886e+06 2.3711427330757465e+05 1.1865869406051525e+17 7.6529252130594406e+28
1.6968686879223694e-14 1.0839647124787415e+06 2.3525176669851580e+05 1.1735300500705362e+17 7.7801731767441944e+28
1.6581155452884349e-14 1.0837787580544848e+06 2.3337832754693134e+05 1.1604152150768014e+17 7.9075769477872633e+28
1.6202474481943860e-14 1.0835593967911417e+06 2.3149435883841349e+05 1.1472477050532541e+17 8.0348572358978307e+28
1.5832441839412017e-14 1.0833070084282197e+06 2.2960093728605550e+05 1.1340378217943229e+17 8.1623304496510296e+28
1.5470860014481690e-14 1.0830216865048450e+06 2.2769873910486649e+05 1.1207922488125994e+17 8.2893495904790707e+28
1.5117536007103770e-14 1.0827034355238664e+06 2.2578812574697234e+05 1.1075152682565024e+17 8.4165117148336639e+28
1.4772281224970779e-14 1.0823522883139185e+06 2.2386946438885407e+05 1.0942112302225211e+17 8.5435620811338524e+28
1.4434911382852522e-14 1.0819683301967704e+06 2.2194313966992995e+05 1.0808846837776502e+17 8.6701482856267856e+28
1.4105246404230745e-14 1.0815517735656211e+06 2.2000979898587125e+05 1.0675421172237419e+17 8.7960843764072433e+28
1.3783110325180794e-14 1.0811027371020578e+06 2.1806996195374301e+05 1.0541888469511150e+17 8.9215016536049833e+28
1.3468331200447878e-14 1.0806213057953289e+06 2.1612400714584131e+05 1.0408291339046491e+17 9.0466780642649904e+28
1.3160741011668400e-14 1.0801076005212793e+06 2.1417231945328758e+05 1.0274673176062138e+17 9.1708707068166220e+28
1.2860175577687812e-14 1.0795618103245462e+06 2.1221529802485747e+05 1.0141079329390491e+17 9.2945399960344798e+28
1.2566474466926146e-14 1.0789843845885382e+06 2.1025375249098480e+05 1.0007585841496027e+17 9.4172331159432787e+28
1.2279480911744954e-14 1.0783756769557742e+06 2.0828855136650481e+05 9.8742680358735664e+16 9.5392582491108846e+28
1.1999041724770400e-14 1.0777358120812760e+06 2.0632008439791578e+05 9.7411652597441776e+16 9.6600186153155191e+28
1.1725007217126900e-14 1.0770649385185202e+06 2.0434874118762588e+05 9.6083168186667008e+16 9.7794579292561847e+28
1.1457231118538169e-14 1.0763632474158916e+06 2.0237491593718569e+05 9.4757625582134944e+16 9.8984055819175958e+28
1.1195570499253468e-14 1.0756310469237762e+06 2.0039910696415472e+05 9.3435505642031488e+16 1.0015625245534588e+29
1.0939885693756198e-14 1.0748688300065042e+06 1.9842220438704934e+05 9.2117545923255872e+16 1.0131864368188531e+29
1.0690040226215535e-14 1.0740767980457426e+06 1.9644466618520147e+05 9.0804150119084000e+16 1.0246316495713911e+29
1.0445900737640148e-14 1.0732551098197019e+06 1.9446684104819212e+05 8.9495641158230512e+16 1.0359590470201443e+29
1.0207336914695582e-14 1.0724039442694886e+06 1.9248902996950375e+05 8.8192314029688336e+16 1.0471099492216677e+29
9.9742214201477500e-15 1.0715235893634297e+06 1.9051162154230103e+05 8.6894531935242176e+16 1.0581077788615875e+29
9.7464298248943204e-15 1.0706145971819782e+06 1.8853532324112594e+05 8.5602884246944928e+16 1.0689332523460560e+29
9.5238405415489943e-15 1.0696775046734626e+06 1.8656096663761709e+05 8.4318007639349856e+16 1.0795767206329160e+29
9.3063347595421789e-15 1.0687125768319496e+06 1.8458893547555551e+05 8.3040217252229808e+16 1.0900285894164704e+29
9.0937963817038467e-15 1.0677202046611810e+06 1.8261976155570126e+05 8.1769927584155760e+16 1.1002906332909391e+29
8.8861119622950472e-15 1.0667007426431426e+06 1.8065396681755400e+05 8.0507527729671184e+16 1.1103363201905245e+29
8.6831706464543330e-15 1.0656544505126409e+06 1.7869191410286381e+05 7.9253291659364176e+16 1.1202391677331215e+29
8.4848641110271021e-15 1.0645815799740553e+06 1.7673392583736213e+05 7.8007463409518528e+16 1.1298617547404311e+29
8.2910865067466053e-15 1.0634824275753226e+06 1.7478032856439613e+05 7.6770291862397120e+16 1.1392973246036569e+29
8.1017344017351153e-15 1.0623573625172619e+06 1.7283148281080069e+05 7.5542051870984880e+16 1.1485026915517017e+29
7.9167067262954120e-15 1.0612070769190646e+06 1.7088811680401934e+05 7.4323260968512336e+16 1.1574695977667908e+29
7.7359047189634282e-15 1.0600321321080518e+06 1.6895090390822265e+05 7.3114364556556608e+16 1.1662172804832042e+29
7.5592318737926421e-15 1.0588328378227158e+06 1.6702017932793204e+05 7.1915574286597560e+16 1.1747293480641766e+29
7.3865938888424051e-15 1.0576094855946035e+06 1.6509623108898735e+05 7.0727067942448528e+16 1.1829739615978938e+29
7.2178986158429975e-15 1.0563623959340942e+06 1.6317933328539805e+05 6.9549016228266544e+16 1.1909141745311753e+29
7.0530560110097832e-15 1.0550919781841219e+06 1.6126981181191045e+05 6.8381626001080128e+16 1.1987267971664106e+29
6.8919780869811397e-15 1.0537989237475197e+06 1.5936825060152356e+05 6.7225273099188568e+16 1.2062263394515891e+29
6.7345788658535760e-15 1.0524840377338161e+06 1.5747547739657067e+05 6.6080454587820080e+16 1.2134586864685453e+29
6.5807743332898606e-15 1.0511476634050556e+06 1.5559180513339711e+05 6.4947320341064112e+16 1.2204199986069471e+29
6.4304823936749431e-15 1.0497900899308089e+06 1.5371748249484398e+05 6.3825973746994800e+16 1.2271310300368911e+29
6.2836228262960381e-15 1.0484115271129087e+06 1.5185262464675496e+05 6.2716437603099280e+16 1.2335563568799751e+29
6.1401172425237023e-15 1.0470123584870599e+06 1.4999749245994090e+05 6.1618829906732896e+16 1.2397102982160198e+29
5.9998890439705759e-15 1.0455930364061781e+06 1.4815238094358187e+05 6.0533290320728200e+16 1.2455946540011401e+29
5.8628633816057044e-15 1.0441542446348261e+06 1.4631782402034220e+05 5.9460098206956456e+16 1.2511803517762372e+29
5.7289671158028247e-15 1.0426964548405744e+06 1.4449416336201792e+05 5.8399397967598384e+16 1.2564944330092158e+29
5.5981287773008504e-15 1.0412200736792024e+06 1.4268164920235806e+05 5.7351274885313712e+16 1.2615289893603213e+29
5.4702785290559493e-15 1.0397255755591362e+06 1.4088058039362414e+05 5.6315840813236392e+16 1.2663224768952550e+29
5.3453481289650542e-15 1.0382134279327063e+06 1.3909125311453582e+05 5.5293198211395992e+16 1.2707734190443055e+29
5.2232708934404756e-15 1.0366840404703586e+06 1.3731389257497434e+05 5.4283402699461008e+16 1.2749918990488766e+29
5.1039816618164203e-15 1.0351378228189822e+06 1.3554871229010590e+05 5.3286500178451856e+16 1.2788312794043485e+29
4.9874167615685985e-15 1.0335751850575765e+06 1.3379590265143494e+05 5.2302521214603016e+16 1.2824853830263346e+29
4.8735139743278304e-15 1.0319965686129680e+06 1.3205566462536377e+05 5.1331501592079880e+16 1.2857918478104925e+29
4.7622125026701672e-15 1.0304024415313605e+06 1.3032819641400437e+05 5.0373475122386520e+16 1.2888365209662423e+29
4.6534529376651431e-15 1.0287934737603811e+06 1.2861385700536256e+05 4.9428566559691608e+16 1.2916385475274862e+29
4.5471772271654456e-15 1.0271702478261078e+06 1.2691295185691076e+05 4.8496856764493424e+16 1.2941016713508206e+29
4.4433286448206034e-15 1.0255332108306426e+06 1.2522565276188121e+05 4.7578345901198264e+16 1.2963205945255784e+29
4.3418517597983386e-15 1.0238828532974431e+06 1.2355214378680041e+05 4.6673040771935256e+16 1.2982387802489569e+29
4.2426924071975897e-15 1.0222197510238705e+06 1.2189268673181863e+05 4.5780986795916720e+16 1.2999184381627415e+29
4.1457976591370770e-15 1.0205443739059797e+06 1.2024744757175691e+05 4.4902170402685424e+16 1.3012546009226296e+29
4.0511157965041552e-15 1.0188571825224777e+06 1.1861656829048472e+05 4.4036563378539176e+16 1.3024139977273665e+29
3.9585962813490184e-15 1.0171586888214486e+06 1.1700022159484122e+05 4.3184153027787952e+16 1.3032690176373533e+29
3.8681897299092095e-15 1.0154494303893588e+06 1.1539859930164472e+05 4.2344932760758624e+16 1.3038443969643927e+29
3.7798478862502085e-15 1.0137298646920131e+06 1.1381182076927421e+05 4.1518853605212200e+16 1.3041620522183246e+29
3.6935235965081540e-15 1.0120004636918752e+06 1.1224000004995405e+05 4.0705863527908152e+16 1.3042430075143227e+29
3.6091707837206704e-15 1.0102618596092144e+06 1.1068336742868608e+05 3.9905971003308680e+16 1.3040702614760201e+29
3.5267444232325131e-15 1.0085145817623907e+06 1.0914209141356728e+05 3.9119143136468808e+16 1.3036055117262992e+29
3.4462005186630304e-15 1.0067590543177314e+06 1.0761625934159406e+05 3.8345300783453728e+16 1.3029474449126908e+29
3.3674960784223519e-15 1.0049956804060442e+06 1.0610594290981382e+05 3.7584354441885224e+16 1.3020389577686032e+29
3.2905890927639030e-15 1.0032247324875908e+06 1.0461111308821366e+05 3.6836161676490864e+16 1.3008685389210914e+29
3.2154385113611301e-15 1.0014466030575059e+06 1.0313180847932323e+05 3.6100618687747120e+16 1.2994798757276861e+29
3.1420042213961282e-15 9.9966170923815086e+05 1.0166808879911366e+05 3.5377631053132932e+16 1.2978369760329229e+29
3.0702470261488918e-15 9.9787040861244604e+05 1.0021997958544419e+05 3.4667084248409236e+16 1.2959876607522481e+29
3.0001286240753394e-15 9.9607284798872622e+05 9.8787340285056125e+04 3.3968782263050300e+16 1.2938985842760134e+29
2.9316115883633456e-15 9.9426941853474069e+05 9.7370176952802314e+04 3.3282609466408624e+16 1.2915996712013275e+29
2.8646593469555428e-15 9.9246056112882576e+05 9.5968525683005355e+04 3.2608465261606176e+16 1.2891006294791053e+29
2.7992361630283719e-15 9.9064671075257147e+05 9.4582413322809123e+04 3.1946244084594460e+16 1.2863985660998915e+29
2.7353071159170559e-15 9.8882827377380955e+05 9.3211842716371480e+04 3.1295828668154884e+16 1.2834723566024446e+29
2.6728380824761013e-15 9.8700568720928917e+05 9.1856828786730097e+04 3.0657108371103376e+16 1.2803464519668601e+29
2.6117957188654957e-15 9.8517940134444693e+05 9.0517385876326472e+04 3.0029972902744516e+16 1.2770317092104261e+29
2.5521474427529691e-15 9.8334988932945079e+05 8.9193537415339481e+04 2.9414316779455508e+16 1.2735255912530720e+29
2.4938614159226217e-15 9.8151777320729371e+05 8.7885404371792523e+04 2.8810079503134752e+16 1.2698663102307047e+29
2.4369065272807395e-15 9.7968348938953585e+05 8.6593006005904012e+04 2.8217147186479924e+16 1.2659837679237506e+29
2.3812523762498158e-15 9.7784742374315369e+05 8.5316333181977549e+04 2.7635391442501164e+16 1.2619830902114447e+29
2.3268692565417277e-15 9.7600987375540577e+05 8.4055347153696479e+04 2.7064666708407888e+16 1.2577674344479574e+29
2.2737281403015041e-15 9.7417064330935432e+05 8.2809699852383652e+04 2.6504686360476052e+16 1.2533663225971523e+29
2.2218006626133126e-15 9.7232997461287060e+05 8.1579259506146715e+04 2.5955277569241088e+16 1.2488698660960550e+29
2.1710591063601611e-15 9.7048829526246875e+05 8.0364001059870629e+04 2.5416319034576564e+16 1.2441919680286189e+29
2.1214763874295099e-15 9.6864603222245444e+05 7.9163895158975356e+04 2.4887688199712048e+16 1.2393726804953257e+29
2.0730260402566669e-15 9.6680370792995964e+05 7.7978961745095541e+04 2.4369285587456320e+16 1.2343904071577037e+29
2.0256822036983470e-15 9.6496178629732458e+05 7.6809198634986751e+04 2.3860999333761416e+16 1.2293548373496163e+29
1.9794196072289361e-15 9.6312065577892354e+05 7.5654562970482657e+04 2.3362698966960952e+16 1.2240713341771996e+29
1.9342135574518784e-15 9.6128068917361565e+05 7.4515007763902540e+04 2.2874252067337776e+16 1.2186996651440770e+29
1.8900399249192402e-15 9.5944213291505876e+05 7.3390426368962595e+04 2.2395499309722676e+16 1.2132433500532107e+29
1.8468751312522100e-15 9.5760514397442725e+05 7.2280647984799914e+04 2.1926257711750776e+16 1.2076486797233739e+29
1.8046961365557400e-15 9.5577009172449925e+05 7.1185612571201083e+04 2.1466395739917772e+16 1.2019399044005845e+29
1.7634804271206827e-15 9.5393733999193006e+05 7.0105260375220227e+04 2.1015782232465324e+16 1.1961516706679010e+29
1.7232060034067163e-15 9.5210720064927696e+05 6.9039515519295834e+04 2.0574278614922284e+16 1.1902170466477971e+29
1.6838513682997199e-15 9.5027974684527318e+05 6.7988175488666573e+04 2.0141694208503136e+16 1.1842514403440117e+29
1.6453955156373893e-15 9.4845526701088471e+05 6.6951136086205835e+04 1.9717885345479740e+16 1.1781481085436401e+29
1.6078179189968424e-15 9.4663411281652725e+05 6.5928327088001955e+04 1.9302723514840972e+16 1.1719551321235774e+29
1.5710985207382948e-15 9.4481661162080965e+05 6.4919675256194758e+04 1.8896078919229284e+16 1.1656926116118093e+29
1.5352177212990160e-15 9.4300290598897706e+05 6.3925027926606075e+04 1.8497788504106192e+16 1.1593562318690687e+29
1.5001563687317299e-15 9.4119307265046437e+05 6.2944185227630536e+04 1.8107674736753492e+16 1.1529141180165758e+29
1.4658957484819409e-15 9.3938743969059968e+05 6.1977067299804032e+04 1.7725612285489034e+16 1.1464208658619195e+29
1.4324175733987857e-15 9.3758630888724024e+05 6.1023592994306913e+04 1.7351475037847542e+16 1.1398783287189055e+29
1.3997039739739272e-15 9.3578989118427504e+05 6.0083660877413982e+04 1.6985126931573484e+16 1.1332715854189540e+29
1.3677374888034679e-15 9.3399769135952962e+05 5.9156841789593302e+04 1.6626302962362812e+16 1.1266223076904942e+29
1.3365010552676013e-15 9.3220978400141781e+05 5.8242920855454402e+04 1.6274836795306348e+16 1.1198851515641349e+29
1.3059780004232072e-15 9.3042652682059212e+05 5.7341813236299458e+04 1.5930616220954278e+16 1.1130836501744102e+29
1.2761520321043861e-15 9.2864828220924723e+05 5.6453434525238263e+04 1.5593530351968652e+16 1.1062716575152180e+29
1.2470072302262402e-15 9.2687537920821097e+05 5.5577690772962247e+04 1.5263464924058496e+16 1.0993808630608334e+29
1.2185280382873081e-15 9.2510811031273066e+05 5.4714468921837557e+04 1.4940299830574572e+16 1.0925092103124312e+29
1.1906992550660171e-15 9.2334681332265108e+05 5.3863675813114191e+04 1.4623924025540152e+16 1.0855460769956773e+29
1.1635060265067758e-15 9.2159182659578393e+05 5.3025220116541110e+04 1.4314228069275166e+16 1.0785643453029353e+29
1.1369338377914151e-15 9.1984347525619739e+05 5.2199008707099340e+04 1.4011102458015110e+16 1.0715956118329174e+29
1.1109685055916584e-15 9.1810202736508951e+05 5.1384930529419034e+04 1.3714431513661460e+16 1.0645516797036746e+29
1.0855961704985305e-15 9.1636770823420456e+05 5.0582853024180651e+04 1.3424093247618528e+16 1.0575575414079915e+29
1.0608032896247057e-15 9.1464081613617099e+05 4.9792679000851604e+04 1.3139980125779864e+16 1.0504558961305699e+29
1.0365766293757621e-15 9.1292163381908822e+05 4.9014311901808156e+04 1.2861985166943724e+16 1.0434233900339371e+29
1.0129032583865274e-15 9.1121040296425973e+05 4.8247654176943921e+04 1.2590000376325934e+16 1.0363645307398928e+29
9.8977054061878349e-16 9.0950679711622233e+05 4.7492411935726028e+04 1.2323844645390000e+16 1.0293117606702153e+29
9.6716612861656596e-16 9.0781033448543854e+05 4.6748170610787231e+04 1.2063304479307670e+16 1.0222287662024799e+29
9.4507795691550233e-16 9.0612137130430294e+05 4.6014831632083362e+04 1.1808287144157950e+16 1.0151841749840301e+29
9.2349423560270548e-16 9.0444028968212241e+05 4.5292300663297458e+04 1.1558702662879546e+16 1.0081089737307949e+29
9.0240344402369017e-16 9.0276747955590894e+05 4.4580482631993487e+04 1.1314462227898280e+16 1.0010401410664972e+29
8.8179432463306952e-16 9.0110351061572949e+05 4.3879342184360132e+04 1.1075499883122102e+16 9.9402911828856804e+28
8.6165587698563285e-16 8.9944903821595199e+05 4.3188893355560584e+04 1.0841764670031588e+16 9.8698302647677151e+28
8.4197735186470735e-16 8.9780439703532041e+05 4.2509039578969387e+04 1.0613165900593380e+16 9.7999117626265034e+28
8.2274824554458266e-16 8.9616987464418728e+05 4.1839669010385434e+04 1.0389608494225216e+16 9.7303631542370659e+28
8.0395829418396960e-16 8.9454578095731116e+05 4.1180676713521287e+04 1.0171000980447406e+16 9.6609997553699002e+28
