8.0395829418396959e-13 8.0126083094142645e+05 2.7447447684541048e+05 9.1398492211120048e+16 1.6980970452662317e+27
7.8559746834753246e-13 8.0287217620729515e+05 2.7501850131009071e+05 9.1993773297132448e+16 1.7253553025367661e+27
7.6765596765250801e-13 8.0450351992575079e+05 2.7556269526042853e+05 9.2594223117096224e+16 1.7536873662895464e+27
7.5012421553758558e-13 8.0615521077615116e+05 2.7610710365954298e+05 9.3199980873924304e+16 1.7829529782742921e+27
7.3299285415128468e-13 8.0782731879819662e+05 2.7665170498309599e+05 9.3811106474816064e+16 1.8133507181677700e+27
7.1625273935704306e-13 8.0951991301815782e+05 2.7719647810883028e+05 9.4427661589122416e+16 1.8446415495914107e+27
6.9989493585237990e-13 8.1123318331427965e+05 2.7774142811507697e+05 9.5049743552899536e+16 1.8771796224642024e+27
6.8391071239955609e-13 8.1296749176902487e+05 2.7828661042027362e+05 9.5677511719618992e+16 1.9108946075411641e+27
6.6829153716511489e-13 8.1472345270672871e+05 2.7883217142043030e+05 9.6311230508897680e+16 1.9457655499577772e+27
6.5302907316589952e-13 8.1650140512365126e+05 2.7937822378389275e+05 9.6951111976134464e+16 1.9818987782487547e+27
6.3811517381904706e-13 8.1830155376806774e+05 2.7992484998065827e+05 9.7597332899960512e+16 2.0193498681103550e+27
6.2354187859361313e-13 8.2012413159624464e+05 2.8047214998498198e+05 9.8250091120913536e+16 2.0581226126950872e+27
6.0930140876152718e-13 8.2196967293279094e+05 2.8102030908574408e+05 9.8909693168295104e+16 2.0982971149513445e+27
5.9538616324556484e-13 8.2383874328781397e+05 2.8156955827299238e+05 9.9576493073756240e+16 2.1399554453410859e+27
5.8178871456214496e-13 8.2573178964638931e+05 2.8212011855284811e+05 1.0025082970850939e+17 2.1831549224176996e+27
5.6850180485680912e-13 8.2764959304807102e+05 2.8267232782079239e+05 1.0093318503737293e+17 2.2279737684987853e+27
5.5551834203020698e-13 8.2959287137336738e+05 2.8322656789256184e+05 1.0162407923748686e+17 2.2744133742190288e+27
5.4283139595259256e-13 8.3156211482716561e+05 2.8378319801557227e+05 1.0232399634042656e+17 2.3225018815915300e+27
5.3043419476474946e-13 8.3355825099788536e+05 2.8434273235586472e+05 1.0303361191707899e+17 2.3724787767066228e+27
5.1832012126339740e-13 8.3558219274424168e+05 2.8490576566600672e+05 1.0375368024237210e+17 2.4242253468656862e+27
5.0648270936916735e-13 8.3763465376124717e+05 2.8547290825489850e+05 1.0448495767821438e+17 2.4778958324443040e+27
4.9491564067522283e-13 8.3971690047494089e+05 2.8604498978029541e+05 1.0522846906191130e+17 2.5337165234608227e+27
4.8361274107470329e-13 8.4183033136137645e+05 2.8662301192413876e+05 1.0598542061256082e+17 2.5913801572792304e+27
4.7256797746521049e-13 8.4397634120340727e+05 2.8720814466524165e+05 1.0675718345897269e+17 2.6514750311728420e+27
4.6177545452852868e-13 8.4615622836032789e+05 2.8780175186494691e+05 1.0754530590094474e+17 2.7134951609001183e+27
4.5122941158391827e-13 8.4837152640299336e+05 2.8840548242501129e+05 1.0835163824802061e+17 2.7782015598161749e+27
4.4092421951325472e-13 8.5062477239126072e+05 2.8902162125953473e+05 1.0917874311949541e+17 2.8452202028824728e+27
4.3085437775639206e-13 8.5291887836566439e+05 2.8965318251354451e+05 1.1002990854146269e+17 2.9146228797808061e+27
4.2101451137516242e-13 8.5525751612939965e+05 2.9030443425284122e+05 1.1090966842985933e+17 2.9865168618874150e+27
4.1139936818441155e-13 8.5764535380293953e+05 2.9098206367240311e+05 1.1182487112602590e+17 3.0609396946598046e+27
4.0200381594855675e-13 8.6005780393535621e+05 2.9169130117317347e+05 1.1277709583741949e+17 3.1364505451751349e+27
3.9282283964218600e-13 8.6223556123166415e+05 2.9236473983669706e+05 1.1367111641130598e+17 3.2041313779297048e+27
3.8385153877319545e-13 8.6419651974455663e+05 2.9298124438892998e+05 1.1448970478290509e+17 3.2655830420292225e+27
3.7508512476708503e-13 8.6615755907524482e+05 2.9358990691560681e+05 1.1530603997322110e+17 3.3287506042820377e+27
3.6651891841097572e-13 8.6812796165872924e+05 2.9419320628886402e+05 1.1612361325720158e+17 3.3936297397057751e+27
3.5814834735600098e-13 8.7010722524709045e+05 2.9479084116953745e+05 1.1694209490662677e+17 3.4605263673957634e+27
3.4996894367675177e-13 8.7209509247752582e+05 2.9538257551754592e+05 1.1776124406523008e+17 3.5294341149631637e+27
3.4197634148644563e-13 8.7409133143169479e+05 2.9596818190105830e+05 1.1858082878208526e+17 3.6006030017971949e+27
3.3416627460656126e-13 8.7609552229842078e+05 2.9654738604162837e+05 1.1940054402905078e+17 3.6735263443522364e+27
3.2653457428970620e-13 8.7810734403117816e+05 2.9711993879216310e+05 1.2022011818825040e+17 3.7488403759999014e+27
3.1907716699447724e-13 8.8012624818406440e+05 2.9768551651875011e+05 1.2103917421273774e+17 3.8264376011298507e+27
3.1179007221113923e-13 8.8215212110682379e+05 2.9824387939178350e+05 1.2185747342801261e+17 3.9063765047046088e+27
3.0466940033697372e-13 8.8418495100767433e+05 2.9879483879499580e+05 1.2267483782666675e+17 3.9885958492142981e+27
2.9771135060013152e-13 8.8622439901149611e+05 2.9933815178273869e+05 1.2349098683559562e+17 4.0732698000012045e+27
2.9091220903091890e-13 8.8827014910953864e+05 2.9987357817247667e+05 1.2430564336474770e+17 4.1605815189981586e+27
2.8426834647940371e-13 8.9032151603703247e+05 3.0040080999112141e+05 1.2511840522673413e+17 4.2505834308036304e+27
2.7777621667829500e-13 8.9237802244153735e+05 3.0091953883581830e+05 1.2592889844086166e+17 4.3432295487074275e+27
2.7143235435007391e-13 8.9443934176672262e+05 3.0142948304022028e+05 1.2673679442670472e+17 4.4386322499358265e+27
2.6523337335734285e-13 8.9650524668594159e+05 3.0193038249076216e+05 1.2754179764383210e+17 4.5368945544289769e+27
2.5917596489541772e-13 8.9857558179852960e+05 3.0242199642184912e+05 1.2834364077306941e+17 4.6378521833767848e+27
2.5325689572620839e-13 9.0065017009592557e+05 3.0290411841794680e+05 1.2914208260335942e+17 4.7420236612365958e+27
2.4747300645241784e-13 9.0272807404490316e+05 3.0337640150967240e+05 1.2993661884120157e+17 4.8500762093907897e+27
2.4182120983117104e-13 9.0480885430932231e+05 3.0383852594709146e+05 1.3072685142939965e+17 4.9600057138984073e+27
2.3629848912614671e-13 9.0689236377143813e+05 3.0429022779856261e+05 1.3151248059426165e+17 5.0738908037997272e+27
2.3090189649734352e-13 9.0897842641103431e+05 3.0473126776148402e+05 1.3229322414173379e+17 5.1906950432878621e+27
2.2562855142762949e-13 9.1106640467748919e+05 3.0516134161244950e+05 1.3306865470668890e+17 5.3117235543652418e+27
2.2047563918521709e-13 9.1315594511581922e+05 3.0558015319319471e+05 1.3383839958573368e+17 5.4359257370333447e+27
2.1544040932125280e-13 9.1524678761072154e+05 3.0598743545903085e+05 1.3460212823622821e+17 5.5639389529076899e+27
2.1052017420172673e-13 9.1733874738946266e+05 3.0638295531067683e+05 1.3535955422690877e+17 5.6957815825405953e+27
2.0571230757290243e-13 9.1943105918269651e+05 3.0676642496584920e+05 1.3611023003402934e+17 5.8315393274170320e+27
2.0101424315950971e-13 9.2152315814367682e+05 3.0713752911972342e+05 1.3685371571048376e+17 5.9711132238909526e+27
1.9642347329496030e-13 9.2361452353235218e+05 3.0749596544231375e+05 1.3758958791230618e+17 6.1151070372777698e+27
1.9193754758283432e-13 9.2570458921421715e+05 3.0784137908473448e+05 1.3831736255368603e+17 6.2632289822892717e+27
1.8755407158894795e-13 9.2779318905514432e+05 3.0817344957447104e+05 1.3903666239434070e+17 6.4155494735728303e+27
1.8327070556328355e-13 9.2988033020712913e+05 3.0849191254412697e+05 1.3974719619746648e+17 6.5723047689169286e+27
1.7908516319110873e-13 9.3196569747098198e+05 3.0879653781172645e+05 1.4044864522000486e+17 6.7341288703090461e+27
1.7499521037262478e-13 9.3404845972635574e+05 3.0908702329829446e+05 1.4114051407821002e+17 6.9007655488500998e+27
1.7099866403047436e-13 9.3612830674857297e+05 3.0936309449983959e+05 1.4182243730510128e+17 7.0723185710496023e+27
1.6709339094449448e-13 9.3820445280268975e+05 3.0962444394504715e+05 1.4249391995376848e+17 7.2482645087894753e+27
1.6327730661307397e-13 9.4027646068441647e+05 3.0987073351181735e+05 1.4315450586487438e+17 7.4296512667239902e+27
1.5954837414051565e-13 9.4234408761155652e+05 3.1010164212128113e+05 1.4380379451495370e+17 7.6164124275283994e+27
1.5590460314981504e-13 9.4440712818574149e+05 3.1031687575179804e+05 1.4444141954607091e+17 7.8081132363766865e+27
1.5234404872026269e-13 9.4646525273932982e+05 3.1051619062168041e+05 1.4506703657975261e+17 8.0060173830767059e+27
1.4886481034931015e-13 9.4851779509062460e+05 3.1069930512916046e+05 1.4568019336152730e+17 8.2098595977000461e+27
1.4546503093815020e-13 9.5056449219417467e+05 3.1086597439294041e+05 1.4628055813539926e+17 8.4193084168268791e+27
1.4214289580045901e-13 9.5260436916151084e+05 3.1101594312526420e+05 1.4686763432420438e+17 8.6346564698041965e+27
1.3889663169377659e-13 9.5463688332634373e+05 3.1114886060527229e+05 1.4744092613908573e+17 8.8565733622579967e+27
1.3572450587301461e-13 9.5666185050962865e+05 3.1126436732044490e+05 1.4800000875614755e+17 9.0845400569521421e+27
1.3262482516557153e-13 9.5867926892239985e+05 3.1136218312958087e+05 1.4854457591082080e+17 9.3192060687185779e+27
1.2959593506757878e-13 9.6068888477935572e+05 3.1144214702103043e+05 1.4907438130572621e+17 9.5606091033547795e+27
1.2663621886078123e-13 9.6268921516227094e+05 3.1150411344825255e+05 1.4958891437591213e+17 9.8089642323922881e+27
1.2374409674958667e-13 9.6467960863252659e+05 3.1154771654618852e+05 1.5008764030671075e+17 1.0064072801172272e+28
1.2091802501782780e-13 9.6665979754052032e+05 3.1157255907407275e+05 1.5057008309572886e+17 1.0326465285763680e+28
1.1815649520477777e-13 9.6862964732967899e+05 3.1157829330277810e+05 1.5103584790565264e+17 1.0596064537453775e+28
1.1545803329998362e-13 9.7058889553800051e+05 3.1156464320329140e+05 1.5148458166474288e+17 1.0873518664229553e+28
1.1282119895649331e-13 9.7253691448024439e+05 3.1153140097371984e+05 1.5191591218769520e+17 1.1158524875368184e+28
1.1024458472204377e-13 9.7447333816491859e+05 3.1147829497701966e+05 1.5232946993222090e+17 1.1451552807712571e+28
1.0772681528781416e-13 9.7639772908587661e+05 3.1140516257841606e+05 1.5272497434774550e+17 1.1752914847732414e+28
1.0526654675433147e-13 9.7830900435543992e+05 3.1131183026803954e+05 1.5310197900527590e+17 1.2062543010700589e+28
1.0286246591414157e-13 9.8020673602591606e+05 3.1119795616990968e+05 1.5346003726741802e+17 1.2380549066361588e+28
1.0051328955086642e-13 9.8209058226093976e+05 3.1106319408364972e+05 1.5379872320261069e+17 1.2707120504339842e+28
9.8217763754265583e-14 9.8396026970371604e+05 3.1090724037802353e+05 1.5411767244342381e+17 1.3042784984520013e+28
9.5974663250940560e-14 9.8581557055104047e+05 3.1072988076904573e+05 1.5441662062867475e+17 1.3387739679016149e+28
9.3782790750328011e-14 9.8765546974712494e+05 3.1053109936584468e+05 1.5469529470472800e+17 1.3742074998649700e+28
9.1640976305625656e-14 9.8947925599790283e+05 3.1031062013172900e+05 1.5495325410626771e+17 1.4105162094907337e+28
8.9548076689313450e-14 9.9128651806145941e+05 3.1006809913548827e+05 1.5519007410326234e+17 1.4478207929612567e+28
8.7502974782940347e-14 9.9307687770637206e+05 3.0980320952855394e+05 1.5540535958052240e+17 1.4861598331991719e+28
8.5504578980841602e-14 9.9485001086602686e+05 3.0951565154058306e+05 1.5559875997514646e+17 1.5255399008372188e+28
8.3551822607479450e-14 9.9660557305469667e+05 3.0920522176218207e+05 1.5577001558499046e+17 1.5658246981798341e+28
8.1643663348086941e-14 9.9834286949680303e+05 3.0887180410366930e+05 1.5591885931620400e+17 1.6072274443385529e+28
7.9779082692314898e-14 1.0000615508676443e+06 3.0851513587549503e+05 1.5604498380191638e+17 1.6496713734900087e+28
7.7957085390588123e-14 1.0017612680146613e+06 3.0813506905840500e+05 1.5614819344026534e+17 1.6932879510378050e+28
7.6176698922872544e-14 1.0034413085100702e+06 3.0773155280331388e+05 1.5622828941975344e+17 1.7379665115777168e+28
7.4436972979579387e-14 1.0051013543442274e+06 3.0730435635770706e+05 1.5628501756042198e+17 1.7837619385760151e+28
7.2736978954321352e-14 1.0067410182081480e+06 3.0685346719906002e+05 1.5631831112644611e+17 1.8307197822874240e+28
7.1075809448253324e-14 1.0083591823688512e+06 3.0637904210058728e+05 1.5632806085948147e+17 1.8788028627331904e+28
6.9452577785735583e-14 1.0099552835665119e+06 3.0588078683785017e+05 1.5631390010830291e+17 1.9280790677308164e+28
6.7866417541055714e-14 1.0115288439038080e+06 3.0535840114408795e+05 1.5627548566638938e+17 1.9786201518643896e+28
6.6316482075959181e-14 1.0130793770983643e+06 3.0481160226263670e+05 1.5621249537799693e+17 2.0303067135698672e+28
6.4801944087744509e-14 1.0146064529038813e+06 3.0424010727933462e+05 1.5612462976829107e+17 2.0831483400281654e+28
6.3321995167676364e-14 1.0161096708301351e+06 3.0364365017492778e+05 1.5601162172384307e+17 2.1373494351522770e+28
6.1875845369483762e-14 1.0175886611825838e+06 3.0302201187074836e+05 1.5587326253126208e+17 2.1929151897690275e+28
6.0462722787715319e-14 1.0190431479066859e+06 3.0237499205004546e+05 1.5570939530173990e+17 2.2496339158332218e+28
5.9081873145721601e-14 1.0204729951454564e+06 3.0170250465365534e+05 1.5552001429037005e+17 2.3077171691070423e+28
5.7732559393047217e-14 1.0218774476372480e+06 3.0100505753903906e+05 1.5530546745296691e+17 2.3671827259152473e+28
5.6414061312020209e-14 1.0232558203362613e+06 3.0028268133988290e+05 1.5506570093546870e+17 2.4279503635940236e+28
5.5125675133322412e-14 1.0246077605908588e+06 2.9953518793006765e+05 1.5480056889846134e+17 2.4901171073265419e+28
5.3866713160343085e-14 1.0259327881135308e+06 2.9876268400432682e+05 1.5451015475010371e+17 2.5535592847636639e+28
5.2636503402109189e-14 1.0272301666042617e+06 2.9796525939791661e+05 1.5419445580822528e+17 2.6184150981208237e+28
5.1434389214598862e-14 1.0284994184788587e+06 2.9714269530067669e+05 1.5385328149399350e+17 2.6845966742817452e+28
5.0259728950248755e-14 1.0297401005193287e+06 2.9629480432837293e+05 1.5348648760390838e+17 2.7522393956599152e+28
4.9111895615462751e-14 1.0309517600809038e+06 2.9542145402921404e+05 1.5309398305501779e+17 2.8212555612491489e+28
4.7990276535945624e-14 1.0321340169457210e+06 2.9452248576180614e+05 1.5267568438733802e+17 2.8915415381267404e+28
4.6894273029677714e-14 1.0332865974169655e+06 2.9359778718925512e+05 1.5223158835158384e+17 2.9635951011050054e+28
4.5823300087358381e-14 1.0344090763141472e+06 2.9264766972985427e+05 1.5176201328210166e+17 3.0368724408577790e+28
4.4776786060149089e-14 1.0355008758437734e+06 2.9167228825091443e+05 1.5126710292618336e+17 3.1114300081848080e+28
4.3754172354546191e-14 1.0365616424258675e+06 2.9067152420511283e+05 1.5074684204538774e+17 3.1878540291379065e+28
4.2754913134222209e-14 1.0375911027859966e+06 2.8964540188645839e+05 1.5020136864647242e+17 3.2654528169561838e+28
4.1778475028678120e-14 1.0385887103515327e+06 2.8859435987937351e+05 1.4963108751130902e+17 3.3445198898716954e+28
4.0824336848547811e-14 1.0395540023652597e+06 2.8751837673819240e+05 1.4903604950298282e+17 3.4250699838949882e+28
3.9891989307404462e-14 1.0404866231999580e+06 2.8641737215831882e+05 1.4841629743710298e+17 3.5071297710715889e+28
3.8980934749921996e-14 1.0413862543163943e+06 2.8529149484043877e+05 1.4777208044814173e+17 3.5900740218331207e+28
3.8090686886242321e-14 1.0422523919935131e+06 2.8414104746824253e+05 1.4710372028209654e+17 3.6752282166391137e+28
3.7220770532411519e-14 1.0430846464972709e+06 2.8296597614595533e+05 1.4641128910758320e+17 3.7613903478286112e+28
3.6370721356742348e-14 1.0438827155687289e+06 2.8176625541290193e+05 1.4569491702270573e+17 3.8491321190599428e+28
3.5540085631969392e-14 1.0446462986354318e+06 2.8054223837295134e+05 1.4495504271288275e+17 3.9381781997712759e+28
3.4728419993065977e-14 1.0453749437901067e+06 2.7929421092087077e+05 1.4419200726569302e+17 4.0286438332267440e+28
3.3935291200589816e-14 1.0460683040789529e+06 2.7802215798537317e+05 1.4340595011931978e+17 4.1204057943887702e+28
3.3160275909435640e-14 1.0467261334865685e+06 2.7672611881121417e+05 1.4259709202360304e+17 4.2135083202788583e+28
3.2402960442867525e-14 1.0473481725323702e+06 2.7540666776439868e+05 1.4176607034693406e+17 4.3081492446688841e+28
3.1662940571711986e-14 1.0479340026322720e+06 2.7406413004575873e+05 1.4091327822944952e+17 4.4042453062092807e+28
3.0939821298595029e-14 1.0484832702212306e+06 2.7269852810505830e+05 1.4003890026022936e+17 4.5011577406832554e+28
3.0233216647105607e-14 1.0489957015491328e+06 2.7130992447686958e+05 1.3914318323916528e+17 4.5996060315527589e+28
2.9542749455774224e-14 1.0494710675086172e+06 2.6989877653283149e+05 1.3822669003297061e+17 4.6990884948323157e+28
2.8868051176757726e-14 1.0499090246401287e+06 2.6846537943875574e+05 1.3728982691329517e+17 4.8000529086096773e+28
2.8208761679120653e-14 1.0503092886777828e+06 2.6700981170278089e+05 1.3633285888887402e+17 4.9021346146121348e+28
2.7564529056609296e-14 1.0506716694701705e+06 2.6553219449788932e+05 1.3535611884600301e+17 5.0052641491749714e+28
2.6935009439816838e-14 1.0509961316809806e+06 2.6403325706570310e+05 1.3436043284027774e+17 5.1095416957312473e+28
2.6319866812637211e-14 1.0512823884648220e+06 2.6251368857385835e+05 1.3334651474875234e+17 5.2150970130898883e+28
2.5718772832910860e-14 1.0515301111947384e+06 2.6097359750879364e+05 1.3231464204422166e+17 5.3214475259413591e+28
2.5131406657167638e-14 1.0517390233441296e+06 2.5941311376071881e+05 1.3126512881374400e+17 5.4288444916750880e+28
2.4557454769370657e-14 1.0519089594204186e+06 2.5783255191408723e+05 1.3019845767322574e+17 5.5374285341414398e+28
2.3996610813572847e-14 1.0520397226657013e+06 2.5623247256733474e+05 1.2911527454891918e+17 5.6464058581113020e+28
2.3448575430394285e-14 1.0521310409030227e+06 2.5461305109647897e+05 1.2801593068790581e+17 5.7565375885609475e+28
2.2913056097234067e-14 1.0521826997797603e+06 2.5297446217514219e+05 1.2690079798462205e+17 5.8673484280397908e+28
2.2389766972132404e-14 1.0521946154948352e+06 2.5131697932178641e+05 1.2577035842636917e+17 5.9797554829485632e+28
2.1878428741197178e-14 1.0521668590248106e+06 2.4964154910469014e+05 1.2462559575462672e+17 6.0912780701158992e+28
2.1378768469516348e-14 1.0520992377976365e+06 2.4794859146926849e+05 1.2346704777749245e+17 6.2042145018161000e+28
2.0890519455474319e-14 1.0519915503176649e+06 2.4623831765606793e+05 1.2229510868588987e+17 6.3169548468429228e+28
2.0413421088395478e-14 1.0518436789465740e+06 2.4451096905180684e+05 1.2111021947552171e+17 6.4314781122214483e+28
1.9947218709439593e-14 1.0516557611413470e+06 2.4276720408645453e+05 1.1991316945846546e+17 6.5459442049937288e+28
1.9491663475673367e-14 1.0514278976372327e+06 2.4100808443391891e+05 1.1870498807226806e+17 6.6606475009701818e+28
1.9046512227246311e-14 1.0511598778459691e+06 2.3923388011534302e+05 1.1748608833276445e+17 6.7758291838338333e+28
1.8611527357600804e-14 1.0508515242243418e+06 2.3744484424219251e+05 1.1625688235220629e+17 6.8904384992491736e+28
1.8186476686645556e-14 1.0505027338499140e+06 2.3564125812996493e+05 1.1501782249522845e+17 7.0062116670953969e+28
1.7771133336825583e-14 1.0501136206150227e+06 2.3382382456248335e+05 1.1376968506644469e+17 7.1219827963737337e+28
1.7365275612023216e-14 1.0496841569071200e+06 2.3199312925506747e+05 1.1251312250917099e+17 7.2373109624518826e+28
1.6968686879223694e-14 1.0492142120502105e+06 2.3014945554488411e+05 1.1124856508516411e+17 7.3526321074286552e+28
1.6581155452884349e-14 1.0487037144730478e+06 2.2829310384101036e+05 1.0997646935808528e+17 7.4676695579360515e+28
1.6202474481943860e-14 1.0481527220969498e+06 2.2642443894820145e+05 1.0869736571214634e+17 7.5828222612511808e+28
1.5832441839412017e-14 1.0475617413345404e+06 2.2454468493197832e+05 1.0741241506784862e+17 7.6972290895303720e+28
1.5470860014481690e-14 1.0469308500242807e+06 2.2265455715077039e+05 1.0612233408994853e+17 7.8114146642429577e+28
1.5117536007103770e-14 1.0462599457190117e+06 2.2075437081526383e+05 1.0482754443221131e+17 7.9251883814597325e+28
1.4772281224970779e-14 1.0455489617029262e+06 2.1884444897102195e+05 1.0352848014725245e+17 8.0380526884573940e+28
1.4434911382852522e-14 1.0447979136705614e+06 2.1692514470089553e+05 1.0222561157384984e+17 8.1504799688869698e+28
1.4105246404230745e-14 1.0440071289815487e+06 2.1499730122498827e+05 1.0091976583606592e+17 8.2622979862845241e+28
1.3783110325180794e-14 1.0431767076993694e+06 2.1306151971254608e+05 9.9611556069732256e+16 8.3729692685007408e+28
1.3468331200447878e-14 1.0423066141291095e+06 2.1111813630067659e+05 9.8301402694313760e+16 8.4827541157961291e+28
1.3160741011668400e-14 1.0413968653937739e+06 2.0916749773532440e+05 9.6989741537345040e+16 8.5918080417099228e+28
1.2860175577687812e-14 1.0404475520516417e+06 2.0720996646576744e+05 9.5677032297948368e+16 8.6987380923988619e+28
1.2566474466926146e-14 1.0394592199217735e+06 2.0524646571535774e+05 9.4364147448514688e+16 8.8055846444862194e+28
1.2279480911744954e-14 1.0384323235017137e+06 2.0327800432875840e+05 9.3051959219504096e+16 8.9107121600879394e+28
1.1999041724770400e-14 1.0373668732353060e+06 2.0130493557874142e+05 9.1740859908015984e+16 9.0142827827362903e+28
1.1725007217126900e-14 1.0362629089448572e+06 1.9932761380416784e+05 9.0431244843998512e+16 9.1168039927568176e+28
1.1457231118538169e-14 1.0351205190961073e+06 1.9734639980427310e+05 8.9123519320770800e+16 9.2178001772753888e+28
1.1195570499253468e-14 1.0339399795295423e+06 1.9536179909069190e+05 8.7818203081066208e+16 9.3168372944675861e+28
1.0939885693756198e-14 1.0327219397287389e+06 1.9337486080684670e+05 8.6516169230642064e+16 9.4130857863041348e+28
1.0690040226215535e-14 1.0314665457922115e+06 1.9138604238088705e+05 8.5217848580555856e+16 9.5096842730795192e+28
1.0445900737640148e-14 1.0301739273979919e+06 1.8939573248013048e+05 8.3923625429378912e+16 9.6036550367787449e+28
1.0207336914695582e-14 1.0288442748141447e+06 1.8740436627733795e+05 8.2633913682734480e+16 9.6954287747338663e+28
9.9742214201477500e-15 1.0274777701258847e+06 1.8541231160216074e+05 8.1349084371995216e+16 9.7848949301645851e+28
9.7464298248943204e-15 1.0260749840319019e+06 1.8342030790181574e+05 8.0069768455922496e+16 9.8728747860526729e+28
9.5238405415489943e-15 1.0246365292117713e+06 1.8142924546833456e+05 7.8796658248174704e+16 9.9579471606803566e+28
9.3063347595421789e-15 1.0231625787045122e+06 1.7943948452075929e+05 7.7530076690879920e+16 1.0041543588829444e+29
9.0937963817038467e-15 1.0216535620981525e+06 1.7745162601486064e+05 7.6270508206602832e+16 1.0122469520501035e+29
8.8861119622950472e-15 1.0201098590733976e+06 1.7546625988575281e+05 7.5018405922024544e+16 1.0200597164969177e+29
8.6831706464543330e-15 1.0185316488810648e+06 1.7348372975949445e+05 7.3774053859894960e+16 1.0276612070524666e+29
8.4848641110271021e-15 1.0169192049802551e+06 1.7150445189853560e+05 7.2537782088048784e+16 1.0350057412274853e+29
8.2910865067466053e-15 1.0152728087949844e+06 1.6952882948002900e+05 7.1309906647002544e+16 1.0421221822053117e+29
8.1017344017351153e-15 1.0135927266516454e+06 1.6755719997776227e+05 7.0090703036410064e+16 1.0488828750053641e+29
7.9167067262954120e-15 1.0118797313064982e+06 1.6559034897598933e+05 6.8880737530491040e+16 1.0554449577554228e+29
7.7359047189634282e-15 1.0101344507620133e+06 1.6362900080364165e+05 6.7680498409982328e+16 1.0617433997608520e+29
7.5592318737926421e-15 1.0083571116614657e+06 1.6167347057737084e+05 6.6490200736196712e+16 1.0677489667431496e+29
7.3865938888424051e-15 1.0065480270655162e+06 1.5972412369614223e+05 6.5310090807920200e+16 1.0734245852976131e+29
7.2178986158429975e-15 1.0047075314917803e+06 1.5778133148423675e+05 6.4140413051868864e+16 1.0788657260961779e+29
7.0530560110097832e-15 1.0028359355088929e+06 1.5584539911385861e+05 6.2981371106449904e+16 1.0839899359788840e+29
6.8919780869811397e-15 1.0009339675059936e+06 1.5391693918695251e+05 6.1833365722194648e+16 1.0887946015849080e+29
6.7345788658535760e-15 9.9900261139803275e+05 1.5199686137733489e+05 6.0696946413934184e+16 1.0933813721139626e+29
6.5807743332898606e-15 9.9704214422878262e+05 1.5008546323767758e+05 5.9572263407022416e+16 1.0976202613203202e+29
6.4304823936749431e-15 9.9505283955244464e+05 1.4818301930003942e+05 5.8459450361317200e+16 1.1015341168908946e+29
6.2836228262960381e-15 9.9303498879052675e+05 1.4628980018488748e+05 5.7358636245412872e+16 1.1051151269112224e+29
6.1401172425237023e-15 9.9098890003709390e+05 1.4440606660495498e+05 5.6269942803690112e+16 1.1084790139808880e+29
5.9998890439705759e-15 9.8891496060975420e+05 1.4253210329542620e+05 5.5193508415697192e+16 1.1115097761575749e+29
5.8628633816057044e-15 9.8681401234821801e+05 1.4066854770925848e+05 5.4129674304759720e+16 1.1142020039997092e+29
5.7289671158028247e-15 9.8468652071400522e+05 1.3881576243375454e+05 5.3078597266266384e+16 1.1165747495996456e+29
5.5981287773008504e-15 9.8253281791657407e+05 1.3697397905983639e+05 5.2040354256141160e+16 1.1186352033146371e+29
5.4702785290559493e-15 9.8035344390720443e+05 1.3514356443822235e+05 5.1015099819086712e+16 1.1203948196740970e+29
5.3453481289650542e-15 9.7814893575680081e+05 1.3332489206736532e+05 5.0002979656401288e+16 1.1218796583685638e+29
5.2232708934404756e-15 9.7591963108561002e+05 1.3151816777049226e+05 4.9004037082196568e+16 1.1235324662612980e+29
5.1039816618164203e-15 9.7366589277396887e+05 1.2972361537343610e+05 4.8018325220655688e+16 1.1238114522918672e+29
4.9874167615685985e-15 9.7138825948782649e+05 1.2794154210643080e+05 4.7045939949286456e+16 1.1243722190735056e+29
4.8735139743278304e-15 9.6908710096551629e+05 1.2617214529317290e+05 4.6086909947439816e+16 1.1245344667184721e+29
4.7622125026701672e-15 9.6676279998293659e+05 1.2441560130402894e+05 4.5141252616958184e+16 1.1244734405457130e+29
4.6534529376651431e-15 9.6441614241046575e+05 1.2267233239648891e+05 4.4209121698883600e+16 1.1240428717933685e+29
4.5471772271654456e-15 9.6204777031834680e+05 1.2094268509687950e+05 4.3290612287490896e+16 1.1233769698585059e+29
4.4433286448206034e-15 9.5965805857372482e+05 1.1922680962692639e+05 4.2385707388891048e+16 1.1221869347932276e+29
4.3418517597983386e-15 9.5724748969884880e+05 1.1752489765107031e+05 4.1494414216594632e+16 1.1210662445620017e+29
4.2426924071975897e-15 9.5481689559059101e+05 1.1583736591031085e+05 4.0616854390440176e+16 1.1195089716679255e+29
4.1457976591370770e-15 9.5236672123699496e+05 1.1416438652028055e+05 3.9753007127194576e+16 1.1176004481180339e+29
4.0511157965041552e-15 9.4989735086727596e+05 1.1250607704295237e+05 3.8902821735236384e+16 1.1154386044228795e+29
3.9585962813490184e-15 9.4740934373196994e+05 1.1086264174001345e+05 3.8066293917232808e+16 1.1130381110529088e+29
3.8681897299092095e-15 9.4490333966368227e+05 1.0923433803198174e+05 3.7243439450028536e+16 1.1103247257796600e+29
3.7798478862502085e-15 9.4237972475928324e+05 1.0762126170399468e+05 3.6434185724951312e+16 1.1073487298514186e+29
3.6935235965081540e-15 9.3983890607498807e+05 1.0602350243119001e+05 3.5638458039178568e+16 1.1040592270210201e+29
3.6091707837206704e-15 9.3728163057692791e+05 1.0444133350871010e+05 3.4856274672109608e+16 1.1005701662792635e+29
3.5267444232325131e-15 9.3470848130560014e+05 1.0287493986323640e+05 3.4087599354981304e+16 1.0967513789741488e+29
3.4462005186630304e-15 9.3211982436157484e+05 1.0132438184506862e+05 3.3332329424753764e+16 1.0927886849034367e+29
3.3674960784223519e-15 9.2951606043527438e+05 9.9789722712903458e+04 3.2590364753731496e+16 1.0885287125466153e+29
3.2905890927639030e-15 9.2689774024076376e+05 9.8271102588436072e+04 3.1861641915683732e+16 1.0840594728342769e+29
3.2154385113611301e-15 9.2426527919548494e+05 9.6768588101204732e+04 3.1146057296156956e+16 1.0793021751395797e+29
3.1420042213961282e-15 9.2161903905606817e+05 9.5282211713221608e+04 3.0443489806327328e+16 1.0743607082293076e+29
3.0702470261488918e-15 9.1895935009249358e+05 9.3811986517462487e+04 2.9753808372139676e+16 1.0691527847655376e+29
3.0001286240753394e-15 9.1628640078105172e+05 9.2357844197060840e+04 2.9076844333177888e+16 1.0637773296433165e+29
2.9316115883633456e-15 9.1360052942743269e+05 9.0919780483924260e+04 2.8412463230365892e+16 1.0581449300513925e+29
2.8646593469555428e-15 9.1090211254476872e+05 8.9497801606594774e+04 2.7760536718237752e+16 1.0523703145177802e+29
2.7992361630283719e-15 9.0819157494934869e+05 8.8091925773650917e+04 2.7120943618574076e+16 1.0463433718109602e+29
2.7353071159170559e-15 9.0546953492057172e+05 8.6702260072251302e+04 2.6493603206624476e+16 1.0400864374033555e+29
2.6728380824761013e-15 9.0273640292286710e+05 8.5328811083399749e+04 2.5878385385706948e+16 1.0336685201117806e+29
2.6117957188654957e-15 8.9999255607823131e+05 8.3971560141140333e+04 2.5275149618786828e+16 1.0270848752512637e+29
2.5521474427529691e-15 8.9723845561328542e+05 8.2630513156769550e+04 2.4683769084834676e+16 1.0203531286538285e+29
2.4938614159226217e-15 8.9447497350549896e+05 8.1305861884783357e+04 2.4104198705760692e+16 1.0134425267665317e+29
2.4369065272807395e-15 8.9170255554655590e+05 7.9997614637636536e+04 2.3536304466694588e+16 1.0063334116652448e+29
2.3812523762498158e-15 8.8892154033444019e+05 7.8705729500270405e+04 2.2979929932136364e+16 9.9910063854394141e+28
2.3268692565417277e-15 8.8613221780338907e+05 7.7430146615286445e+04 2.2434910504853824e+16 9.9170822336731744e+28
2.2737281403015041e-15 8.8333445090135466e+05 7.6170620748147820e+04 2.1901003136888364e+16 9.8415592461832665e+28
2.2218006626133126e-15 8.8052843532954913e+05 7.4927030955990878e+04 2.1378027189046740e+16 9.7652606357145128e+28
2.1710591063601611e-15 8.7771452332128829e+05 7.3699316787578704e+04 2.0865830775965036e+16 9.6868688664443584e+28
2.1214763874295099e-15 8.7489307842189877e+05 7.2487414488152586e+04 2.0364262863671504e+16 9.6053430751358301e+28
2.0730260402566669e-15 8.7206479087475664e+05 7.1291383254264380e+04 1.9873226007366892e+16 9.5275709723564801e+28
2.0256822036983470e-15 8.6923022002973780e+05 7.0111237410926129e+04 1.9392599846719544e+16 9.4457061723849966e+28
1.9794196072289361e-15 8.6638969641326321e+05 6.8946898593739999e+04 1.8922225248442236e+16 9.3629942550991005e+28
1.9342135574518784e-15 8.6354354591763020e+05 6.7798284435454480e+04 1.8461942929602524e+16 9.2794222365412503e+28
1.8900399249192402e-15 8.6069210148171650e+05 6.6665312027143460e+04 1.8011595038945466e+16 9.1948060924661008e+28
1.8468751312522100e-15 8.5783569896177948e+05 6.5547898295746651e+04 1.7571025056822536e+16 9.1093714696380578e+28
1.8046961365557400e-15 8.5497464839453087e+05 6.4445950135033214e+04 1.7140073664087762e+16 9.0232362373156225e+28
1.7634804271206827e-15 8.5210925662786828e+05 6.3359371767249249e+04 1.6718582068827632e+16 8.9366950869944897e+28
1.7232060034067163e-15 8.4923979270298849e+05 6.2288055939829384e+04 1.6306388007618406e+16 8.8493425979207068e+28
1.6838513682997199e-15 8.4636629445482523e+05 6.1231812425517186e+04 1.5903299073039404e+16 8.7606115143874159e+28
1.6453955156373893e-15 8.4348899385784962e+05 6.0190512947261690e+04 1.5509151486572112e+16 8.6718615603331025e+28
1.6078179189968424e-15 8.4060818854557234e+05 5.9164050571311971e+04 1.5123791865173048e+16 8.5825691488440172e+28
1.5710985207382948e-15 8.3772417461143492e+05 5.8152315850456464e+04 1.4747067796125902e+16 8.4923128902601441e+28
1.5352177212990160e-15 8.3483734332870622e+05 5.7155227636027710e+04 1.4378839612133764e+16 8.4019919355089626e+28
1.5001563687317299e-15 8.3194812356562819e+05 5.6172720585492192e+04 1.4018973652980718e+16 8.3114631634710547e+28
1.4658957484819409e-15 8.2905678409767570e+05 5.5204678990488581e+04 1.3667317999129662e+16 8.2201141457562397e+28
1.4324175733987857e-15 8.2616357764188701e+05 5.4250984711075216e+04 1.3323721073364028e+16 8.1286009539785723e+28
1.3997039739739272e-15 8.2326868220084545e+05 5.3311504771841632e+04 1.2988026133668962e+16 8.0370526425749006e+28
1.3677374888034679e-15 8.2037144453373738e+05 5.2385854604041277e+04 1.2659987697199658e+16 7.9450144471953127e+28
1.3365010552676013e-15 8.1747178800101706e+05 5.1473810778962150e+04 1.2339428495978860e+16 7.8533658898209675e+28
1.3059780004232072e-15 8.1456997632759239e+05 5.0575251075266489e+04 1.2026211044465698e+16 7.7610783846734950e+28
1.2761520321043861e-15 8.1166626234583859e+05 4.9690050503772865e+04 1.1720198548412568e+16 7.6684319032070179e+28
1.2470072302262402e-15 8.0876092412104935e+05 4.8818088552433583e+04 1.1421257935015880e+16 7.5764274172196226e+28
1.2185280382873081e-15 8.0585429042940750e+05 4.7959259404648772e+04 1.1129262725758204e+16 7.4841061381773489e+28
1.1906992550660171e-15 8.0294661857555865e+05 4.7113436974060955e+04 1.0844080822292618e+16 7.3917204552122972e+28
1.1635060265067758e-15 8.0003816050680913e+05 4.6280491757713069e+04 1.0565580963176112e+16 7.2993338504013106e+28
1.1369338377914151e-15 7.9712916875892482e+05 4.5460292593425242e+04 1.0293633438934406e+16 7.2072047496087047e+28
1.1109685055916584e-15 7.9422014014058153e+05 4.4652767972891816e+04 1.0028131201414628e+16 7.1148386051249268e+28
1.0855961704985305e-15 7.9131181357156159e+05 4.3857916989088393e+04 9.7689895734218680e+15 7.0231290915109571e+28
1.0608032896247057e-15 7.8840442757805344e+05 4.3075610463687175e+04 9.5160804653736840e+15 6.9316516987607310e+28
1.0365766293757621e-15 7.8549818779563962e+05 4.2305713943487244e+04 9.2692753867834560e+15 6.8405520206516433e+28
1.0129032583865274e-15 7.8259327851022955e+05 4.1548093208537750e+04 9.0284468955266940e+15 6.7502203620320274e+28
9.8977054061878349e-16 7.7968926200695045e+05 4.0802471514217053e+04 8.7934220320539410e+15 6.6592135241433410e+28
9.6716612861656596e-16 7.7678537795052340e+05 4.0068480963877504e+04 8.5640064728838050e+15 6.5683695317662102e+28
9.4507795691550233e-16 7.7388182437150786e+05 3.9345984500551996e+04 8.3400850776061420e+15 6.4784649165424663e+28
9.2349423560270548e-16 7.7097881919501140e+05 3.8634848388475875e+04 8.1215457383805680e+15 6.3887176314911519e+28
9.0240344402369017e-16 7.6807658851082844e+05 3.7934938388204770e+04 7.9082782988593880e+15 6.2998078445622740e+28
8.8179432463306952e-16 7.6517567224115320e+05 3.7246186795037982e+04 7.7001955311275570e+15 6.2110582417036592e+28
8.6165587698563285e-16 7.6227684179874568e+05 3.6568583834741425e+04 7.4972269411706480e+15 6.1228430657217343e+28
8.4197735186470735e-16 7.5938031176556891e+05 3.5901996491478771e+04 7.2992640319771240e+15 6.0351897834787840e+28
8.2274824554458266e-16 7.5648633363389131e+05 3.5246299505751937e+04 7.1062023620945630e+15 5.9479113256808969e+28
8.0395829418396960e-16 7.5359512472783099e+05 3.4601361715732332e+04 6.9179370714667280e+15 5.8614076346933145e+28
