8.0395829418396959e-13 8.1815512734772684e+05 2.8237428910088958e+05 9.9073397627732080e+16 1.8103843092762405e+27
7.8559746834753246e-13 8.1972646162949177e+05 2.8294438878210384e+05 9.9717799250888016e+16 1.8370390700032046e+27
7.6765596765250801e-13 8.2131563523696538e+05 2.8351452199932252e+05 1.0036726552972834e+17 1.8646492216171075e+27
7.5012421553758558e-13 8.2292283734871738e+05 2.8408466796015319e+05 1.0102185816930099e+17 1.8930355862956367e+27
7.3299285415128468e-13 8.2454798300452530e+05 2.8465473484528385e+05 1.0168155104790267e+17 1.9225079917035562e+27
7.1625273935704306e-13 8.2619097768501611e+05 2.8522462354534748e+05 1.0234631033196632e+17 1.9529192610824684e+27
6.9989493585237990e-13 8.2785181374655676e+05 2.8579425165938155e+05 1.0301612720802744e+17 1.9845743131269986e+27
6.8391071239955609e-13 8.2953069130672608e+05 2.8636358634789300e+05 1.0369105476816330e+17 2.0168614007812219e+27
6.6829153716511489e-13 8.3122797521220066e+05 2.8693267642693181e+05 1.0437124288212312e+17 2.0504624825061049e+27
6.5302907316589952e-13 8.3294378886504902e+05 2.8750152266860474e+05 1.0505677171412251e+17 2.0852239971171052e+27
6.3811517381904706e-13 8.3467810910277267e+05 2.8807008459502668e+05 1.0574767145366752e+17 2.1211138912020059e+27
6.2354187859361313e-13 8.3643091938709782e+05 2.8863832274064666e+05 1.0644397484142530e+17 2.1582349017211867e+27
6.0930140876152718e-13 8.3820248022829951e+05 2.8920627722312737e+05 1.0714581778159893e+17 2.1965950758690763e+27
5.9538616324556484e-13 8.3999306501879869e+05 2.8977401635532302e+05 1.0785336516419907e+17 2.2363302544746536e+27
5.8178871456214496e-13 8.4180280677078606e+05 2.9034157549733104e+05 1.0856673996373854e+17 2.2773113225027878e+27
5.6850180485680912e-13 8.4363214507403760e+05 2.9090909290016221e+05 1.0928619500906776e+17 2.3196959190047695e+27
5.5551834203020698e-13 8.4548142901926325e+05 2.9147672358422593e+05 1.1001199216118408e+17 2.3636488341188582e+27
5.4283139595259256e-13 8.4735077312380518e+05 2.9204457333389053e+05 1.1074432561579218e+17 2.4089644885663249e+27
5.3043419476474946e-13 8.4924067061427725e+05 2.9261286931253935e+05 1.1148354824644622e+17 2.4558955409244919e+27
5.1832012126339740e-13 8.5115157706589461e+05 2.9318188911654422e+05 1.1223005959037994e+17 2.5044673114435935e+27
5.0648270936916735e-13 8.5308371872844233e+05 2.9375187390524190e+05 1.1298420459259958e+17 2.5545867092690255e+27
4.9491564067522283e-13 8.5503780674710753e+05 2.9432323549098487e+05 1.1374654940408846e+17 2.6065071560730803e+27
4.8361274107470329e-13 8.5701462494294695e+05 2.9489649147269386e+05 1.1451777491689450e+17 2.6602073898825196e+27
4.7256797746521049e-13 8.5901490565570944e+05 2.9547224634633982e+05 1.1529864516586093e+17 2.7157683237521463e+27
4.6177545452852868e-13 8.6103922507960850e+05 2.9605119488774770e+05 1.1608999766387018e+17 2.7732087055959545e+27
4.5122941158391827e-13 8.6308830013718724e+05 2.9663417869686615e+05 1.1689283525695885e+17 2.8326029394135609e+27
4.4092421951325472e-13 8.6516367709907086e+05 2.9722247129001102e+05 1.1770868220645459e+17 2.8941283988867995e+27
4.3085437775639206e-13 8.6726710682650958e+05 2.9781777966077573e+05 1.1853951150081995e+17 2.9576416719087275e+27
4.2101451137516242e-13 8.6940082012509031e+05 2.9842256213496363e+05 1.1938808138182373e+17 3.0234312691468612e+27
4.1139936818441155e-13 8.7156753527434380e+05 2.9904069627701963e+05 1.2025856242071765e+17 3.0909827670241865e+27
4.0200381594855675e-13 8.7375352439734712e+05 2.9967563727883797e+05 1.2115243727801395e+17 3.1603744415654499e+27
3.9282283964218600e-13 8.7581094701398828e+05 3.0029090051766660e+05 1.2201491627802314e+17 3.2257332055283995e+27
3.8385153877319545e-13 8.7774716990790563e+05 3.0087321472590178e+05 1.2283413132036283e+17 3.2883056405176656e+27
3.7508512476708503e-13 8.7968698067262943e+05 3.0144844331844180e+05 1.2365173954377974e+17 3.3524463770911767e+27
3.6651891841097572e-13 8.8163559374700394e+05 3.0201783766787918e+05 1.2446965488378328e+17 3.4184892106971953e+27
3.5814834735600098e-13 8.8359252210713027e+05 3.0258110323239863e+05 1.2528753521645960e+17 3.4865311484964997e+27
3.4996894367675177e-13 8.8555751949211408e+05 3.0313800360417250e+05 1.2610512502511027e+17 3.5565916243242592e+27
3.4197634148644563e-13 8.8753037250402989e+05 3.0368831245212629e+05 1.2692218047169485e+17 3.6287831875188100e+27
3.3416627460656126e-13 8.8951067877665127e+05 3.0423176162448665e+05 1.2773838674530426e+17 3.7031116771752988e+27
3.2653457428970620e-13 8.9149812912513397e+05 3.0476810454134172e+05 1.2855346025977069e+17 3.7797079170132416e+27
3.1907716699447724e-13 8.9349218012086267e+05 3.0529701938463713e+05 1.2936700628948779e+17 3.8585245634499837e+27
3.1179007221113923e-13 8.9549273916179466e+05 3.0581826394820574e+05 1.3017877251262357e+17 3.9398695368114284e+27
3.0466940033697372e-13 8.9749983691707463e+05 3.0633165067658620e+05 1.3098857694082419e+17 4.0236292672086957e+27
2.9771135060013152e-13 8.9951314842464949e+05 3.0683694274559262e+05 1.3179613267605648e+17 4.1096656109086879e+27
2.9091220903091890e-13 9.0153237830585113e+05 3.0733390621217934e+05 1.3260115772430125e+17 4.1985214336264041e+27
2.8426834647940371e-13 9.0355685661575780e+05 3.0782224947058497e+05 1.3340324992635331e+17 4.2899534708900292e+27
2.7777621667829500e-13 9.0558610063445533e+05 3.0830166096873127e+05 1.3420201456520606e+17 4.3840576110325189e+27
2.7143235435007391e-13 9.0761981892823556e+05 3.0877186881154525e+05 1.3499712313740629e+17 4.4811899104738360e+27
2.6523337335734285e-13 9.0965778950910270e+05 3.0923260374630924e+05 1.3578825939604213e+17 4.5811424025409074e+27
2.5917596489541772e-13 9.1169990162033052e+05 3.0968363330389356e+05 1.3657515959017067e+17 4.6839279512225952e+27
2.5325689572620839e-13 9.1374600193952245e+05 3.1012475641181518e+05 1.3735758229283832e+17 4.7900139021407613e+27
2.4747300645241784e-13 9.1579515486966795e+05 3.1055564459844527e+05 1.3813502370333861e+17 4.8990810727384798e+27
2.4182120983117104e-13 9.1784692920483323e+05 3.1097597866901371e+05 1.3890707213950019e+17 5.0115544045624386e+27
2.3629848912614671e-13 9.1990121181601693e+05 3.1138549411094544e+05 1.3967342332853370e+17 5.1274725264338596e+27
2.3090189649734352e-13 9.2195784989221988e+05 3.1178395475440606e+05 1.4043379257347099e+17 5.2466357353614280e+27
2.2562855142762949e-13 9.2401622711364529e+05 3.1217106806362193e+05 1.4118775443831134e+17 5.3692052232916865e+27
2.2047563918521709e-13 9.2607600603431428e+05 3.1254654489643220e+05 1.4193493460772397e+17 5.4957583971632190e+27
2.1544040932125280e-13 9.2813695549963834e+05 3.1291011705195915e+05 1.4267499749624330e+17 5.6258574787885014e+27
2.1052017420172673e-13 9.3019892014743353e+05 3.1326155841162580e+05 1.4340766175500728e+17 5.7601319084095097e+27
2.0571230757290243e-13 9.3226115503150213e+05 3.1360060678826401e+05 1.4413249811788310e+17 5.8980635850575441e+27
2.0101424315950971e-13 9.3432309980738338e+05 3.1392695070388587e+05 1.4484906023024198e+17 6.0404251228884354e+27
1.9642347329496030e-13 9.3638424920616776e+05 3.1424029565931152e+05 1.4555692596859523e+17 6.1868261659893083e+27
1.9193754758283432e-13 9.3844405858764634e+05 3.1454029695588874e+05 1.4625561347586493e+17 6.3375567763705524e+27
1.8755407158894795e-13 9.4050237495853298e+05 3.1482661895605107e+05 1.4694472490182685e+17 6.4926442860838536e+27
1.8327070556328355e-13 9.4255925544362678e+05 3.1509899773281493e+05 1.4762397546962944e+17 6.6523367791877724e+27
1.7908516319110873e-13 9.4461441672965174e+05 3.1535721151099872e+05 1.4829305506002045e+17 6.8171263538406042e+27
1.7499521037262478e-13 9.4666704845938261e+05 3.1560098879102367e+05 1.4895149680539795e+17 6.9862891304824731e+27
1.7099866403047436e-13 9.4871684552035597e+05 3.1583005406149296e+05 1.4959893038471952e+17 7.1607449108142006e+27
1.6709339094449448e-13 9.5076305473703996e+05 3.1604412093801075e+05 1.5023488111091856e+17 7.3401044966330243e+27
1.6327730661307397e-13 9.5280524177056982e+05 3.1624285377270152e+05 1.5085888961648406e+17 7.5246842176376145e+27
1.5954837414051565e-13 9.5484320094004169e+05 3.1642592584057467e+05 1.5147055250601133e+17 7.7147934448547384e+27
1.5590460314981504e-13 9.5687676367216150e+05 3.1659304568214330e+05 1.5206951099769040e+17 7.9105451853832002e+27
1.5234404872026269e-13 9.5890562605257542e+05 3.1674398362934316e+05 1.5265543959243792e+17 8.1120127016318409e+27
1.4886481034931015e-13 9.6092915861634107e+05 3.1687847769642220e+05 1.5322791083773510e+17 8.3191908913854127e+27
1.4546503093815020e-13 9.6294711123716726e+05 3.1699628986466519e+05 1.5378660297153779e+17 8.5325594878169233e+27
1.4214289580045901e-13 9.6495853858594771e+05 3.1709719769793749e+05 1.5433105693051779e+17 8.7522335291883790e+27
1.3889663169377659e-13 9.6696289688209677e+05 3.1718085368905315e+05 1.5486077642266442e+17 8.9779578032828263e+27
1.3572450587301461e-13 9.6896003724912868e+05 3.1724689094140410e+05 1.5537533464790714e+17 9.2102049745747122e+27
1.3262482516557153e-13 9.7095001840798790e+05 3.1729502359319414e+05 1.5587443533509632e+17 9.4491506049699004e+27
1.2959593506757878e-13 9.7293261373667524e+05 3.1732511578772787e+05 1.5635786986866416e+17 9.6952528593534041e+27
1.2663621886078123e-13 9.7490635588926973e+05 3.1733708182837698e+05 1.5682519398485040e+17 9.9482503212489442e+27
1.2374409674958667e-13 9.7687058325550542e+05 3.1733056108079816e+05 1.5727587377552925e+17 1.0208053997617087e+28
1.2091802501782780e-13 9.7882505246754747e+05 3.1730513976566913e+05 1.5770942078412022e+17 1.0475266162996196e+28
1.1815649520477777e-13 9.8076968923427025e+05 3.1726046588674944e+05 1.5812545121392790e+17 1.0750608081551544e+28
1.1545803329998362e-13 9.8270424766972766e+05 3.1719627343981492e+05 1.5852362987912899e+17 1.1033235339531803e+28
1.1282119895649331e-13 9.8462815063347865e+05 3.1711237246946577e+05 1.5890361953616966e+17 1.1324778451561242e+28
1.1024458472204377e-13 9.8654104627463652e+05 3.1700850495528878e+05 1.5926507445460934e+17 1.1622965956048691e+28
1.0772681528781416e-13 9.8844253348732018e+05 3.1688453307475604e+05 1.5960775395072595e+17 1.1929091511723832e+28
1.0526654675433147e-13 9.9033155203542509e+05 3.1674031886848155e+05 1.5993125987031475e+17 1.2246329538833476e+28
1.0286246591414157e-13 9.9220767516996956e+05 3.1657552654720191e+05 1.6023515466984861e+17 1.2569903559421473e+28
1.0051328955086642e-13 9.9407060203815298e+05 3.1638980223822716e+05 1.6051901804646896e+17 1.2903558227288088e+28
9.8217763754265583e-14 9.9592011196862860e+05 3.1618284548498102e+05 1.6078250730904592e+17 1.3245450092095773e+28
9.5974663250940560e-14 9.9775599511795840e+05 3.1595445935836720e+05 1.6102538887533811e+17 1.3597478569679478e+28
9.3782790750328011e-14 9.9957727211037069e+05 3.1570467154550622e+05 1.6124745520364122e+17 1.3958306257411682e+28
9.1640976305625656e-14 1.0013832433277548e+06 3.1543322727456706e+05 1.6144829523276550e+17 1.4328941783660328e+28
8.9548076689313450e-14 1.0031735029582391e+06 3.1513978421169962e+05 1.6162749136407002e+17 1.4710115476932256e+28
8.7502974782940347e-14 1.0049477342396406e+06 3.1482400259121141e+05 1.6178465724556070e+17 1.5100392921573910e+28
8.5504578980841602e-14 1.0067056423220428e+06 3.1448559680170007e+05 1.6191947047611389e+17 1.5502102914960032e+28
8.3551822607479450e-14 1.0084469056009955e+06 3.1412437591597432e+05 1.6203169895388150e+17 1.5913642737385277e+28
8.1643663348086941e-14 1.0101708809816835e+06 3.1374024332220753e+05 1.6212112106989114e+17 1.6336084498184175e+28
7.9779082692314898e-14 1.0118772434121759e+06 3.1333295449290099e+05 1.6218746119393411e+17 1.6769940648764753e+28
7.7957085390588123e-14 1.0135656737075440e+06 3.1290238107460528e+05 1.6223056263551987e+17 1.7213992548365727e+28
7.6176698922872544e-14 1.0152355063159039e+06 3.1244849185306992e+05 1.6225027262396899e+17 1.7670919284331225e+28
7.4436972979579387e-14 1.0168864547676180e+06 3.1197108141388639e+05 1.6224637854017917e+17 1.8138759996036360e+28
7.2736978954321352e-14 1.0185181564706196e+06 3.1147016746546142e+05 1.6221886521608192e+17 1.8617794312736068e+28
7.1075809448253324e-14 1.0201295191084179e+06 3.1094595287288766e+05 1.6216769400996710e+17 1.9109799775351652e+28
6.9452577785735583e-14 1.0217199944937407e+06 3.1039816425111715e+05 1.6209252672682336e+17 1.9612976504929256e+28
6.7866417541055714e-14 1.0232891094653271e+06 3.0982650138240692e+05 1.6199302715683370e+17 2.0128753142844766e+28
6.6316482075959181e-14 1.0248364414936232e+06 3.0923066315254546e+05 1.6186887935623347e+17 2.0655502459967092e+28
6.4801944087744509e-14 1.0263615750716613e+06 3.0861038035411987e+05 1.6171980747892870e+17 2.1198065189855989e+28
6.3321995167676364e-14 1.0278641296225295e+06 3.0796539834130759e+05 1.6154556657942784e+17 2.1751895853956807e+28
6.1875845369483762e-14 1.0293438027255038e+06 3.0729547614899639e+05 1.6134595461266467e+17 2.2319159416002407e+28
6.0462722787715319e-14 1.0308003591118284e+06 3.0660043379653542e+05 1.6112085476698819e+17 2.2899093521899862e+28
5.9081873145721601e-14 1.0322337019735513e+06 3.0588021477742988e+05 1.6087031060122701e+17 2.3493121658270511e+28
5.7732559393047217e-14 1.0336431103967535e+06 3.0513538014889765e+05 1.6059475829302694e+17 2.4101250499419592e+28
5.6414061312020209e-14 1.0350279301441931e+06 3.0436599893139716e+05 1.6029420043985152e+17 2.4722491281727220e+28
5.5125675133322412e-14 1.0363878261536289e+06 3.0357190910190629e+05 1.5996852668090611e+17 2.5358438020687854e+28
5.3866713160343085e-14 1.0377223476626810e+06 3.0275323365948140e+05 1.5961785762889600e+17 2.6008486355851134e+28
5.2636503402109189e-14 1.0390307988045112e+06 3.0191007949295541e+05 1.5924222943809619e+17 2.6674218387003114e+28
5.1434389214598862e-14 1.0403127075949124e+06 3.0104225412099919e+05 1.5884148351614880e+17 2.7349532164575409e+28
5.0259728950248755e-14 1.0415676545674562e+06 3.0014957669591799e+05 1.5841548826310093e+17 2.8041664467770543e+28
4.9111895615462751e-14 1.0427952413643636e+06 2.9923188223480817e+05 1.5796414587686448e+17 2.8748238457746835e+28
4.7990276535945624e-14 1.0439951265682436e+06 2.9828903484589775e+05 1.5748740833250934e+17 2.9470015488732859e+28
4.6894273029677714e-14 1.0451670649202940e+06 2.9732095029587421e+05 1.5698530976535542e+17 3.0205608984542427e+28
4.5823300087358381e-14 1.0463106579015572e+06 2.9632795041256846e+05 1.5645820261670963e+17 3.0957268485266292e+28
4.4776786060149089e-14 1.0474253807352167e+06 2.9531021530941525e+05 1.5590627773436675e+17 3.1722976107624275e+28
4.3754172354546191e-14 1.0485109023549316e+06 2.9426765290721814e+05 1.5532955157222870e+17 3.2504627697866509e+28
4.2754913134222209e-14 1.0495669709074576e+06 2.9320031078188645e+05 1.5472819435032762e+17 3.3299500961228918e+28
4.1778475028678120e-14 1.0505930819742917e+06 2.9210862847188255e+05 1.5410263915765923e+17 3.4110262271314651e+28
4.0824336848547811e-14 1.0515888045394332e+06 2.9099261130641116e+05 1.5345297156856714e+17 3.4935246923353596e+28
3.9891989307404462e-14 1.0525538108001191e+06 2.8985220944340894e+05 1.5277926761690355e+17 3.5776242270489517e+28
3.8980934749921996e-14 1.0534878018995498e+06 2.8868757619655866e+05 1.5208179081187408e+17 3.6632174555031909e+28
3.8090686886242321e-14 1.0543903176530565e+06 2.8749900479542575e+05 1.5136087614260058e+17 3.7502847420387306e+28
3.7220770532411519e-14 1.0552610024425392e+06 2.8628647284180956e+05 1.5061662978101702e+17 3.8388128991234616e+28
3.6370721356742348e-14 1.0560995818456637e+06 2.8504998485163500e+05 1.4984921196958611e+17 3.9288920732139535e+28
3.5540085631969392e-14 1.0569057714952689e+06 2.8378988316811121e+05 1.4905906439452995e+17 4.0203868106015768e+28
3.4728419993065977e-14 1.0576791698075808e+06 2.8250645717032510e+05 1.4824654905040618e+17 4.1132897967003607e+28
3.3935291200589816e-14 1.0584194620571700e+06 2.8119972465004778e+05 1.4741183706288826e+17 4.2077355736344504e+28
3.3160275909435640e-14 1.0591264271503941e+06 2.7986975210484589e+05 1.4655517368961014e+17 4.3035292770784501e+28
3.2402960442867525e-14 1.0597998283856669e+06 2.7851710220124765e+05 1.4567720136023309e+17 4.4008335126506395e+28
3.1662940571711986e-14 1.0604392763141554e+06 2.7714210661518038e+05 1.4477832870508490e+17 4.4994190797399515e+28
3.0939821298595029e-14 1.0610444582260931e+06 2.7574482227019919e+05 1.4385877095979456e+17 4.5995317133747400e+28
3.0233216647105607e-14 1.0616151257336505e+06 2.7432533942585270e+05 1.4291879563364419e+17 4.7008145698164067e+28
2.9542749455774224e-14 1.0621510639551133e+06 2.7288408270841540e+05 1.4195894489272669e+17 4.8033167404722223e+28
2.8868051176757726e-14 1.0626519687997624e+06 2.7142134296837088e+05 1.4097962943894155e+17 4.9074006978957000e+28
2.8208761679120653e-14 1.0631175954871518e+06 2.6993723145727202e+05 1.3998114098717408e+17 5.0125632438329990e+28
2.7564529056609296e-14 1.0635477935235063e+06 2.6843190120774484e+05 1.3896383695213792e+17 5.1190556451300900e+28
2.6935009439816838e-14 1.0639425332416308e+06 2.6690607378944830e+05 1.3792854352352112e+17 5.2267667469186343e+28
2.6319866812637211e-14 1.0643015429806188e+06 2.6536043148761586e+05 1.3687597610861749e+17 5.3357630210492766e+28
2.5718772832910860e-14 1.0646245377801233e+06 2.6379511628423329e+05 1.3580643568300640e+17 5.4457024872975065e+28
2.5131406657167638e-14 1.0649112737727668e+06 2.6221028782825079e+05 1.3472025305604410e+17 5.5566048449028622e+28
2.4557454769370657e-14 1.0651615920693609e+06 2.6060625191251017e+05 1.3361789500214613e+17 5.6688072087536225e+28
2.3996610813572847e-14 1.0653753095017895e+06 2.5898351023276465e+05 1.3249996280409016e+17 5.7817524137078937e+28
2.3448575430394285e-14 1.0655521979305567e+06 2.5734226442534442e+05 1.3136682415130938e+17 5.8957483787477996e+28
2.2913056097234067e-14 1.0656920856990118e+06 2.5568271979887137e+05 1.3021886849403874e+17 6.0106778480180710e+28
2.2389766972132404e-14 1.0657949171941131e+06 2.5400517013971295e+05 1.2905658453324403e+17 6.1264226966051046e+28
2.1878428741197178e-14 1.0658607424347573e+06 2.5231050210892712e+05 1.2788090880111261e+17 6.2430237283696291e+28
2.1378768469516348e-14 1.0658894032540305e+06 2.5059913979831536e+05 1.2669237930734886e+17 6.3603150990235384e+28
2.0890519455474319e-14 1.0658807445477059e+06 2.4887132433977933e+05 1.2549140549445848e+17 6.4781247614867712e+28
2.0413421088395478e-14 1.0658346937742750e+06 2.4712732671642792e+05 1.2427844190994877e+17 6.5965765655815854e+28
1.9947218709439593e-14 1.0657513842604614e+06 2.4536779283533071e+05 1.2305425831890877e+17 6.7158000626949365e+28
1.9491663475673367e-14 1.0656308945031592e+06 2.4359373524958896e+05 1.2181984531543861e+17 6.8354667389762891e+28
1.9046512227246311e-14 1.0654730614124800e+06 2.4180545029799797e+05 1.2057562664647408e+17 6.9554111991707218e+28
1.8611527357600804e-14 1.0652777496413239e+06 2.4000321831423781e+05 1.1932202284498742e+17 7.0758620553638696e+28
1.8186476686645556e-14 1.0650448827846034e+06 2.3818734074605393e+05 1.1805948482072736e+17 7.1964986125441518e+28
1.7771133336825583e-14 1.0647745483486473e+06 2.3635845409936557e+05 1.1678872585207173e+17 7.3172033620537905e+28
1.7365275612023216e-14 1.0644667246360916e+06 2.3451710149358696e+05 1.1551035822307704e+17 7.4382229682448653e+28
1.6968686879223694e-14 1.0641213307337619e+06 2.3266359204177058e+05 1.1422482040805771e+17 7.5590006926225851e+28
1.6581155452884349e-14 1.0637383417368403e+06 2.3079825119708624e+05 1.1293257497785363e+17 7.6801598712636321e+28
1.6202474481943860e-14 1.0633178501201305e+06 2.2892146242139931e+05 1.1163415085463864e+17 7.8008234498318372e+28
1.5832441839412017e-14 1.0628602972532941e+06 2.2703437770079391e+05 1.1033064631669278e+17 7.9215824417322423e+28
1.5470860014481690e-14 1.0623657653742991e+06 2.2513769303709286e+05 1.0902275475261990e+17 8.0417513198845592e+28
1.5117536007103770e-14 1.0618341979691964e+06 2.2323174644152282e+05 1.0771090122636501e+17 8.1619668825961907e+28
1.4772281224970779e-14 1.0612655731474750e+06 2.2131688294869702e+05 1.0639552084625379e+17 8.2817112339034573e+28
1.4434911382852522e-14 1.0606599300547531e+06 2.1939346997581338e+05 1.0507707524867347e+17 8.4004471856335967e+28
1.4105246404230745e-14 1.0600175334961398e+06 2.1746225568509384e+05 1.0375630678413475e+17 8.5190701019576194e+28
1.3783110325180794e-14 1.0593384836239244e+06 2.1552380028438763e+05 1.0243378839614110e+17 8.6368540757666875e+28
1.3468331200447878e-14 1.0586227967594042e+06 2.1357846093079762e+05 1.0110994346504661e+17 8.7537603849182820e+28
1.3160741011668400e-14 1.0578705328528380e+06 2.1162660267013870e+05 9.9785206538585088e+16 8.8696138685572091e+28
1.2860175577687812e-14 1.0570818253226122e+06 2.0966860652850592e+05 9.8460035026698976e+16 8.9848655451295685e+28
1.2566474466926146e-14 1.0562571665907276e+06 2.0770533951827016e+05 9.7135246910109920e+16 9.0988457354218384e+28
1.2279480911744954e-14 1.0553969544369585e+06 2.0573774029022135e+05 9.5811655796122816e+16 9.2124679802358089e+28
1.1999041724770400e-14 1.0545012502421937e+06 2.0376618068434691e+05 9.4489655237090144e+16 9.3240183725120867e+28
1.1725007217126900e-14 1.0535701412628293e+06 2.0179103205026253e+05 9.3169639269097808e+16 9.4343774809056688e+28
1.1457231118538169e-14 1.0526037551212609e+06 1.9981267194349351e+05 9.1852010157309600e+16 9.5432838277646023e+28
1.1195570499253468e-14 1.0516023821160395e+06 1.9783160231259724e+05 9.0537269011461760e+16 9.6511328612316202e+28
1.0939885693756198e-14 1.0505665859357433e+06 1.9584879318580919e+05 8.9226222514938128e+16 9.7574733506212775e+28
1.0690040226215535e-14 1.0494965340265634e+06 1.9386470220838441e+05 8.7919288389446752e+16 9.8623891183486890e+28
1.0445900737640148e-14 1.0483923602785796e+06 1.9187969821751007e+05 8.6616821167825760e+16 9.9645196034084414e+28
1.0207336914695582e-14 1.0472542311969819e+06 1.8989414914995464e+05 8.5319176012891424e+16 1.0065370307597488e+29
9.9742214201477500e-15 1.0460823729115401e+06 1.8790843313898140e+05 8.4026720359884736e+16 1.0164686250588000e+29
9.7464298248943204e-15 1.0448773417551052e+06 1.8592327362316119e+05 8.2740064925804560e+16 1.0261692514445684e+29
9.5238405415489943e-15 1.0436397102244587e+06 1.8393953126935993e+05 8.1459874538805456e+16 1.0357073491402078e+29
9.3063347595421789e-15 1.0423696933215469e+06 1.8195757904113669e+05 8.0186469779976416e+16 1.0450233529303469e+29
9.0937963817038467e-15 1.0410676883846932e+06 1.7997798231945455e+05 7.8920299698685952e+16 1.0541084257874588e+29
8.8861119622950472e-15 1.0397340561770614e+06 1.7800129750377414e+05 7.7661786636173600e+16 1.0630054544984273e+29
8.6831706464543330e-15 1.0383690049177501e+06 1.7602787663930707e+05 7.6411208830495776e+16 1.0716290077785339e+29
8.4848641110271021e-15 1.0369727882117601e+06 1.7405809111143567e+05 7.5168856188557840e+16 1.0800569471060815e+29
8.2910865067466053e-15 1.0355456747819724e+06 1.7209230399461451e+05 7.3935010113361056e+16 1.0881897046345614e+29
8.1017344017351153e-15 1.0340879751735982e+06 1.7013086437383891e+05 7.2709946249933584e+16 1.0961092279837435e+29
7.9167067262954120e-15 1.0326004174448489e+06 1.6817452953257182e+05 7.1494207443489888e+16 1.1037924962797774e+29
7.7359047189634282e-15 1.0310835938581623e+06 1.6622399798944782e+05 7.0288260978494328e+16 1.1111893891488685e+29
7.5592318737926421e-15 1.0295377632833472e+06 1.6427959507798342e+05 6.9092320631702440e+16 1.1183766753873830e+29
7.3865938888424051e-15 1.0279632141461843e+06 1.6234164725899984e+05 6.7906599109487224e+16 1.1252071060543308e+29
7.2178986158429975e-15 1.0263602565226028e+06 1.6041047725286570e+05 6.6731304748217368e+16 1.1317960942080052e+29
7.0530560110097832e-15 1.0247292415098110e+06 1.5848640053089117e+05 6.5566643064005984e+16 1.1381105595779636e+29
6.8919780869811397e-15 1.0230708713070484e+06 1.5657001472711607e+05 6.4413002324779584e+16 1.1441872755855996e+29
6.7345788658535760e-15 1.0213860443637284e+06 1.5466218924975515e+05 6.3270907232157800e+16 1.1499664919663933e+29
6.5807743332898606e-15 1.0196750625896015e+06 1.5276322917198268e+05 6.2140508042971776e+16 1.1554405015031330e+29
6.4304823936749431e-15 1.0179381964840604e+06 1.5087339626221685e+05 6.1021924079946296e+16 1.1606272125672007e+29
6.2836228262960381e-15 1.0161756712469346e+06 1.4899288294620567e+05 5.9915231909376176e+16 1.1654861228444263e+29
6.1401172425237023e-15 1.0143878212215960e+06 1.4712194990585648e+05 5.8820551718107432e+16 1.1701130090885696e+29
5.9998890439705759e-15 1.0125750566797337e+06 1.4526088693591699e+05 5.7738022841744472e+16 1.1744049946672811e+29
5.8628633816057044e-15 1.0107381329287451e+06 1.4341027979441706e+05 5.6667956562042152e+16 1.1784406668520058e+29
5.7289671158028247e-15 1.0088775080683198e+06 1.4157048059240996e+05 5.5610503832352504e+16 1.1821272298405475e+29
5.5981287773008504e-15 1.0069935439254153e+06 1.3974173019872370e+05 5.4565746214071480e+16 1.1855343392615891e+29
5.4702785290559493e-15 1.0050867345441838e+06 1.3792436143492433e+05 5.3533817602077624e+16 1.1886230071209062e+29
5.3453481289650542e-15 1.0031575671261771e+06 1.3611870880304152e+05 5.2514842529391992e+16 1.1914256611314543e+29
5.2232708934404756e-15 1.0012064031759776e+06 1.3432498805181982e+05 5.1508871012860536e+16 1.1938931923521070e+29
5.1039816618164203e-15 9.9923362992869923e+05 1.3254341774181515e+05 5.0515952970253992e+16 1.1961421717998807e+29
4.9874167615685985e-15 9.9723968850507285e+05 1.3077424669122758e+05 4.9536152585200440e+16 1.1979851481411690e+29
4.8735139743278304e-15 9.9522497608627100e+05 1.2901767364949062e+05 4.8569502123152440e+16 1.1996390560182425e+29
4.7622125026701672e-15 9.9318990969425195e+05 1.2727388627364128e+05 4.7616027835635880e+16 1.2008811303190955e+29
4.6534529376651431e-15 9.9113520554823335e+05 1.2554327487062656e+05 4.6675869328516592e+16 1.2019187588592157e+29
4.5471772271654456e-15 9.8906146780267626e+05 1.2382616571468060e+05 4.5749115429304184e+16 1.2026147626546300e+29
4.4433286448206034e-15 9.8696909923049749e+05 1.2212271984537902e+05 4.4835758066599040e+16 1.2030035589140138e+29
4.3418517597983386e-15 9.8485857123889634e+05 1.2043312469603941e+05 4.3935804301853392e+16 1.2031251963467144e+29
4.2426924071975897e-15 9.8273057408409752e+05 1.1875772057892552e+05 4.3049339717706072e+16 1.2029814481104596e+29
4.1457976591370770e-15 9.8058555179978057e+05 1.1709667611270536e+05 4.2176347143543352e+16 1.2025155208669417e+29
4.0511157965041552e-15 9.7842391545341199e+05 1.1545012073871234e+05 4.1316787105697712e+16 1.2017532329390973e+29
3.9585962813490184e-15 9.7624619092715147e+05 1.1381824357009731e+05 4.0470652171871232e+16 1.2007284229644982e+29
3.8681897299092095e-15 9.7405295112286182e+05 1.1220126908692408e+05 3.9637947425652936e+16 1.1994695419142500e+29
3.7798478862502085e-15 9.7184460875506711e+05 1.1059930481085653e+05 3.8818612277177120e+16 1.1978797697195088e+29
3.6935235965081540e-15 9.6962159271226032e+05 1.0901245250189496e+05 3.8012583499786512e+16 1.1960647902287113e+29
3.6091707837206704e-15 9.6738458758326143e+05 1.0744096478841582e+05 3.7219875660132216e+16 1.1939694390366678e+29
3.5267444232325131e-15 9.6513413567864522e+05 1.0588501755561634e+05 3.6440453903467136e+16 1.1916295861989056e+29
3.4462005186630304e-15 9.6287062994445069e+05 1.0434468559616075e+05 3.5674228321409812e+16 1.1890652163352193e+29
3.3674960784223519e-15 9.6059445972494734e+05 1.0282003605978956e+05 3.4921104213077476e+16 1.1861420937208943e+29
3.2905890927639030e-15 9.5830601204609883e+05 1.0131112582272878e+05 3.4180980984005020e+16 1.1830800133203134e+29
3.2154385113611301e-15 9.5600566836150340e+05 9.9818006970452712e+04 3.3453754919022660e+16 1.1797559399244423e+29
3.1420042213961282e-15 9.5369381062662369e+05 9.8340725637895157e+04 3.2739318476932672e+16 1.1762126317877991e+29
3.0702470261488918e-15 9.5137077256003581e+05 9.6879301284557674e+04 3.2037549281129940e+16 1.1723878603424508e+29
3.0001286240753394e-15 9.4903668893383548e+05 9.5433629724521074e+04 3.1348265815568944e+16 1.1683825730660745e+29
2.9316115883633456e-15 9.4669191163489490e+05 9.4003711940144451e+04 3.0671343323242164e+16 1.1641442250056517e+29
2.8646593469555428e-15 9.4433684077407885e+05 9.2589569157335165e+04 3.0006667517407096e+16 1.1596590472173014e+29
2.7992361630283719e-15 9.4197188900464540e+05 9.1191223383103177e+04 2.9354124857005620e+16 1.1549821822597542e+29
2.7353071159170559e-15 9.3959754803558998e+05 8.9808730914082626e+04 2.8713618144648952e+16 1.1501312348530372e+29
2.6728380824761013e-15 9.3721423093284364e+05 8.8442102972419263e+04 2.8085027513566280e+16 1.1450398070573950e+29
2.6117957188654957e-15 9.3482233338353236e+05 8.7091336075376370e+04 2.7468226587960292e+16 1.1397658177819511e+29
2.5521474427529691e-15 9.3242231940461975e+05 8.5756446126090916e+04 2.6863100269697936e+16 1.1343177733662791e+29
2.4938614159226217e-15 9.3001492282787885e+05 8.4437589964758867e+04 2.6269596614602512e+16 1.1286332287136140e+29
2.4369065272807395e-15 9.2760057391771977e+05 8.3134781285319172e+04 2.5687591701080668e+16 1.1228221784041975e+29
2.3812523762498158e-15 9.2517963418101519e+05 8.1847995802708756e+04 2.5116944022698420e+16 1.1168693629989085e+29
2.3268692565417277e-15 9.2275238072211540e+05 8.0577182731821449e+04 2.4557497681141964e+16 1.1107237275633649e+29
2.2737281403015041e-15 9.2031860328498390e+05 7.9322047597455647e+04 2.4008990192340120e+16 1.1044150209060120e+29
2.2218006626133126e-15 9.1787848827102955e+05 7.8082463040856266e+04 2.3471244346035576e+16 1.0979644371318052e+29
2.1710591063601611e-15 9.1543241613111133e+05 7.6858386452199717e+04 2.2944123570003964e+16 1.0913575065190925e+29
2.1214763874295099e-15 9.1298077247415413e+05 7.5649771209461032e+04 2.2427491009267884e+16 1.0846197816428790e+29
2.0730260402566669e-15 9.1052415119122248e+05 7.4456658029134313e+04 2.1921249242753760e+16 1.0776655708172584e+29
2.0256822036983470e-15 9.0806304617705359e+05 7.3279052908802143e+04 2.1425282187247532e+16 1.0706785468779056e+29
1.9794196072289361e-15 9.0559781365354464e+05 7.2116895855825249e+04 2.0939445395773176e+16 1.0635557049652407e+29
1.9342135574518784e-15 9.0312879275260062e+05 7.0970121749887738e+04 2.0463592660618140e+16 1.0563399633169661e+29
1.8900399249192402e-15 9.0065625441371289e+05 6.9838636621473619e+04 1.9997566269847640e+16 1.0488910874231948e+29
1.8468751312522100e-15 8.9818040640590084e+05 6.8722314656797098e+04 1.9541197721466200e+16 1.0414146407431969e+29
1.8046961365557400e-15 8.9570157775707485e+05 6.7621079152238890e+04 1.9094341350494336e+16 1.0338040972275975e+29
1.7634804271206827e-15 8.9322009690373973e+05 6.6534852509076416e+04 1.8656852150211376e+16 1.0262066307048029e+29
1.7232060034067163e-15 8.9073623703855358e+05 6.5463541869116525e+04 1.8228578802077464e+16 1.0183982542545832e+29
1.6838513682997199e-15 8.8825003051409649e+05 6.4406952867019616e+04 1.7809331097626798e+16 1.0105757823909916e+29
1.6453955156373893e-15 8.8576172167970217e+05 6.3364968881733403e+04 1.7398954939339858e+16 1.0026623722036570e+29
1.6078179189968424e-15 8.8327162599441374e+05 6.2337501151923039e+04 1.6997309143997612e+16 9.9458859854725261e+28
1.5710985207382948e-15 8.8078005026003369e+05 6.1324458341418132e+04 1.6604252546649884e+16 9.8647212615647967e+28
1.5352177212990160e-15 8.7828723132001655e+05 6.0325725051890084e+04 1.6219635346575808e+16 9.7835962516884529e+28
1.5001563687317299e-15 8.7579337211055274e+05 5.9341171078980820e+04 1.5843304201600636e+16 9.7017850479882626e+28
1.4658957484819409e-15 8.7329875736811012e+05 5.8370698025460384e+04 1.5475119853385584e+16 9.6190494945866397e+28
1.4324175733987857e-15 8.7080365492678806e+05 5.7414206055193419e+04 1.5114943117455136e+16 9.5357456701381205e+28
1.3997039739739272e-15 8.6830824792975688e+05 5.6471577565906526e+04 1.4762627258613430e+16 9.4519165773658835e+28
1.3677374888034679e-15 8.6581189197410701e+05 5.5542406902569834e+04 1.4417918117459892e+16 9.3674330679088252e+28
1.3365010552676013e-15 8.6331454488051811e+05 5.4626474720472215e+04 1.4080643633585732e+16 9.2835540323162936e+28
1.3059780004232072e-15 8.6081650125688105e+05 5.3723677071222497e+04 1.3750678380176584e+16 9.1982255127523358e+28
1.2761520321043861e-15 8.5831805173480639e+05 5.2833908331026978e+04 1.3427897682933318e+16 9.1124333092515667e+28
1.2470072302262402e-15 8.5581948384144984e+05 5.1957061233779939e+04 1.3112177614507866e+16 9.0267090894380994e+28
1.2185280382873081e-15 8.5332109173238464e+05 5.1093028682696720e+04 1.2803395930902420e+16 8.9405613972028352e+28
1.1906992550660171e-15 8.5082314725466224e+05 5.0241699118033532e+04 1.2501429712664600e+16 8.8541912388563073e+28
1.1635060265067758e-15 8.4832593863466568e+05 4.9402962587933493e+04 1.2206158528778252e+16 8.7683811796848424e+28
1.1369338377914151e-15 8.4582974384682358e+05 4.8576706542891901e+04 1.1917462311921176e+16 8.6814464093924041e+28
1.1109685055916584e-15 8.4333492122111563e+05 4.7762840992414553e+04 1.1635230721084264e+16 8.5953337920842512e+28
1.0855961704985305e-15 8.4084190163052874e+05 4.6961302897759859e+04 1.1359362994553304e+16 8.5075497163364476e+28
1.0608032896247057e-15 8.3835093420915247e+05 4.6171978138991253e+04 1.1089740436133388e+16 8.4219206107969605e+28
1.0365766293757621e-15 8.3586225766860752e+05 4.5394751553265072e+04 1.0826245101346154e+16 8.3354368389399484e+28
1.0129032583865274e-15 8.3337606493685918e+05 4.4629505727582153e+04 1.0568758172424972e+16 8.2485577617233655e+28
9.8977054061878349e-16 8.3089191887125873e+05 4.3875956233984223e+04 1.0317103295069046e+16 8.1622817879781141e+28
9.6716612861656596e-16 8.2840909078060091e+05 4.3133712957153977e+04 1.0071077312476182e+16 8.0756216206283529e+28
9.4507795691550233e-16 8.2592783246323513e+05 4.2402657027698500e+04 9.8305751920461000e+15 7.9895060800988961e+28
9.2349423560270548e-16 8.2344841394363716e+05 4.1682672999666574e+04 9.5954946439262580e+15 7.9030756316396474e+28
9.0240344402369017e-16 8.2097111956545734e+05 4.0973645341928597e+04 9.3657352178157420e+15 7.8173871262524266e+28
8.8179432463306952e-16 8.1849649653502041e+05 4.0275522488429866e+04 9.1412196582027440e+15 7.7317599212149407e+28
8.6165587698563285e-16 8.1602526536813285e+05 3.9588307442285186e+04 8.9218869807982020e+15 7.6461384033561894e+28
8.4197735186470735e-16 8.1355768405480322e+05 3.8911884660787917e+04 8.7076367463576230e+15 7.5610659318509074e+28
8.2274824554458266e-16 8.1109399682247301e+05 3.8246135670523443e+04 8.4983688482071690e+15 7.4764057386752256e+28
8.0395829418396960e-16 8.0863444629578537e+05 3.7590942089125449e+04 8.2939845108907090e+15 7.3919583772312123e+28
