8.0395829418396959e-13 8.4562754419647262e+05 2.9422713088877901e+05 1.1134245662777832e+17 1.9747894295502212e+27
7.8559746834753246e-13 8.4714434938458970e+05 2.9483206248737045e+05 1.1206237497526418e+17 2.0001734753988959e+27
7.6765596765250801e-13 8.4867640632476134e+05 2.9543681125044095e+05 1.1278718649885123e+17 2.0264052546821619e+27
7.5012421553758558e-13 8.5022370358988969e+05 2.9604127428173367e+05 1.1351684408665709e+17 2.0535248984990443e+27
7.3299285415128468e-13 8.5178596580776456e+05 2.9664526585079444e+05 1.1425119316641374e+17 2.0814325346982338e+27
7.1625273935704306e-13 8.5336288536614063e+05 2.9724857794628490e+05 1.1499005272461144e+17 2.1101891058298920e+27
6.9989493585237990e-13 8.5495425295646442e+05 2.9785102012251667e+05 1.1573326562959878e+17 2.1398706806539283e+27
6.8391071239955609e-13 8.5655998705574241e+05 2.9845243604724109e+05 1.1648072015026565e+17 2.1704735273388261e+27
6.6829153716511489e-13 8.5818021097783628e+05 2.9905274867246870e+05 1.1723240137284717e+17 2.2020488440585563e+27
6.5302907316589952e-13 8.5981476888041163e+05 2.9965181304212788e+05 1.1798819743424742e+17 2.2345771655058760e+27
6.3811517381904706e-13 8.6146334814644384e+05 3.0024942562145676e+05 1.1874792138151630e+17 2.2679769046119515e+27
6.2354187859361313e-13 8.6312562604993000e+05 3.0084536857146915e+05 1.1951136848978202e+17 2.3025752212059821e+27
6.0930140876152718e-13 8.6480152861517225e+05 3.0143948976001795e+05 1.2027842287709053e+17 2.3381750936415601e+27
5.9538616324556484e-13 8.6649095668385678e+05 3.0203164272145415e+05 1.2104897097239507e+17 2.3749088848273945e+27
5.8178871456214496e-13 8.6819365856614301e+05 3.0262162897265650e+05 1.2182282951727610e+17 2.4127049342427829e+27
5.6850180485680912e-13 8.6990964587990078e+05 3.0320932337245403e+05 1.2259991446730675e+17 2.4516223457862454e+27
5.5551834203020698e-13 8.7163880869878572e+05 3.0379458846295020e+05 1.2338011508552170e+17 2.4917734161042660e+27
5.4283139595259256e-13 8.7338078534964984e+05 3.0437720103631658e+05 1.2416320435835013e+17 2.5331788005161853e+27
5.3043419476474946e-13 8.7513552712641540e+05 3.0495702365946490e+05 1.2494907546358533e+17 2.5757621372702596e+27
5.1832012126339740e-13 8.7690290259576554e+05 3.0553391449327266e+05 1.2573760554725723e+17 2.6197037200214183e+27
5.0648270936916735e-13 8.7868252741028462e+05 3.0610764507834049e+05 1.2652855256774768e+17 2.6649690093466198e+27
4.9491564067522283e-13 8.8047437991124741e+05 3.0667808386541996e+05 1.2732181571310955e+17 2.7115828026776223e+27
4.8361274107470329e-13 8.8227846831822977e+05 3.0724512304188818e+05 1.2811731761343269e+17 2.7596460320940294e+27
4.7256797746521049e-13 8.8409464303775330e+05 3.0780863226262410e+05 1.2891494007424328e+17 2.8091452022349269e+27
4.6177545452852868e-13 8.8592252599895303e+05 3.0836843743480853e+05 1.2971448765258677e+17 2.8601625291464932e+27
4.5122941158391827e-13 8.8776173179253284e+05 3.0892432559220929e+05 1.3051572387517872e+17 2.9127371836737036e+27
4.4092421951325472e-13 8.8961244511366065e+05 3.0947624205716036e+05 1.3131864464025581e+17 2.9668550923400673e+27
4.3085437775639206e-13 8.9147478295267571e+05 3.1002416529610625e+05 1.3212327118305013e+17 3.0226614683409273e+27
4.2101451137516242e-13 8.9334889324283705e+05 3.1056814871027583e+05 1.3292970476969939e+17 3.0801494317097302e+27
4.1139936818441155e-13 8.9523458139956556e+05 3.1110828622767405e+05 1.3373804026996824e+17 3.1394099499502696e+27
4.0200381594855675e-13 8.9713048577916890e+05 3.1164468713245809e+05 1.3454821888933861e+17 3.2003113717147820e+27
3.9282283964218600e-13 8.9902496786262072e+05 3.1217460956688249e+05 1.3535580736911198e+17 3.2626102307728200e+27
3.8385153877319545e-13 9.0091821948275692e+05 3.1269671341493836e+05 1.3615944762626446e+17 3.3263672781901022e+27
3.7508512476708503e-13 9.0281993969304697e+05 3.1321252035461378e+05 1.3696207543231597e+17 3.3921367179989037e+27
3.6651891841097572e-13 9.0473010156463343e+05 3.1372189613920182e+05 1.3776355470471642e+17 3.4596603194793334e+27
3.5814834735600098e-13 9.0664823506802833e+05 3.1422455205004022e+05 1.3856352238720197e+17 3.5292873302708194e+27
3.4996894367675177e-13 9.0857413712903380e+05 3.1472025602546101e+05 1.3936171148978803e+17 3.6010890256057584e+27
3.4197634148644563e-13 9.1050762383205106e+05 3.1520878661697765e+05 1.4015786696660907e+17 3.6750164554828429e+27
3.3416627460656126e-13 9.1244832812973252e+05 3.1568988666462264e+05 1.4095166677010317e+17 3.7510790541462738e+27
3.2653457428970620e-13 9.1439596902371116e+05 3.1616331499554036e+05 1.4174281484099651e+17 3.8293607441496528e+27
3.1907716699447724e-13 9.1635001171613846e+05 3.1662875873019948e+05 1.4253090169681141e+17 3.9102093363707627e+27
3.1179007221113923e-13 9.1831043713907083e+05 3.1708596733348980e+05 1.4331565286251707e+17 3.9932211219657679e+27
3.0466940033697372e-13 9.2027730061578844e+05 3.1753475158798340e+05 1.4409687915301630e+17 4.0789643101477843e+27
2.9771135060013152e-13 9.2225033338276308e+05 3.1797488932591648e+05 1.4487429776002794e+17 4.1671324948724507e+27
2.9091220903091890e-13 9.2422928266272426e+05 3.1840616078350536e+05 1.4564763015832138e+17 4.2580313844630177e+27
2.8426834647940371e-13 9.2621349625987944e+05 3.1882829653052863e+05 1.4641647816057453e+17 4.3515446685606712e+27
2.7777621667829500e-13 9.2820251326294662e+05 3.1924099506135879e+05 1.4718043819372835e+17 4.4479690782146598e+27
2.7143235435007391e-13 9.3019608500517276e+05 3.1964398476545030e+05 1.4793917071123754e+17 4.5471721149793970e+27
2.6523337335734285e-13 9.3219402385522157e+05 3.2003699811758532e+05 1.4869234945285840e+17 4.6492417873416167e+27
2.5917596489541772e-13 9.3419628515308583e+05 3.2041980294857553e+05 1.4943970831629398e+17 4.7547567812246668e+27
2.5325689572620839e-13 9.3620275889429532e+05 3.2079221072280605e+05 1.5018101597177606e+17 4.8632851286874541e+27
2.4747300645241784e-13 9.3821253243829065e+05 3.2115393067146128e+05 1.5091579041662218e+17 4.9749585241405822e+27
2.4182120983117104e-13 9.4022518424676522e+05 3.2150464337274304e+05 1.5164360261122230e+17 5.0900467792266962e+27
2.3629848912614671e-13 9.4224067107464734e+05 3.2184408187760069e+05 1.5236414475678448e+17 5.2085239942835508e+27
2.3090189649734352e-13 9.4425887919903977e+05 3.2217201417286799e+05 1.5307713307173898e+17 5.3311630147147197e+27
2.2562855142762949e-13 9.4627923523355986e+05 3.2248817065658851e+05 1.5378215866306406e+17 5.4563909929087507e+27
2.2047563918521709e-13 9.4830142967339745e+05 3.2279226818586834e+05 1.5447884509655862e+17 5.5858096049332244e+27
2.1544040932125280e-13 9.5032528991237481e+05 3.2308404071216547e+05 1.5516685952038099e+17 5.7191414293329523e+27
2.1052017420172673e-13 9.5235071359518007e+05 3.2336327464519121e+05 1.5584593663242426e+17 5.8571344510837819e+27
2.0571230757290243e-13 9.5437699350836081e+05 3.2362974369723181e+05 1.5651568177889085e+17 5.9979068489077040e+27
2.0101424315950971e-13 9.5640358783427696e+05 3.2388315269287181e+05 1.5717565715568726e+17 6.1434998373215222e+27
1.9642347329496030e-13 9.5843002726330946e+05 3.2412321986961976e+05 1.5782545062929152e+17 6.2934486087763329e+27
1.9193754758283432e-13 9.6045579378795065e+05 3.2434960636642121e+05 1.5846457844270640e+17 6.4477113567837509e+27
1.8755407158894795e-13 9.6248077532968763e+05 3.2456196254273399e+05 1.5909262456008576e+17 6.6067636223210539e+27
1.8327070556328355e-13 9.6450512078729842e+05 3.2476001587321225e+05 1.5970930842341360e+17 6.7704375588580638e+27
1.7908516319110873e-13 9.6652859115476860e+05 3.2494356709420739e+05 1.6031435063887619e+17 6.9391279790586488e+27
1.7499521037262478e-13 9.6855041028297925e+05 3.2511237432107312e+05 1.6090731770721075e+17 7.1124386076592857e+27
1.7099866403047436e-13 9.7057031207949854e+05 3.2526617950186238e+05 1.6148786043957158e+17 7.2915486874592138e+27
1.6709339094449448e-13 9.7258757911303721e+05 3.2540472495757003e+05 1.6205553936408019e+17 7.4750788142353328e+27
1.6327730661307397e-13 9.7460180174882314e+05 3.2552767672505736e+05 1.6260989267569859e+17 7.6642502744615722e+27
1.5954837414051565e-13 9.7661284078646207e+05 3.2563470003016252e+05 1.6315051713716419e+17 7.8591673997284043e+27
1.5590460314981504e-13 9.7862059536792489e+05 3.2572550783335994e+05 1.6367707139689670e+17 8.0598173219400413e+27
1.5234404872026269e-13 9.8062479744976864e+05 3.2579988103902491e+05 1.6418925094563501e+17 8.2663977104333286e+27
1.4886481034931015e-13 9.8262489197325660e+05 3.2585759511181799e+05 1.6468668446002630e+17 8.4790849635426769e+27
1.4546503093815020e-13 9.8462065338122065e+05 3.2589842419079214e+05 1.6516907247209824e+17 8.6979130447385734e+27
1.4214289580045901e-13 9.8661118609790097e+05 3.2592219359713967e+05 1.6563602041865802e+17 8.9228519707646606e+27
1.3889663169377659e-13 9.8859595950683567e+05 3.2592856834173982e+05 1.6608704555422826e+17 9.1545864853798138e+27
1.3572450587301461e-13 9.9057488166187238e+05 3.2591715894460719e+05 1.6652170593368794e+17 9.3928206591735059e+27
1.3262482516557153e-13 9.9254812582299649e+05 3.2588767363273923e+05 1.6693972730872710e+17 9.6382239067329669e+27
1.2959593506757878e-13 9.9451550924828090e+05 3.2584001168396446e+05 1.6734096147020147e+17 9.8905138154146668e+27
1.2663621886078123e-13 9.9647557714445982e+05 3.2577417759214592e+05 1.6772507808626579e+17 1.0150169340985270e+28
1.2374409674958667e-13 9.9842767233085784e+05 3.2568982830555359e+05 1.6809156056198166e+17 1.0417094209003852e+28
1.2091802501782780e-13 1.0003716036231826e+06 3.2558652240684087e+05 1.6843989905256550e+17 1.0691573229801548e+28
1.1815649520477777e-13 1.0023073954301871e+06 3.2546389052892849e+05 1.6876971563950560e+17 1.0973814033784900e+28
1.1545803329998362e-13 1.0042348396913506e+06 3.2532168292830553e+05 1.6908070698545600e+17 1.1264038949028426e+28
1.1282119895649331e-13 1.0061534318424203e+06 3.2515973309573554e+05 1.6937259047718637e+17 1.1562740192071839e+28
1.1024458472204377e-13 1.0080628814618489e+06 3.2497780764934747e+05 1.6964506661273552e+17 1.1869719791539340e+28
1.0772681528781416e-13 1.0099628204348965e+06 3.2477580256009550e+05 1.6989795541073382e+17 1.2185282613947130e+28
1.0526654675433147e-13 1.0118522363475848e+06 3.2455363575317687e+05 1.7013094357580390e+17 1.2509241561029126e+28
1.0286246591414157e-13 1.0137307104516021e+06 3.2431098103651550e+05 1.7034360894074150e+17 1.2842660108504390e+28
1.0051328955086642e-13 1.0155980212991012e+06 3.2404746783267974e+05 1.7053553516774886e+17 1.3185111451485949e+28
9.8217763754265583e-14 1.0174540397217736e+06 3.2376279666776798e+05 1.7070640991105062e+17 1.3537056913719231e+28
9.5974663250940560e-14 1.0192985991658758e+06 3.2345679689907894e+05 1.7085604961965002e+17 1.3898490587872764e+28
9.3782790750328011e-14 1.0211307649166478e+06 3.2312956172123662e+05 1.7098435321230195e+17 1.4269901348883734e+28
9.1640976305625656e-14 1.0229498636102889e+06 3.2278086815059761e+05 1.7109095773374051e+17 1.4651075975187890e+28
8.9548076689313450e-14 1.0247555097979159e+06 3.2241037535640929e+05 1.7117545574580480e+17 1.5042659103968189e+28
8.7502974782940347e-14 1.0265475050329977e+06 3.2201771913355775e+05 1.7123746870352726e+17 1.5444551381496095e+28
8.5504578980841602e-14 1.0283256020795486e+06 3.2160262972086144e+05 1.7127671108989056e+17 1.5857011876643600e+28
8.3551822607479450e-14 1.0300895293070152e+06 3.2116493842809013e+05 1.7129299866231491e+17 1.6280927347482065e+28
8.1643663348086941e-14 1.0318387317339296e+06 3.2070457167062175e+05 1.7128617486821126e+17 1.6715666032562366e+28
7.9779082692314898e-14 1.0335729077200916e+06 3.2022131390182319e+05 1.7125601553197366e+17 1.7163219592576442e+28
7.7957085390588123e-14 1.0352918680564570e+06 3.1971506054591865e+05 1.7120241642183318e+17 1.7620347209085211e+28
7.6176698922872544e-14 1.0369949411629811e+06 3.1918581174748996e+05 1.7112530127445562e+17 1.8090126048964275e+28
7.4436972979579387e-14 1.0386819271220528e+06 3.1863339480301691e+05 1.7102451370159920e+17 1.8571427708473863e+28
7.2736978954321352e-14 1.0403525153553282e+06 3.1805787552164594e+05 1.7090012240712490e+17 1.9065296320423668e+28
7.1075809448253324e-14 1.0420056362093678e+06 3.1745952127440000e+05 1.7075219511120589e+17 1.9571660562537275e+28
6.9452577785735583e-14 1.0436407734639351e+06 3.1683809179334063e+05 1.7058043849123078e+17 2.0090546976126662e+28
6.7866417541055714e-14 1.0452574738839368e+06 3.1619328236717312e+05 1.7038451893553776e+17 2.0622036158076464e+28
6.6316482075959181e-14 1.0468554363774548e+06 3.1552475841524045e+05 1.7016412157518870e+17 2.1166384517800127e+28
6.4801944087744509e-14 1.0484342890161473e+06 3.1483227183085121e+05 1.6991900620259309e+17 2.1723889690609322e+28
6.3321995167676364e-14 1.0499936998637673e+06 3.1411558539537230e+05 1.6964896039925658e+17 2.2295342953930846e+28
6.1875845369483762e-14 1.0515334729403281e+06 3.1337441156347166e+05 1.6935377222058915e+17 2.2879642797082858e+28
6.0462722787715319e-14 1.0530534834868419e+06 3.1260860545908584e+05 1.6903339186156419e+17 2.3478417183445963e+28
5.9081873145721601e-14 1.0545536878118231e+06 3.1181815186888573e+05 1.6868793259366912e+17 2.4091653409582208e+28
5.7732559393047217e-14 1.0560334092083331e+06 3.1100368849017535e+05 1.6831796351859018e+17 2.4719462474934258e+28
5.6414061312020209e-14 1.0574920245212200e+06 3.1016533714892872e+05 1.6792356649897126e+17 2.5360657111471083e+28
5.5125675133322412e-14 1.0589292600364361e+06 3.0930298034420062e+05 1.6750469207268925e+17 2.6016712719765992e+28
5.3866713160343085e-14 1.0603447031663207e+06 3.0841675557229505e+05 1.6706150176956941e+17 2.6687796064656936e+28
5.2636503402109189e-14 1.0617377185568963e+06 3.0750679562301742e+05 1.6659409131619341e+17 2.7373543586429743e+28
5.1434389214598862e-14 1.0631078854920033e+06 3.0657294422941451e+05 1.6610234450403789e+17 2.8073881269049400e+28
5.0259728950248755e-14 1.0644548085291069e+06 3.0561502934545325e+05 1.6558614428829446e+17 2.8789205102096935e+28
4.9111895615462751e-14 1.0657782138074185e+06 3.0463283126447164e+05 1.6504537192628627e+17 2.9519937085985647e+28
4.7990276535945624e-14 1.0670778395931539e+06 3.0362624514583452e+05 1.6448002705793843e+17 3.0265649838585191e+28
4.6894273029677714e-14 1.0683535010021764e+06 3.0259522932485753e+05 1.6389019900047136e+17 3.1028057566873382e+28
4.5823300087358381e-14 1.0696048480358983e+06 3.0154011963572999e+05 1.6327628848530099e+17 3.1805475822264721e+28
4.4776786060149089e-14 1.0708314192593489e+06 3.0046111910473253e+05 1.6263853644717155e+17 3.2598184090664853e+28
4.3754172354546191e-14 1.0720329576412004e+06 2.9935818507686770e+05 1.6197701850712582e+17 3.3406830838534763e+28
4.2754913134222209e-14 1.0732092628098081e+06 2.9823139592782786e+05 1.6129194603580602e+17 3.4230793678528250e+28
4.1778475028678120e-14 1.0743598867765698e+06 2.9708118644729775e+05 1.6058378485325261e+17 3.5071409886328440e+28
4.0824336848547811e-14 1.0754844603022740e+06 2.9590759825867455e+05 1.5985266616889078e+17 3.5927731024669170e+28
3.9891989307404462e-14 1.0765827211568572e+06 2.9471062741956528e+05 1.5909871457413498e+17 3.6799582005962874e+28
3.8980934749921996e-14 1.0776544144597179e+06 2.9349043207240733e+05 1.5832220956903085e+17 3.7686999448902414e+28
3.8090686886242321e-14 1.0786991564053872e+06 2.9224728368770092e+05 1.5752349326186838e+17 3.8590328023601459e+28
3.7220770532411519e-14 1.0797166645731288e+06 2.9098120723754051e+05 1.5670272206062944e+17 3.9510128161755016e+28
3.6370721356742348e-14 1.0807067290188815e+06 2.8969225124415557e+05 1.5586009824981584e+17 4.0445537961414367e+28
3.5540085631969392e-14 1.0816691116991383e+06 2.8838074130390474e+05 1.5499606427735702e+17 4.1395862534985612e+28
3.4728419993065977e-14 1.0826034738465706e+06 2.8704695876330743e+05 1.5411099275994848e+17 4.2361285555013562e+28
3.3935291200589816e-14 1.0835095939968706e+06 2.8569097496125899e+05 1.5320510809431962e+17 4.3345209757670352e+28
3.3160275909435640e-14 1.0843873084086846e+06 2.8431289797839295e+05 1.5227869088543235e+17 4.4341935981970351e+28
3.2402960442867525e-14 1.0852364108342342e+06 2.8291326373705082e+05 1.5133237552601168e+17 4.5354709428004437e+28
3.1662940571711986e-14 1.0860565846073988e+06 2.8149241748503904e+05 1.5036659765797622e+17 4.6382764609254918e+28
3.0939821298595029e-14 1.0868475865329516e+06 2.8005045956670988e+05 1.4938160626743664e+17 4.7426412090980302e+28
3.0233216647105607e-14 1.0876092414886674e+06 2.7858752409982990e+05 1.4837770146003421e+17 4.8482733965002219e+28
2.9542749455774224e-14 1.0883413635831981e+06 2.7710398081710137e+05 1.4735538207581126e+17 4.9555412516623389e+28
2.8868051176757726e-14 1.0890437405946050e+06 2.7560011337995686e+05 1.4631506224302160e+17 5.0640945351201618e+28
2.8208761679120653e-14 1.0897162093395600e+06 2.7407608046200854e+05 1.4525707079060928e+17 5.1741070903761109e+28
2.7564529056609296e-14 1.0903587095334907e+06 2.7253208242970175e+05 1.4418180050321046e+17 5.2855515191428942e+28
2.6935009439816838e-14 1.0909712137169708e+06 2.7096882270613883e+05 1.4309006566849387e+17 5.3982843959899091e+28
2.6319866812637211e-14 1.0915534842623833e+06 2.6938697367065499e+05 1.4198258264609640e+17 5.5123969816212652e+28
2.5718772832910860e-14 1.0921053193863633e+06 2.6778672371340229e+05 1.4085968203924206e+17 5.6277106615125133e+28
2.5131406657167638e-14 1.0926265516843419e+06 2.6616827623786568e+05 1.3972171811754003e+17 5.7440525741496616e+28
2.4557454769370657e-14 1.0931170680069223e+06 2.6453192355284654e+05 1.3856913078048138e+17 5.8619584525954286e+28
2.3996610813572847e-14 1.0935767265987473e+06 2.6287807625527674e+05 1.3740244505029144e+17 5.9809159221068478e+28
2.3448575430394285e-14 1.0940053905161473e+06 2.6120697347168572e+05 1.3622205038287622e+17 6.1007704578845451e+28
2.2913056097234067e-14 1.0944030055534786e+06 2.5951887025337439e+05 1.3502836856793429e+17 6.2219397013337153e+28
2.2389766972132404e-14 1.0947695629161014e+06 2.5781408281765226e+05 1.3382188619548824e+17 6.3439810337529735e+28
2.1878428741197178e-14 1.0951050977896375e+06 2.5609341089313306e+05 1.3260346747466181e+17 6.4669783644009935e+28
2.1378768469516348e-14 1.0954095339970761e+06 2.5435728320561856e+05 1.3137364737310381e+17 6.5908718455296423e+28
2.0890519455474319e-14 1.0956828156852953e+06 2.5260598503165110e+05 1.3013285783054883e+17 6.7158235484854185e+28
2.0413421088395478e-14 1.0959249599812911e+06 2.5083982646296895e+05 1.2888156723950827e+17 6.8413982243205717e+28
1.9947218709439593e-14 1.0961361285284399e+06 2.4905943751801702e+05 1.2762051734474962e+17 6.9679400727418580e+28
1.9491663475673367e-14 1.0963163502220111e+06 2.4726575716567869e+05 1.2635063602631323e+17 7.0949305007491318e+28
1.9046512227246311e-14 1.0964655741010511e+06 2.4545911749608078e+05 1.2507235905638096e+17 7.2224565842294738e+28
1.8611527357600804e-14 1.0965837532728163e+06 2.4363983837258883e+05 1.2378611881213587e+17 7.3506935463066820e+28
1.8186476686645556e-14 1.0966708932943558e+06 2.4180825401916061e+05 1.2249236715063688e+17 7.4794660431262171e+28
1.7771133336825583e-14 1.0967270689943137e+06 2.3996490017177394e+05 1.2119171598390261e+17 7.6086946643719955e+28
1.7365275612023216e-14 1.0967523092458616e+06 2.3811025987317262e+05 1.1988471836850531e+17 7.7378757586623244e+28
1.6968686879223694e-14 1.0967466390929571e+06 2.3624467818902430e+05 1.1857182271632640e+17 7.8676720825852408e+28
1.6581155452884349e-14 1.0967101460438240e+06 2.3436851999094599e+05 1.1725350383059883e+17 7.9975771074030229e+28
1.6202474481943860e-14 1.0966429977746808e+06 2.3248219151745824e+05 1.1593028261733734e+17 8.1277896492512858e+28
1.5832441839412017e-14 1.0965455548667233e+06 2.3058674207079184e+05 1.1460316416778069e+17 8.2579022917133681e+28
1.5470860014481690e-14 1.0964179246434174e+06 2.2868284023991739e+05 1.1327280694360880e+17 8.3880360629506415e+28
1.5117536007103770e-14 1.0962601532650457e+06 2.2677085641001974e+05 1.1193964013847278e+17 8.5180875054591616e+28
1.4772281224970779e-14 1.0960723143617937e+06 2.2485116633881308e+05 1.1060409875212053e+17 8.6479070244466373e+28
1.4434911382852522e-14 1.0958545296430192e+06 2.2292416034617624e+05 1.0926663389460765e+17 8.7774608442288966e+28
1.4105246404230745e-14 1.0956070144304652e+06 2.2099044961797472e+05 1.0792786039502674e+17 8.9066691237518042e+28
1.3783110325180794e-14 1.0953299109326354e+06 2.1905053680306685e+05 1.0658829222749998e+17 9.0355094093667886e+28
1.3468331200447878e-14 1.0950233500465560e+06 2.1710480853088314e+05 1.0524835618770134e+17 9.1637295021111010e+28
1.3160741011668400e-14 1.0946875029308938e+06 2.1515365893482906e+05 1.0390848773066712e+17 9.2915233192924668e+28
1.2860175577687812e-14 1.0943225977335589e+06 2.1319749278449555e+05 1.0256913732750968e+17 9.4186745752639775e+28
1.2566474466926146e-14 1.0939290802095281e+06 2.1123709786240739e+05 1.0123104297293419e+17 9.5449863712177975e+28
1.2279480911744954e-14 1.0935072996816940e+06 2.0927331715250379e+05 9.9894935521773136e+16 9.6704235759879337e+28
1.1999041724770400e-14 1.0930574220981703e+06 2.0730654653652580e+05 9.8561207692753152e+16 9.7949019606138021e+28
1.1725007217126900e-14 1.0925796442725917e+06 2.0533718303729783e+05 9.7230252508656624e+16 9.9185096000539683e+28
1.1457231118538169e-14 1.0920742585087279e+06 2.0336562691450238e+05 9.5902466605060000e+16 1.0040914815376041e+29
1.1195570499253468e-14 1.0915414374536676e+06 2.0139237596694543e+05 9.4578323757613920e+16 1.0162520843227417e+29
1.0939885693756198e-14 1.0909818166723666e+06 1.9941828899224341e+05 9.3258533571065232e+16 1.0282841329106847e+29
1.0690040226215535e-14 1.0903955804039163e+06 1.9744382504477169e+05 9.1943495226025712e+16 1.0401562396979376e+29
1.0445900737640148e-14 1.0897829236574806e+06 1.9546932535930106e+05 9.0633519558327296e+16 1.0518902059215102e+29
1.0207336914695582e-14 1.0891440655183827e+06 1.9349506556615705e+05 8.9328878217871648e+16 1.0635135224639418e+29
9.9742214201477500e-15 1.0884793438026886e+06 1.9152143817826305e+05 8.8029932560562960e+16 1.0749561453766458e+29
9.7464298248943204e-15 1.0877893239175109e+06 1.8954914505420616e+05 8.6737264049373840e+16 1.0862562930271142e+29
9.5238405415489943e-15 1.0870745345322217e+06 1.8757900744479935e+05 8.5451499106340208e+16 1.0973431463977084e+29
9.3063347595421789e-15 1.0863352860655524e+06 1.8561141266523686e+05 8.4172950067736768e+16 1.1083097841383030e+29
9.0937963817038467e-15 1.0855719860484181e+06 1.8364687974655232e+05 8.2902017841146880e+16 1.1190661639039935e+29
8.8861119622950472e-15 1.0847850087468931e+06 1.8168591794516137e+05 8.1639078989426544e+16 1.1296244085896825e+29
8.6831706464543330e-15 1.0839746629792380e+06 1.7972889561092143e+05 8.0384407104012192e+16 1.1400368065919957e+29
8.4848641110271021e-15 1.0831412290774859e+06 1.7777611516072645e+05 7.9138226893899024e+16 1.1501981523182484e+29
8.2910865067466053e-15 1.0822850485147648e+06 1.7582789036807400e+05 7.7900775612815888e+16 1.1601498677502274e+29
8.1017344017351153e-15 1.0814065455203012e+06 1.7388458626023671e+05 7.6672327802777664e+16 1.1699141214015306e+29
7.9167067262954120e-15 1.0805064056369197e+06 1.7194692011581370e+05 7.5453391078670768e+16 1.1794611463925574e+29
7.7359047189634282e-15 1.0795851932836266e+06 1.7001555634237063e+05 7.4244402801379200e+16 1.1887645609667316e+29
7.5592318737926421e-15 1.0786432630312161e+06 1.6809083348683600e+05 7.3045573220531264e+16 1.1978701571599359e+29
7.3865938888424051e-15 1.0776809428938788e+06 1.6617302588818513e+05 7.1857067284374528e+16 1.2066940462253354e+29
7.2178986158429975e-15 1.0766985956601948e+06 1.6426238886979755e+05 7.0679040670312336e+16 1.2153154645280787e+29
7.0530560110097832e-15 1.0756966859497845e+06 1.6235925346327218e+05 6.9511701658828088e+16 1.2236925877246198e+29
6.8919780869811397e-15 1.0746759142973521e+06 1.6046419715117858e+05 6.8355420003485544e+16 1.2318273744404848e+29
6.7345788658535760e-15 1.0736370545703797e+06 1.5857803402564814e+05 6.7210683679402432e+16 1.2396880202811426e+29
6.5807743332898606e-15 1.0725804882923532e+06 1.5670107842721947e+05 6.6077640847506040e+16 1.2472995070027398e+29
6.4304823936749431e-15 1.0715065451566502e+06 1.5483357516403045e+05 6.4956389500004848e+16 1.2546621309774599e+29
6.2836228262960381e-15 1.0704154839859302e+06 1.5297561028366059e+05 6.3846931529571024e+16 1.2617656425090981e+29
6.1401172425237023e-15 1.0693077386993640e+06 1.5112744540173025e+05 6.2749384586027240e+16 1.2685919350641025e+29
5.9998890439705759e-15 1.0681838071641277e+06 1.4928937670830838e+05 6.1663887332839536e+16 1.2751642818022005e+29
5.8628633816057044e-15 1.0670443681864389e+06 1.4746191974533006e+05 6.0590707800753000e+16 1.2814533576108444e+29
5.7289671158028247e-15 1.0658899267208362e+06 1.4564541251825012e+05 5.9529987828817096e+16 1.2875094000304269e+29
5.5981287773008504e-15 1.0647209364080599e+06 1.4384010862654017e+05 5.8481813782975952e+16 1.2932611838877273e+29
5.4702785290559493e-15 1.0635379008780965e+06 1.4204629429560315e+05 5.7446288852823384e+16 1.2987521266534192e+29
5.3453481289650542e-15 1.0623413010641369e+06 1.4026425116797615e+05 5.6423506727721992e+16 1.3039828891446900e+29
5.2232708934404756e-15 1.0611316111233118e+06 1.3849420892645002e+05 5.5413525723483000e+16 1.3089085253502622e+29
5.1039816618164203e-15 1.0599092828281051e+06 1.3673637915284809e+05 5.4416389895602080e+16 1.3136016426930060e+29
4.9874167615685985e-15 1.0586747555772820e+06 1.3499093007632904e+05 5.3432116491708400e+16 1.3179748446655280e+29
4.8735139743278304e-15 1.0574285280470541e+06 1.3325806460090727e+05 5.2460743313598352e+16 1.3220937732275088e+29
4.7622125026701672e-15 1.0561711236604524e+06 1.3153798461072939e+05 5.1502306647268392e+16 1.3259506827109199e+29
4.6534529376651431e-15 1.0549032193294759e+06 1.2983103743564404e+05 5.0556925314140488e+16 1.3295087568841799e+29
4.5471772271654456e-15 1.0536254198686655e+06 1.2813752077832808e+05 4.9624676937526752e+16 1.3328296641067680e+29
4.4433286448206034e-15 1.0523382253468451e+06 1.2645761122815337e+05 4.8705565268645824e+16 1.3358803723916333e+29
4.3418517597983386e-15 1.0510421626268122e+06 1.2479149059518248e+05 4.7799595735229408e+16 1.3386736316189843e+29
4.2426924071975897e-15 1.0497378100135769e+06 1.2313939232526801e+05 4.6906799136518984e+16 1.3411613518242232e+29
4.1457976591370770e-15 1.0484256857582984e+06 1.2150148166871587e+05 4.6027163198424648e+16 1.3434077120476037e+29
4.0511157965041552e-15 1.0471062984261215e+06 1.1987790445667889e+05 4.5160663023446160e+16 1.3454171965437804e+29
3.9585962813490184e-15 1.0457801994182483e+06 1.1826882874571302e+05 4.4307284935796048e+16 1.3471416979178590e+29
3.8681897299092095e-15 1.0444479489355523e+06 1.1667443341910429e+05 4.3467017010088648e+16 1.3486256836205045e+29
3.7798478862502085e-15 1.0431100529035969e+06 1.1509484289626706e+05 4.2639814989238672e+16 1.3498436712869713e+29
3.6935235965081540e-15 1.0417670413377730e+06 1.1353017566910507e+05 4.1825630769614472e+16 1.3507772777197028e+29
3.6091707837206704e-15 1.0404195546278220e+06 1.1198065402038103e+05 4.1024470501151880e+16 1.3515056163719232e+29
3.5267444232325131e-15 1.0390681472527893e+06 1.1044644421794314e+05 4.0236302164055816e+16 1.3519916289581758e+29
3.4462005186630304e-15 1.0377132849951427e+06 1.0892763640681980e+05 3.9461049123260688e+16 1.3522565244291147e+29
3.3674960784223519e-15 1.0363554154759505e+06 1.0742430588763178e+05 3.8698624933908600e+16 1.3523994308216784e+29
3.2905890927639030e-15 1.0349948427577395e+06 1.0593639192567908e+05 3.7948871238668032e+16 1.3520552498832852e+29
3.2154385113611301e-15 1.0336320038143200e+06 1.0446392695159020e+05 3.7211683016559608e+16 1.3515877333956254e+29
3.1420042213961282e-15 1.0322673698445231e+06 1.0300697656663305e+05 3.6486971278171616e+16 1.3509298208170464e+29
3.0702470261488918e-15 1.0309013495251668e+06 1.0156556886021634e+05 3.5774624477421584e+16 1.3500418851062796e+29
3.0001286240753394e-15 1.0295341735286099e+06 1.0013954964793038e+05 3.5074440767117648e+16 1.3489447312484243e+29
2.9316115883633456e-15 1.0281662950241927e+06 9.8728927061739727e+04 3.4386307962091984e+16 1.3476430456236498e+29
2.8646593469555428e-15 1.0267982175981418e+06 9.7333743513329435e+04 3.3710131077232592e+16 1.3461444835055186e+29
2.7992361630283719e-15 1.0254304254590212e+06 9.5954027477378273e+04 3.3045807187031292e+16 1.3444199104403373e+29
2.7353071159170559e-15 1.0240633595219335e+06 9.4589761353389709e+04 3.2393210773554784e+16 1.3424621178390925e+29
2.6728380824761013e-15 1.0226975091451230e+06 9.3240962773736988e+04 3.1752235550633796e+16 1.3403497080406862e+29
2.6117957188654957e-15 1.0213333891752171e+06 9.1907651562217623e+04 3.1122776251267820e+16 1.3380617525153287e+29
2.5521474427529691e-15 1.0199715236843578e+06 9.0589855500023303e+04 3.0504732043871640e+16 1.3355673175074799e+29
2.4938614159226217e-15 1.0186125250119977e+06 8.9287681228807647e+04 2.9898038295730632e+16 1.3329389661672587e+29
2.4369065272807395e-15 1.0172568726399420e+06 8.8001150435414631e+04 2.9302585013686972e+16 1.3300930122423985e+29
2.3812523762498158e-15 1.0159049973798059e+06 8.6730259671747102e+04 2.8718248641003924e+16 1.3270976222617699e+29
2.3268692565417277e-15 1.0145572514775710e+06 8.5474975230747252e+04 2.8144887766688996e+16 1.3239579991746306e+29
2.2737281403015041e-15 1.0132135728467944e+06 8.4234929115821607e+04 2.7582206316524844e+16 1.3206676297732782e+29
2.2218006626133126e-15 1.0118743007038729e+06 8.3009987963402309e+04 2.7030033057463536e+16 1.3171685485755506e+29
2.1710591063601611e-15 1.0105399306648788e+06 8.1800133771889727e+04 2.6488252747483396e+16 1.3135799745519381e+29
2.1214763874295099e-15 1.0092109604446649e+06 8.0605344452875099e+04 2.5956748765291620e+16 1.3098387395957086e+29
2.0730260402566669e-15 1.0078879271134511e+06 7.9425631157412470e+04 2.5435419938564568e+16 1.3059767841714328e+29
2.0256822036983470e-15 1.0065713370125109e+06 7.8260989632879922e+04 2.4924156623219236e+16 1.3019308875131157e+29
1.9794196072289361e-15 1.0052616202287927e+06 7.7111383012847000e+04 2.4422833262133972e+16 1.2977219551589151e+29
1.9342135574518784e-15 1.0039592520082211e+06 7.5976771807331897e+04 2.3931323137514688e+16 1.2935406838024531e+29
1.8900399249192402e-15 1.0026644945700131e+06 7.4857044618033542e+04 2.3449466039581920e+16 1.2891861230250567e+29
1.8468751312522100e-15 1.0013776022426212e+06 7.3752013632831746e+04 2.2977073187977464e+16 1.2846757093228013e+29
1.8046961365557400e-15 1.0000990122713459e+06 7.2661625361080369e+04 2.2514018610957624e+16 1.2801231845379145e+29
1.7634804271206827e-15 9.9882915261981683e+05 7.1585827703098577e+04 2.2060177021780048e+16 1.2754264279338830e+29
1.7232060034067163e-15 9.9756840048171394e+05 7.0524551030605609e+04 2.1615414566737932e+16 1.2706601117407908e+29
1.6838513682997199e-15 9.9631693841189856e+05 6.9477589720183925e+04 2.1179540332334224e+16 1.2657956250760706e+29
1.6453955156373893e-15 9.9507514371460699e+05 6.8444844877842232e+04 2.0752415012372700e+16 1.2608490290117144e+29
1.6078179189968424e-15 9.9384342920182447e+05 6.7426253610668005e+04 2.0333915182345724e+16 1.2557990476665473e+29
1.5710985207382948e-15 9.9262217816726631e+05 6.6421749912545463e+04 1.9923915566853312e+16 1.2507100839973053e+29
1.5352177212990160e-15 9.9141159091619449e+05 6.5431166622862525e+04 1.9522247387707748e+16 1.2455069175080199e+29
1.5001563687317299e-15 9.9021183454661723e+05 6.4454277730123198e+04 1.9128723620807840e+16 1.2402770020141923e+29
1.4658957484819409e-15 9.8902330956414703e+05 6.3491010424455933e+04 1.8743224345161812e+16 1.2349795232302635e+29
1.4324175733987857e-15 9.8784638642292528e+05 6.2541291395169275e+04 1.8365628960643280e+16 1.2295976985594567e+29
1.3997039739739272e-15 9.8668134474333853e+05 6.1605025646952396e+04 1.7995805683984748e+16 1.2242088391629527e+29
1.3677374888034679e-15 9.8552795017569966e+05 6.0681775650259115e+04 1.7633485578378756e+16 1.2187111688689702e+29
1.3365010552676013e-15 9.8438645488540421e+05 5.9771328489856372e+04 1.7278504814484484e+16 1.2131863750966853e+29
1.3059780004232072e-15 9.8325731988278136e+05 5.8873608805238116e+04 1.6930757658349578e+16 1.2076613441787145e+29
1.2761520321043861e-15 9.8214099358012853e+05 5.7988538913504315e+04 1.6590137957488630e+16 1.2020163445989215e+29
1.2470072302262402e-15 9.8103790977275814e+05 5.7116031700702726e+04 1.6256536285868272e+16 1.1963805253983758e+29
1.2185280382873081e-15 9.7994845613427274e+05 5.6255971886396706e+04 1.5929833484895648e+16 1.1907026463030919e+29
1.1906992550660171e-15 9.7887306109474471e+05 5.5408271929652590e+04 1.5609922501719428e+16 1.1850018187614039e+29
1.1635060265067758e-15 9.7781216535326955e+05 5.4572850482946575e+04 1.5296699903729526e+16 1.1793103464346880e+29
1.1369338377914151e-15 9.7676617703468213e+05 5.3749621757090492e+04 1.4990060328918352e+16 1.1735657686642209e+29
1.1109685055916584e-15 9.7573542973355227e+05 5.2938465851395762e+04 1.4689885458472564e+16 1.1678430499768206e+29
1.0855961704985305e-15 9.7472021694130660e+05 5.2139223857533048e+04 1.4396044806614808e+16 1.1620959444136095e+29
1.0608032896247057e-15 9.7372093677749683e+05 5.1351805513475192e+04 1.4108435674326912e+16 1.1563765915902749e+29
1.0365766293757621e-15 9.7273797302381950e+05 5.0576122829405984e+04 1.3826956326640498e+16 1.1506934345958630e+29
1.0129032583865274e-15 9.7177162560903409e+05 4.9812085694408248e+04 1.3551503029524610e+16 1.1448886188210596e+29
9.8977054061878349e-16 9.7082183710019523e+05 4.9059397484731417e+04 1.3281893351965646e+16 1.1391974639428277e+29
9.6716612861656596e-16 9.6988851590013516e+05 4.8317635794808179e+04 1.3017910823801884e+16 1.1334583599092866e+29
9.4507795691550233e-16 9.6897217332796985e+05 4.7586710549819567e+04 1.2759468274168896e+16 1.1277625832322602e+29
9.2349423560270548e-16 9.6807333696367417e+05 4.6866536824781026e+04 1.2506481605620280e+16 1.1220979839845815e+29
9.0240344402369017e-16 9.6719254690819548e+05 4.6157028516982806e+04 1.2258867560547666e+16 1.1164275057698693e+29
8.8179432463306952e-16 9.6633045797463728e+05 4.5458157185776225e+04 1.2016565351789584e+16 1.1107984032525787e+29
8.6165587698563285e-16 9.6548772433078010e+05 4.4769940807581625e+04 1.1779528155517290e+16 1.1052283716630033e+29
8.4197735186470735e-16 9.6466480908002739e+05 4.4092291386193050e+04 1.1547670119722280e+16 1.0996712021095983e+29
8.2274824554458266e-16 9.6386212747629639e+05 4.3425100054362068e+04 1.1320898709554236e+16 1.0941805257551533e+29
8.0395829418396960e-16 9.6308011312505649e+05 4.2768267761781237e+04 1.1099126060257194e+16 1.0887473881606488e+29
