8.0395829418396959e-13 8.3199979748523992e+05 2.8868780470724171e+05 1.0549403013330154e+17 1.8985686758265040e+27
7.8559746834753246e-13 8.3354087812315882e+05 2.8927703017896466e+05 1.0617834221724768e+17 1.9245627285120209e+27
7.6765596765250801e-13 8.3509828971223522e+05 2.8986617279477738e+05 1.0686762682033232e+17 1.9514917700006563e+27
7.5012421553758558e-13 8.3667210958839278e+05 2.9045516887315473e+05 1.0756188974293946e+17 1.9792514018015894e+27
7.3299285415128468e-13 8.3826214533952251e+05 2.9104387192280783e+05 1.0826103332154856e+17 2.0078703457953718e+27
7.1625273935704306e-13 8.3986818512533710e+05 2.9163212444401882e+05 1.0896494664035014e+17 2.0374044912202155e+27
6.9989493585237990e-13 8.4149011040899507e+05 2.9221978440370789e+05 1.0967354159455477e+17 2.0679766744715415e+27
6.8391071239955609e-13 8.4312794878340897e+05 2.9280675181711564e+05 1.1038678376889347e+17 2.0994625468524694e+27
6.6829153716511489e-13 8.4478194228883286e+05 2.9339300387783319e+05 1.1110473285857358e+17 2.1320087249010264e+27
6.5302907316589952e-13 8.4645205216962390e+05 2.9397846185031935e+05 1.1182736702487477e+17 2.1655877665492765e+27
6.3811517381904706e-13 8.4813809386805852e+05 2.9456299525381188e+05 1.1255460020064443e+17 2.2002301213555377e+27
6.2354187859361313e-13 8.4983988528605469e+05 2.9514646607329126e+05 1.1328633791126616e+17 2.2360491185475288e+27
6.0930140876152718e-13 8.5155747666214884e+05 2.9572880690336786e+05 1.1402257982235715e+17 2.2728465391565934e+27
5.9538616324556484e-13 8.5329094758452708e+05 2.9630996833295387e+05 1.1476334244571170e+17 2.3108784615068689e+27
5.8178871456214496e-13 8.5504022753162344e+05 2.9688985593260592e+05 1.1550858415335970e+17 2.3502576214614875e+27
5.6850180485680912e-13 8.5680549620273209e+05 2.9746846151555667e+05 1.1625837618091088e+17 2.3908298552377795e+27
5.5551834203020698e-13 8.5858684761441499e+05 2.9804577829688170e+05 1.1701278055323128e+17 2.4325832226089668e+27
5.4283139595259256e-13 8.6038415182715305e+05 2.9862172905640531e+05 1.1777176432251211e+17 2.4760686407958991e+27
5.3043419476474946e-13 8.6219755803697812e+05 2.9919634143881878e+05 1.1853543601881213e+17 2.5204082319228986e+27
5.1832012126339740e-13 8.6402722705985897e+05 2.9976965691316820e+05 1.1930391078499165e+17 2.5664855893806739e+27
5.0648270936916735e-13 8.6587303178871504e+05 3.0034165707720350e+05 1.2007721865571056e+17 2.6139516700295750e+27
4.9491564067522283e-13 8.6773528659458808e+05 3.0091245453057415e+05 1.2085556974019824e+17 2.6630049224840666e+27
4.8361274107470329e-13 8.6961433274899842e+05 3.0148221886926674e+05 1.2163923575978069e+17 2.7136036920150430e+27
4.7256797746521049e-13 8.7151042084961047e+05 3.0205114804609277e+05 1.2242850762379766e+17 2.7658813785649090e+27
4.6177545452852868e-13 8.7342359913357696e+05 3.0261945571795665e+05 1.2322366847339506e+17 2.8198350346109118e+27
4.5122941158391827e-13 8.7535397877764446e+05 3.0318740078873147e+05 1.2402505756800610e+17 2.8754792074106449e+27
4.4092421951325472e-13 8.7730236833296588e+05 3.0375552477039979e+05 1.2483338322590819e+17 2.9328740240965102e+27
4.3085437775639206e-13 8.7926962446910143e+05 3.0432458186162979e+05 1.2564957663089445e+17 2.9922143236303579e+27
4.2101451137516242e-13 8.8125685279773222e+05 3.0489570693773363e+05 1.2647498100769114e+17 3.0533419457234763e+27
4.1139936818441155e-13 8.8326521456589713e+05 3.0547070485175651e+05 1.2731160905801128e+17 3.1164120545292453e+27
4.0200381594855675e-13 8.8528810236383125e+05 3.0605135229165654e+05 1.2816034323289115e+17 3.1810319386100064e+27
3.9282283964218600e-13 8.8725449304743914e+05 3.0662092369132896e+05 1.2899479054108490e+17 3.2447806465912493e+27
3.8385153877319545e-13 8.8916688702737039e+05 3.0717251933663100e+05 1.2980835920253074e+17 3.3079030445417459e+27
3.7508512476708503e-13 8.9108546333090821e+05 3.0771749781987310e+05 1.3062069391994886e+17 3.3728564519876230e+27
3.6651891841097572e-13 8.9301252380445378e+05 3.0825630736598751e+05 1.3143256643975277e+17 3.4397752878476040e+27
3.5814834735600098e-13 8.9494758598897071e+05 3.0878865633512731e+05 1.3224362282740894e+17 3.5087146251675741e+27
3.4996894367675177e-13 8.9689042040911620e+05 3.0931430804290192e+05 1.3305359783294528e+17 3.5795943743399390e+27
3.4197634148644563e-13 8.9884083170863346e+05 3.0983304051066161e+05 1.3386224286231475e+17 3.6528133923719385e+27
3.3416627460656126e-13 9.0079843225652969e+05 3.1034458928838966e+05 1.3466923610555590e+17 3.7281090093086977e+27
3.2653457428970620e-13 9.0276292522783251e+05 3.1084871342646761e+05 1.3547428967070434e+17 3.8056295619091039e+27
3.1907716699447724e-13 9.0473377984339115e+05 3.1134509299248364e+05 1.3627699698536555e+17 3.8855299494916169e+27
3.1179007221113923e-13 9.0671091684770165e+05 3.1183348114764923e+05 1.3707709321538120e+17 3.9677696752928853e+27
3.0466940033697372e-13 9.0869439688609156e+05 3.1231369106401224e+05 1.3787439371702195e+17 4.0525393108379841e+27
2.9771135060013152e-13 9.1068392998820310e+05 3.1278549399274663e+05 1.3866861326085203e+17 4.1402744377399473e+27
2.9091220903091890e-13 9.1267920529286447e+05 3.1324866164205648e+05 1.3945946846863694e+17 4.2296673296611359e+27
2.8426834647940371e-13 9.1467959528076532e+05 3.1370291225229198e+05 1.4024655570335166e+17 4.3224728699705972e+27
2.7777621667829500e-13 9.1668461633042211e+05 3.1414794381137111e+05 1.4102947996097763e+17 4.4177884391500320e+27
2.7143235435007391e-13 9.1869399503654765e+05 3.1458347995480697e+05 1.4180790042407880e+17 4.5160382501652574e+27
2.6523337335734285e-13 9.2070752602716268e+05 3.1500925446862652e+05 1.4258149737167763e+17 4.6170571689655954e+27
2.5917596489541772e-13 9.2272513248639693e+05 3.1542503478154389e+05 1.4335000479026083e+17 4.7213491475136719e+27
2.5325689572620839e-13 9.2474667987988051e+05 3.1583062678701628e+05 1.4411318593635893e+17 4.8286255473320053e+27
2.4747300645241784e-13 9.2677124512039113e+05 3.1622572010584926e+05 1.4487054482825910e+17 4.9392882560655443e+27
2.4182120983117104e-13 9.2879839720170235e+05 3.1660999668211146e+05 1.4562166143817734e+17 5.0531357116544714e+27
2.3629848912614671e-13 9.3082805774725520e+05 3.1698318904462148e+05 1.4636622662886346e+17 5.1704580503203987e+27
2.3090189649734352e-13 9.3286009528153413e+05 3.1734506505768729e+05 1.4710395791520768e+17 5.2910499020174095e+27
2.2562855142762949e-13 9.3489391318417690e+05 3.1769534443407034e+05 1.4783443746108707e+17 5.4154974569513573e+27
2.2047563918521709e-13 9.3692917822227976e+05 3.1803373674167297e+05 1.4855728309420701e+17 5.5435642623712017e+27
2.1544040932125280e-13 9.3896569659054314e+05 3.1835998097382177e+05 1.4927216790420013e+17 5.6754163554358317e+27
2.1052017420172673e-13 9.4100334345181705e+05 3.1867385304084711e+05 1.4997881214176762e+17 5.8114357291935549e+27
2.0571230757290243e-13 9.4304138276285084e+05 3.1897511425505235e+05 1.5067680883613677e+17 5.9513022029793832e+27
2.0101424315950971e-13 9.4507926185927691e+05 3.1926345647595834e+05 1.5136570875008000e+17 6.0954679518001114e+27
1.9642347329496030e-13 9.4711649860737217e+05 3.1953859503311984e+05 1.5204509779204976e+17 6.2436445540344702e+27
1.9193754758283432e-13 9.4915255340691516e+05 3.1980018534620281e+05 1.5271448863647213e+17 6.3961254347030935e+27
1.8755407158894795e-13 9.5118729321840790e+05 3.2004788656958751e+05 1.5337347602566243e+17 6.5533139071499446e+27
1.8327070556328355e-13 9.5322082763569860e+05 3.2028143224677589e+05 1.5402177935126742e+17 6.7155269142512790e+27
1.7908516319110873e-13 9.5525288364823640e+05 3.2050060970637068e+05 1.5465910024625520e+17 6.8819945592436267e+27
1.7499521037262478e-13 9.5728267088754673e+05 3.2070516295079666e+05 1.5528498787851987e+17 7.0537571767123621e+27
1.7099866403047436e-13 9.5930990330621775e+05 3.2089482735172665e+05 1.5589908438895571e+17 7.2304987449254906e+27
1.6709339094449448e-13 9.6133384834375733e+05 3.2106933146737353e+05 1.5650093197748141e+17 7.4121658691680653e+27
1.6327730661307397e-13 9.6335407757822936e+05 3.2122833809433499e+05 1.5709006640836515e+17 7.5995886140934980e+27
1.5954837414051565e-13 9.6537041737612011e+05 3.2137151999324246e+05 1.5766608849089248e+17 7.7921441566892854e+27
1.5590460314981504e-13 9.6738273278534075e+05 3.2149858748909144e+05 1.5822864721396525e+17 7.9904861251703331e+27
1.5234404872026269e-13 9.6939073427426524e+05 3.2160931487732055e+05 1.5877742542123645e+17 8.1947810784762508e+27
1.4886481034931015e-13 9.7139383032304503e+05 3.2170346091211541e+05 1.5931202523084467e+17 8.4046734760539067e+27
1.4546503093815020e-13 9.7339178363095131e+05 3.2178079529481987e+05 1.5983213756703459e+17 8.6211559793519689e+27
1.4214289580045901e-13 9.7538366911759984e+05 3.2184111770734540e+05 1.6033733220486067e+17 8.8438078138747839e+27
1.3889663169377659e-13 9.7736895401398663e+05 3.2188409026865097e+05 1.6082712285814618e+17 9.0727732937448531e+27
1.3572450587301461e-13 9.7934751077813457e+05 3.2190933318045730e+05 1.6130107354477683e+17 9.3083572953108803e+27
1.3262482516557153e-13 9.8131945307141938e+05 3.2191655841218523e+05 1.6175890042910784e+17 9.5506061097620918e+27
1.2959593506757878e-13 9.8328457722046552e+05 3.2190564871578309e+05 1.6220042588229059e+17 9.8001317371708639e+27
1.2663621886078123e-13 9.8524142408623185e+05 3.2187656516452995e+05 1.6262526273539840e+17 1.0056570716651938e+28
1.2374409674958667e-13 9.8718933180396084e+05 3.2182895606914308e+05 1.6303288512091238e+17 1.0320427146685052e+28
1.2091802501782780e-13 9.8912808169243496e+05 3.2176239578156453e+05 1.6342279685154291e+17 1.0591625468141083e+28
1.1815649520477777e-13 9.9105764228544093e+05 3.2167652022908372e+05 1.6379461333208874e+17 1.0870306131201102e+28
1.1545803329998362e-13 9.9297778589042730e+05 3.2157107540265378e+05 1.6414802009324688e+17 1.1157287635253043e+28
1.1282119895649331e-13 9.9488797134102066e+05 3.2144588215769775e+05 1.6448270596843795e+17 1.1452228935187323e+28
1.1024458472204377e-13 9.9678787595992652e+05 3.2130069631782040e+05 1.6479835004945482e+17 1.1755504053246651e+28
1.0772681528781416e-13 9.9867711448727804e+05 3.2113539853088534e+05 1.6509474395685482e+17 1.2067442319413519e+28
1.0526654675433147e-13 1.0005546532761073e+06 3.2094988126204401e+05 1.6537153433423309e+17 1.2387778681333254e+28
1.0286246591414157e-13 1.0024200618014962e+06 3.2074381007401808e+05 1.6562828643596154e+17 1.2716800497794086e+28
1.0051328955086642e-13 1.0042730799191181e+06 3.2051682670544583e+05 1.6586458814315197e+17 1.3055048205426713e+28
9.8217763754265583e-14 1.0061135289352690e+06 3.2026863059846475e+05 1.6608011158083050e+17 1.3402517442483441e+28
9.5974663250940560e-14 1.0079412175980615e+06 3.1999903910847259e+05 1.6627464992589923e+17 1.3759399333811791e+28
9.3782790750328011e-14 1.0097551911243864e+06 3.1970811353827646e+05 1.6644804937667990e+17 1.4125924555505532e+28
9.1640976305625656e-14 1.0115547619052598e+06 3.1939561759226071e+05 1.6659992597339136e+17 1.4502270769970775e+28
8.9548076689313450e-14 1.0133395333966539e+06 3.1906120977397013e+05 1.6672986766355171e+17 1.4888903244935447e+28
8.7502974782940347e-14 1.0151092378457413e+06 3.1870453705671948e+05 1.6683749178951741e+17 1.5285526079442355e+28
8.5504578980841602e-14 1.0168636069680752e+06 3.1832532334081572e+05 1.6692249685438710e+17 1.5693448966599620e+28
8.3551822607479450e-14 1.0186023375396664e+06 3.1792338978160673e+05 1.6698467631326134e+17 1.6111316415686854e+28
8.1643663348086941e-14 1.0203248321148827e+06 3.1749865260289150e+05 1.6702384340182342e+17 1.6540638822412593e+28
7.9779082692314898e-14 1.0220307880239760e+06 3.1705088296726550e+05 1.6703975000996845e+17 1.6981071774640869e+28
7.7957085390588123e-14 1.0237199036770921e+06 3.1657996421821509e+05 1.6703226586066480e+17 1.7433174924506628e+28
7.6176698922872544e-14 1.0253915618708649e+06 3.1608588387303211e+05 1.6700128113352186e+17 1.7896458064081108e+28
7.4436972979579387e-14 1.0270454973326810e+06 3.1556845372175483e+05 1.6694661275606790e+17 1.8371731020160502e+28
7.2736978954321352e-14 1.0286813684095260e+06 3.1502771605329862e+05 1.6686828839936128e+17 1.8859194231203274e+28
7.1075809448253324e-14 1.0302981051795650e+06 3.1446391054092970e+05 1.6676632859970701e+17 1.9358416143798302e+28
6.9452577785735583e-14 1.0318951649227252e+06 3.1387677776694077e+05 1.6664041398598982e+17 1.9870376453512176e+28
6.7866417541055714e-14 1.0334720911375941e+06 3.1326602217197203e+05 1.6649021998602218e+17 2.0394445258631704e+28
6.6316482075959181e-14 1.0350285036651720e+06 3.1263131842163572e+05 1.6631542227327174e+17 2.0931755541868415e+28
6.4801944087744509e-14 1.0365640153826399e+06 3.1197241375551053e+05 1.6611577135858963e+17 2.1481934811636443e+28
6.3321995167676364e-14 1.0380782513035110e+06 3.1128905848958588e+05 1.6589103397548861e+17 2.2044495405289227e+28
6.1875845369483762e-14 1.0395709754461634e+06 3.1058099353441835e+05 1.6564101234468634e+17 2.2620409927174639e+28
6.0462722787715319e-14 1.0410419881817499e+06 3.0984805284352088e+05 1.6536561860116266e+17 2.3211208124783194e+28
5.9081873145721601e-14 1.0424912225076903e+06 3.0909020467856416e+05 1.6506493739232810e+17 2.3816138690126000e+28
5.7732559393047217e-14 1.0439179843009240e+06 3.0830805110410997e+05 1.6473947529574899e+17 2.4434276538578876e+28
5.6414061312020209e-14 1.0453216367225172e+06 3.0750168899876613e+05 1.6438927654444515e+17 2.5066345213088592e+28
5.5125675133322412e-14 1.0467018692978853e+06 3.0667097970191168e+05 1.6401426279763030e+17 2.5712643730448008e+28
5.3866713160343085e-14 1.0480582496387897e+06 3.0581605601744581e+05 1.6361457962461424e+17 2.6373873863327747e+28
5.2636503402109189e-14 1.0493901122716961e+06 3.0493703795840958e+05 1.6319029385677581e+17 2.7048831908531766e+28
5.1434389214598862e-14 1.0506970085829953e+06 3.0403375301432679e+05 1.6274127062339344e+17 2.7739289340029789e+28
5.0259728950248755e-14 1.0519785257269642e+06 3.0310602591442590e+05 1.6226738785179203e+17 2.8446163939000749e+28
4.9111895615462751e-14 1.0532343110413447e+06 3.0215366119282902e+05 1.6176853504799635e+17 2.9164210513283422e+28
4.7990276535945624e-14 1.0544640695413686e+06 3.0117654282188317e+05 1.6124469465370954e+17 2.9897782797837380e+28
4.6894273029677714e-14 1.0556675717404112e+06 3.0017460706209752e+05 1.6069592715060742e+17 3.0648072631984110e+28
4.5823300087358381e-14 1.0568444533385157e+06 2.9914818558460462e+05 1.6012261421613837e+17 3.1412589626447865e+28
4.4776786060149089e-14 1.0579942136907799e+06 2.9809746904517344e+05 1.5952497136083350e+17 3.2194060812232965e+28
4.3754172354546191e-14 1.0591165569997544e+06 2.9702239370314288e+05 1.5890304931450038e+17 3.2991369554620900e+28
4.2754913134222209e-14 1.0602112453991345e+06 2.9592302352150186e+05 1.5825704059000643e+17 3.3800872874134618e+28
4.1778475028678120e-14 1.0612778086050923e+06 2.9479979492719698e+05 1.5758739501857408e+17 3.4626479032283356e+28
4.0824336848547811e-14 1.0623158476433237e+06 2.9365273474898969e+05 1.5689422579271386e+17 3.5471822683625961e+28
3.9891989307404462e-14 1.0633250503950582e+06 2.9248181688740774e+05 1.5617763402161690e+17 3.6327487164531237e+28
3.8980934749921996e-14 1.0643051450408348e+06 2.9128719680167834e+05 1.5543789176435837e+17 3.7199849219069887e+28
3.8090686886242321e-14 1.0652557053150570e+06 2.9006915997953725e+05 1.5467534300616458e+17 3.8087328867784161e+28
3.7220770532411519e-14 1.0661764047862489e+06 2.8882770603490667e+05 1.5389011681028090e+17 3.8990869785414044e+28
3.6370721356742348e-14 1.0670669952972138e+06 2.8756286441591702e+05 1.5308239807338995e+17 3.9910094424402010e+28
3.5540085631969392e-14 1.0679272156748935e+06 2.8627496981119603e+05 1.5225263103202230e+17 4.0843258010592249e+28
3.4728419993065977e-14 1.0687566884932474e+06 2.8496430675089778e+05 1.5140118279729693e+17 4.1792869313615116e+28
3.3935291200589816e-14 1.0695551377860482e+06 2.8363092041169951e+05 1.5052825177367370e+17 4.2757523270178735e+28
3.3160275909435640e-14 1.0703223724059493e+06 2.8227490278423519e+05 1.4963410663403904e+17 4.3736305336322955e+28
3.2402960442867525e-14 1.0710581643532165e+06 2.8089680169793387e+05 1.4871938520219818e+17 4.4730846854667228e+28
3.1662940571711986e-14 1.0717621581190671e+06 2.7949695522775198e+05 1.4778450973174960e+17 4.5739048931498394e+28
3.0939821298595029e-14 1.0724340706932982e+06 2.7807544483272207e+05 1.4682971546080160e+17 4.6761232596193155e+28
3.0233216647105607e-14 1.0730736822408596e+06 2.7663238434086792e+05 1.4585528770985770e+17 4.7797789835659415e+28
2.9542749455774224e-14 1.0736807888381160e+06 2.7516816975698713e+05 1.4486174704290979e+17 4.8848162699005574e+28
2.8868051176757726e-14 1.0742551213817359e+06 2.7368308607426676e+05 1.4384950374935515e+17 4.9913677681432118e+28
2.8208761679120653e-14 1.0747964795078442e+06 2.7217727445879549e+05 1.4281887552200216e+17 5.0990609715094806e+28
2.7564529056609296e-14 1.0753047422405230e+06 2.7065090994364524e+05 1.4177023453223443e+17 5.2082220094129139e+28
2.6935009439816838e-14 1.0757798809027183e+06 2.6910470549026673e+05 1.4070440237671717e+17 5.3185046750736629e+28
2.6319866812637211e-14 1.0762216430393327e+06 2.6753933908619243e+05 1.3962209674554646e+17 5.4303239176059926e+28
2.5718772832910860e-14 1.0766297762995183e+06 2.6595497710536554e+05 1.3852363390573998e+17 5.5430881012918582e+28
2.5131406657167638e-14 1.0770040699720853e+06 2.6435180310619617e+05 1.3740935807915094e+17 5.6571238859948177e+28
2.4557454769370657e-14 1.0773443777923344e+06 2.6273011586916778e+05 1.3627972235171226e+17 5.7719659701531632e+28
2.3996610813572847e-14 1.0776505290529574e+06 2.6109036806826518e+05 1.3513528752399274e+17 5.8880890714864874e+28
2.3448575430394285e-14 1.0779223396016567e+06 2.5943278310148435e+05 1.3397643546267686e+17 6.0053335152523592e+28
2.2913056097234067e-14 1.0781596769126060e+06 2.5775758999140514e+05 1.3280356863914011e+17 6.1234463553489350e+28
2.2389766972132404e-14 1.0783625099927960e+06 2.5606509744816122e+05 1.3161717912428595e+17 6.2426111896202706e+28
2.1878428741197178e-14 1.0785308781366027e+06 2.5435614483696898e+05 1.3041816432140552e+17 6.3624942752404849e+28
2.1378768469516348e-14 1.0786646531798639e+06 2.5263115876202175e+05 1.2920706083319115e+17 6.4833401507523410e+28
2.0890519455474319e-14 1.0787637245873802e+06 2.5089040455693548e+05 1.2798429091681466e+17 6.6049553062430242e+28
2.0413421088395478e-14 1.0788280525963928e+06 2.4913417303892176e+05 1.2675031514713504e+17 6.7271654397945963e+28
1.9947218709439593e-14 1.0788577808345882e+06 2.4736310343546889e+05 1.2550589099378430e+17 6.8501490614066951e+28
1.9491663475673367e-14 1.0788529675825953e+06 2.4557816795942883e+05 1.2425197481898654e+17 6.9737064767575909e+28
1.9046512227246311e-14 1.0788134885164553e+06 2.4377968194337987e+05 1.2298899670415318e+17 7.0977242090769667e+28
1.8611527357600804e-14 1.0787392500547913e+06 2.4196794775880993e+05 1.2171738453130805e+17 7.2221033737763233e+28
1.8186476686645556e-14 1.0786302052250055e+06 2.4014328433664082e+05 1.2043758974359410e+17 7.3470912044757646e+28
1.7771133336825583e-14 1.0784864243269237e+06 2.3830627367789519e+05 1.1915027132114144e+17 7.4723378987932622e+28
1.7365275612023216e-14 1.0783079013375528e+06 2.3645742642050670e+05 1.1785600996432862e+17 7.5977770042398983e+28
1.6968686879223694e-14 1.0780946001605676e+06 2.3459707230126337e+05 1.1655525109273989e+17 7.7232698640373279e+28
1.6581155452884349e-14 1.0778465408468980e+06 2.3272555548228777e+05 1.1524846084699330e+17 7.8489531082074552e+28
1.6202474481943860e-14 1.0775638426320450e+06 2.3084327391771416e+05 1.1393616665686162e+17 7.9744637018060074e+28
1.5832441839412017e-14 1.0772469053885967e+06 2.2895132353559593e+05 1.1261941640157998e+17 8.1001520454138560e+28
1.5470860014481690e-14 1.0768958169271147e+06 2.2705038556776851e+05 1.1129888485469475e+17 8.2255944273858794e+28
1.5117536007103770e-14 1.0765105627027615e+06 2.2514081528790254e+05 1.0997499920003894e+17 8.3509965504598833e+28
1.4772281224970779e-14 1.0760911583969430e+06 2.2322297445734296e+05 1.0864819468094835e+17 8.4759422606347910e+28
1.4434911382852522e-14 1.0756376755402312e+06 2.2129724312818272e+05 1.0731892779021616e+17 8.6003485653552118e+28
1.4105246404230745e-14 1.0751503375472599e+06 2.1936429481529328e+05 1.0598787193348517e+17 8.7246739834204764e+28
1.3783110325180794e-14 1.0746292528257470e+06 2.1742465842775477e+05 1.0465556825904794e+17 8.8478702810669187e+28
1.3468331200447878e-14 1.0740744884758512e+06 2.1547870781566974e+05 1.0332244306835808e+17 8.9710131627716699e+28
1.3160741011668400e-14 1.0734861442112566e+06 2.1352682232257936e+05 1.0198892976759861e+17 9.0931607471013029e+28
1.2860175577687812e-14 1.0728643934719893e+06 2.1156939680764795e+05 1.0065548328149685e+17 9.2144942081337057e+28
1.2566474466926146e-14 1.0722096927340671e+06 2.0960725478389559e+05 9.9322878118951152e+16 9.3351103198276345e+28
1.2279480911744954e-14 1.0715224074357261e+06 2.0764128356632739e+05 9.7991884031482080e+16 9.4545115049735190e+28
1.1999041724770400e-14 1.0708026412426850e+06 2.0567186735488163e+05 9.6662893537932000e+16 9.5727776291200661e+28
1.1725007217126900e-14 1.0700505256184710e+06 2.0369939146916976e+05 9.5336300300284976e+16 9.6902698304372648e+28
1.1457231118538169e-14 1.0692662307032794e+06 2.0172424585842623e+05 9.4012503725608400e+16 9.8064895921130721e+28
1.1195570499253468e-14 1.0684500577290854e+06 1.9974692964773712e+05 9.2691989745434752e+16 9.9211838238756288e+28
1.0939885693756198e-14 1.0676025156232999e+06 1.9776835327463111e+05 9.1375513717394992e+16 1.0034631508168706e+29
1.0690040226215535e-14 1.0667237970883776e+06 1.9578897429354888e+05 9.0063482621194736e+16 1.0146988862277255e+29
1.0445900737640148e-14 1.0658140437067531e+06 1.9380914668904914e+05 8.8756227711431792e+16 1.0256871799965877e+29
1.0207336914695582e-14 1.0648734307830539e+06 1.9182918803636375e+05 8.7454059006697824e+16 1.0365598465021987e+29
9.9742214201477500e-15 1.0639022254963634e+06 1.8984948415445784e+05 8.6157340699860384e+16 1.0472819775658515e+29
9.7464298248943204e-15 1.0629009771779175e+06 1.8787074662950941e+05 8.4866667699710384e+16 1.0577990815645476e+29
9.5238405415489943e-15 1.0618702340558867e+06 1.8589381431910841e+05 8.3582683910077824e+16 1.0681467768413914e+29
9.3063347595421789e-15 1.0608102423348944e+06 1.8391906822124621e+05 8.2305705818780448e+16 1.0783060692801938e+29
9.0937963817038467e-15 1.0597213918766733e+06 1.8194704842905101e+05 8.1036156596585216e+16 1.0882530088923139e+29
8.8861119622950472e-15 1.0586040364859423e+06 1.7997828555777116e+05 7.9774433932857152e+16 1.0980087923448076e+29
8.6831706464543330e-15 1.0574584183658811e+06 1.7801313999260860e+05 7.8520813058906816e+16 1.1075382480539750e+29
8.4848641110271021e-15 1.0562847837932133e+06 1.7605194572853047e+05 7.7275549082143488e+16 1.1168422633889461e+29
8.2910865067466053e-15 1.0550834171754271e+06 1.7409503886064552e+05 7.6038899534052656e+16 1.1259802239327142e+29
8.1017344017351153e-15 1.0538546684468081e+06 1.7214277674854125e+05 7.4811139189666512e+16 1.1348512968132741e+29
7.9167067262954120e-15 1.0525992378402879e+06 1.7019589518806775e+05 7.3592792414019936e+16 1.1434371416704955e+29
7.7359047189634282e-15 1.0513176933073653e+06 1.6825507343854808e+05 7.2384309764727152e+16 1.1518273989206818e+29
7.5592318737926421e-15 1.0500103258980787e+06 1.6632064472570960e+05 7.1185904001603400e+16 1.1599825185345301e+29
7.3865938888424051e-15 1.0486774218899943e+06 1.6439290588735821e+05 6.9997761019732120e+16 1.1678577765082590e+29
7.2178986158429975e-15 1.0473192932858343e+06 1.6247214366617144e+05 6.8820061566320904e+16 1.1754911366646471e+29
7.0530560110097832e-15 1.0459363299405825e+06 1.6055868115007211e+05 6.7653012022097816e+16 1.1828751698472107e+29
6.8919780869811397e-15 1.0445292232984573e+06 1.5865310563062897e+05 6.6496991399632792e+16 1.1899562764101400e+29
6.7345788658535760e-15 1.0430988035842336e+06 1.5675625540919870e+05 6.5352503946481624e+16 1.1967756769901352e+29
6.5807743332898606e-15 1.0416453992743500e+06 1.5486844168024632e+05 6.4219699900388104e+16 1.2033704401914811e+29
6.4304823936749431e-15 1.0401692882169245e+06 1.5298991526503061e+05 6.3098685770798960e+16 1.2096606594107986e+29
6.2836228262960381e-15 1.0386706784046515e+06 1.5112081180491351e+05 6.1989499039265808e+16 1.2156843141583265e+29
6.1401172425237023e-15 1.0371499341501764e+06 1.4926139160062061e+05 6.0892257859041720e+16 1.2213908377863993e+29
5.9998890439705759e-15 1.0356074933313716e+06 1.4741194824696184e+05 5.9807101788905952e+16 1.2268754456625353e+29
5.8628633816057044e-15 1.0340440531381950e+06 1.4557302841131890e+05 5.8734318128464320e+16 1.2320125403975572e+29
5.7289671158028247e-15 1.0324600810266795e+06 1.4374497703583652e+05 5.7674053676853552e+16 1.2369019479583156e+29
5.5981287773008504e-15 1.0308559659180496e+06 1.4192804123959961e+05 5.6626392118657512e+16 1.2414917544520421e+29
5.4702785290559493e-15 1.0292321824556778e+06 1.4012252885204623e+05 5.5591451401076608e+16 1.2458083667652389e+29
5.3453481289650542e-15 1.0275891971878225e+06 1.3832874513808353e+05 5.4569339237880936e+16 1.2498143351930901e+29
5.2232708934404756e-15 1.0259274041876416e+06 1.3654691324551153e+05 5.3560110177482312e+16 1.2535278415375321e+29
5.1039816618164203e-15 1.0242472030940945e+06 1.3477724777320275e+05 5.2563811065823312e+16 1.2570062575825635e+29
4.9874167615685985e-15 1.0225490021496395e+06 1.3301995366637441e+05 5.1580481017373448e+16 1.2601397578003783e+29
4.8735139743278304e-15 1.0208332277005680e+06 1.3127523128835441e+05 5.0610154971359560e+16 1.2629890579516280e+29
4.7622125026701672e-15 1.0191003291818961e+06 1.2954327616054342e+05 4.9652864879973968e+16 1.2655572063244955e+29
4.6534529376651431e-15 1.0173509860404079e+06 1.2782445517557886e+05 4.8708739417262616e+16 1.2678372468762214e+29
4.5471772271654456e-15 1.0155857805675985e+06 1.2611907882951062e+05 4.7777861404924688e+16 1.2698195119747575e+29
4.4433286448206034e-15 1.0138051464443518e+06 1.2442731649873288e+05 4.6860229279697704e+16 1.2715405608939702e+29
4.3418517597983386e-15 1.0120095595938253e+06 1.2274935242278822e+05 4.5955849347287304e+16 1.2729716344195881e+29
4.2426924071975897e-15 1.0101996226170682e+06 1.2108546863185159e+05 4.5064777909604096e+16 1.2740803499209388e+29
4.1457976591370770e-15 1.0083757920401127e+06 1.1943583175935558e+05 4.4187000517946416e+16 1.2749578880599024e+29
4.0511157965041552e-15 1.0065385089021507e+06 1.1780057961467096e+05 4.3322485297056672e+16 1.2755896777223655e+29
3.9585962813490184e-15 1.0046882909775146e+06 1.1617989067040413e+05 4.2471222522892712e+16 1.2758796348505501e+29
3.8681897299092095e-15 1.0028256708244757e+06 1.1457396373066395e+05 4.1633207519096896e+16 1.2760007415327568e+29
3.7798478862502085e-15 1.0009510934545931e+06 1.1298291536704487e+05 4.0808388662273168e+16 1.2757715939717908e+29
3.6935235965081540e-15 9.9906501402273017e+05 1.1140685643107157e+05 3.9996711052036224e+16 1.2753059817776948e+29
3.6091707837206704e-15 9.9716807510012214e+05 1.0984602300189117e+05 3.9198184974084872e+16 1.2745811997216509e+29
3.5267444232325131e-15 9.9526080594459933e+05 1.0830058549437084e+05 3.8412777203811784e+16 1.2736184864163112e+29
3.4462005186630304e-15 9.9334361761754984e+05 1.0677062790374568e+05 3.7640405771650664e+16 1.2724254756960588e+29
3.3674960784223519e-15 9.9141690460678807e+05 1.0525622065114725e+05 3.6880979855558376e+16 1.2709508823788421e+29
3.2905890927639030e-15 9.8948096010817308e+05 1.0375735690184936e+05 3.6134368333748048e+16 1.2692277953058588e+29
3.2154385113611301e-15 9.8753616308733437e+05 1.0227407804795523e+05 3.5400467031207332e+16 1.2672869228849987e+29
3.1420042213961282e-15 9.8558291797645518e+05 1.0080644018789529e+05 3.4679178146216412e+16 1.2650946724158274e+29
3.0702470261488918e-15 9.8362157307619182e+05 9.9354467932385276e+04 3.3970385682212824e+16 1.2626530378883308e+29
3.0001286240753394e-15 9.8165225654503948e+05 9.7918029168736146e+04 3.3273896925905080e+16 1.2600544264350567e+29
2.9316115883633456e-15 9.7967534551944037e+05 9.6497129024017020e+04 3.2589594256861448e+16 1.2571582585756725e+29
2.8646593469555428e-15 9.7769126548213314e+05 9.5091799793847051e+04 3.1917373649919440e+16 1.2541206373076574e+29
2.7992361630283719e-15 9.7570043905510707e+05 9.3702066939087221e+04 3.1257127480080308e+16 1.2508623638502078e+29
2.7353071159170559e-15 9.7370328562038089e+05 9.2327947189841478e+04 3.0608744005476704e+16 1.2473085549142924e+29
2.6728380824761013e-15 9.7170022941940662e+05 9.0969454144717252e+04 2.9972110077850432e+16 1.2436338622900188e+29
2.6117957188654957e-15 9.6969169919745182e+05 8.9626597325569106e+04 2.9347111103577388e+16 1.2397444326923328e+29
2.5521474427529691e-15 9.6767816446417710e+05 8.8299399060317490e+04 2.8733639783630172e+16 1.2356834346809883e+29
2.4938614159226217e-15 9.6566026678285643e+05 8.6987988360198666e+04 2.8131637299286880e+16 1.2314104549413345e+29
2.4369065272807395e-15 9.6363843992414256e+05 8.5692384063618942e+04 2.7540987892367180e+16 1.2269494829361291e+29
2.3812523762498158e-15 9.6161305689600122e+05 8.4412572759092931e+04 2.6961559615558400e+16 1.2223335325944815e+29
2.3268692565417277e-15 9.5958440703909192e+05 8.3148512962108231e+04 2.6393204563460568e+16 1.2175674295366262e+29
2.2737281403015041e-15 9.5755226964379102e+05 8.1899869639453304e+04 2.5835642071454500e+16 1.2126363119947934e+29
2.2218006626133126e-15 9.5551686054227315e+05 8.0666512321733273e+04 2.5288698392667648e+16 1.2075055238538062e+29
2.1710591063601611e-15 9.5347859063305845e+05 7.9448411385553918e+04 2.4752248291475324e+16 1.2022966283499477e+29
2.1214763874295099e-15 9.5143787221656926e+05 7.8245533341860501e+04 2.4226165783891136e+16 1.1968457650103626e+29
2.0730260402566669e-15 9.4939523614596343e+05 7.7057902963869012e+04 2.3710351697626180e+16 1.1913038046644077e+29
2.0256822036983470e-15 9.4735115224761236e+05 7.5885520873079979e+04 2.3204693713829748e+16 1.1856217780676113e+29
1.9794196072289361e-15 9.4530598950546992e+05 7.4728339016058264e+04 2.2709057194614360e+16 1.1798469870966492e+29
1.9342135574518784e-15 9.4326011189230392e+05 7.3586306154856575e+04 2.2223306541013024e+16 1.1738807349046138e+29
1.8900399249192402e-15 9.4121376363532955e+05 7.2459319582401891e+04 2.1747283333542024e+16 1.1677978984663909e+29
1.8468751312522100e-15 9.3916709659266041e+05 7.1347218995334726e+04 2.1280807916461156e+16 1.1616231656549390e+29
1.8046961365557400e-15 9.3712046539324184e+05 7.0249940305162847e+04 2.0823745266615992e+16 1.1553515867528250e+29
1.7634804271206827e-15 9.3507421782883769e+05 6.9167419343885049e+04 2.0375960746408832e+16 1.1489323995490880e+29
1.7232060034067163e-15 9.3302865295085695e+05 6.8099575951287305e+04 1.9937312605331164e+16 1.1424570544281011e+29
1.6838513682997199e-15 9.3098381928788044e+05 6.7046209814155678e+04 1.9507610400120756e+16 1.1358813815704586e+29
1.6453955156373893e-15 9.2893998479070480e+05 6.6007212935581047e+04 1.9086707414066864e+16 1.1291997595774829e+29
1.6078179189968424e-15 9.2689748703784542e+05 6.4982510723172927e+04 1.8674472111299468e+16 1.1224225151348867e+29
1.5710985207382948e-15 9.2485665085159615e+05 6.3972026459471403e+04 1.8270772547532036e+16 1.1155869999248696e+29
1.5352177212990160e-15 9.2281761902667664e+05 6.2975615238757724e+04 1.7875448123971168e+16 1.1086375896286127e+29
1.5001563687317299e-15 9.2078048575883161e+05 6.1993096098987968e+04 1.7488328493487784e+16 1.1016467033596540e+29
1.4658957484819409e-15 9.1874555885025661e+05 6.1024383958729341e+04 1.7109284425574232e+16 1.0945662005388264e+29
1.4324175733987857e-15 9.1671312697891553e+05 6.0069392905270921e+04 1.6738186458588414e+16 1.0874583158587155e+29
1.3997039739739272e-15 9.1468338858370727e+05 5.9128017518846209e+04 1.6374895901988002e+16 1.0802476907969688e+29
1.3677374888034679e-15 9.1265577806209237e+05 5.8199834232150570e+04 1.6019150375454004e+16 1.0729906041352432e+29
1.3365010552676013e-15 9.1063032717159099e+05 5.7284627429606451e+04 1.5670782309713568e+16 1.0656704690229551e+29
1.3059780004232072e-15 9.0860736803566536e+05 5.6382307259102075e+04 1.5329675974647650e+16 1.0583079137096495e+29
1.2761520321043861e-15 9.0658723446396075e+05 5.5492783242415622e+04 1.4995716572722190e+16 1.0508835882387677e+29
1.2470072302262402e-15 9.0457023989925848e+05 5.4615958763784532e+04 1.4668787750107482e+16 1.0434352593031829e+29
1.2185280382873081e-15 9.0255666184744949e+05 5.3751721743587019e+04 1.4348768559153312e+16 1.0359500791766529e+29
1.1906992550660171e-15 9.0054681654755748e+05 5.2899974913337755e+04 1.4035545190385226e+16 1.0284263537867670e+29
1.1635060265067758e-15 8.9854102011650242e+05 5.2060621707143713e+04 1.3729005091735192e+16 1.0208782290634428e+29
1.1369338377914151e-15 8.9653958077130397e+05 5.1233564339476878e+04 1.3429036188476304e+16 1.0133116516995582e+29
1.1109685055916584e-15 8.9454277732388815e+05 5.0418697031867407e+04 1.3135524241922556e+16 1.0056912260850020e+29
1.0855961704985305e-15 8.9255086209345958e+05 4.9615905029274734e+04 1.2848352950355048e+16 9.9805783426107922e+28
1.0608032896247057e-15 8.9056411638536036e+05 4.8825087185133380e+04 1.2567412059018852e+16 9.9048405993435498e+28
1.0365766293757621e-15 8.8858279860213166e+05 4.8046141247527317e+04 1.2292591235532622e+16 9.8283002585722144e+28
1.0129032583865274e-15 8.8660713524371420e+05 4.7278965438875879e+04 1.2023780112838526e+16 9.7519351036593490e+28
9.8977054061878349e-16 8.8463674871064071e+05 4.6523267823698778e+04 1.1760798612229930e+16 9.6751635211608527e+28
9.6716612861656596e-16 8.8267104120647034e+05 4.5778639577193346e+04 1.1503435651893636e+16 9.5991103509617802e+28
9.4507795691550233e-16 8.8071034095900413e+05 4.5044977627173132e+04 1.1251595594821344e+16 9.5224938183162789e+28
9.2349423560270548e-16 8.7875498040765151e+05 4.4322181047847887e+04 1.1005184606539414e+16 9.4459936845188572e+28
9.0240344402369017e-16 8.7680531430113630e+05 4.3610149912770372e+04 1.0764110983464862e+16 9.3695126264732117e+28
8.8179432463306952e-16 8.7486190203829436e+05 4.2908844715588035e+04 1.0528305764652178e+16 9.2931677827793183e+28
8.6165587698563285e-16 8.7292541240935668e+05 4.2218276764626280e+04 1.0297715379555898e+16 9.2170792238200530e+28
8.4197735186470735e-16 8.7099615328505926e+05 4.1538344493809265e+04 1.0072246477616292e+16 9.1412724272302807e+28
8.2274824554458266e-16 8.6907438696477725e+05 4.0868934281299378e+04 9.8518025845575980e+15 9.0657792800687484e+28
8.0395829418396960e-16 8.6716039605611074e+05 4.0209937844718203e+04 9.6362903141598500e+15 8.9903507957498893e+28
