8.0395829418396959e-13 7.0126083792477020e+05 2.2935430809839987e+05 5.4674079808924192e+16 1.0301696887761719e+27
7.8559746834753246e-13 7.0309338303461461e+05 2.2967830906750151e+05 5.4995131388359704e+16 1.0570466068996494e+27
7.6765596765250801e-13 7.0496396486464806e+05 2.3000226554390867e+05 5.5321159056860392e+16 1.0853048613196517e+27
7.5012421553758558e-13 7.0687444132449804e+05 2.3032667507275142e+05 5.5652700056262280e+16 1.1150967445435501e+27
7.3299285415128468e-13 7.0882646093182336e+05 2.3065206402345555e+05 5.5990303624152544e+16 1.1461886310405434e+27
7.1625273935704306e-13 7.1082178044110443e+05 2.3097902408932385e+05 5.6334577086984632e+16 1.1789851489377080e+27
6.9989493585237990e-13 7.1286240502145200e+05 2.3130822038682250e+05 5.6686203489762312e+16 1.2134415686940642e+27
6.8391071239955609e-13 7.1495068586136505e+05 2.3164042728565980e+05 5.7045972085214592e+16 1.2496860899665850e+27
6.6829153716511489e-13 7.1708942359676561e+05 2.3197657092072867e+05 5.7414814422417360e+16 1.2878460039340671e+27
6.5302907316589952e-13 7.1928124006068509e+05 2.3231767987140623e+05 5.7793726775987152e+16 1.3282812554456542e+27
6.3811517381904706e-13 7.2152875225222146e+05 2.3266487989320976e+05 5.8183783311641880e+16 1.3709413971734401e+27
6.2354187859361313e-13 7.2383477055483765e+05 2.3301942779452071e+05 5.8586174560354760e+16 1.4158209176417456e+27
6.0930140876152718e-13 7.2620267898956977e+05 2.3338277780018037e+05 5.9002282566402368e+16 1.4631448511417990e+27
5.9538616324556484e-13 7.2863610321711644e+05 2.3375658419118213e+05 5.9433658899175664e+16 1.5135544460112523e+27
5.8178871456214496e-13 7.3113872954692843e+05 2.3414268617794305e+05 5.9882004570655736e+16 1.5666090984732583e+27
5.6850180485680912e-13 7.3371492211348470e+05 2.3454321539481526e+05 6.0349293518933064e+16 1.6227428532880003e+27
5.5551834203020698e-13 7.3636921194302873e+05 2.3496059576522600e+05 6.0837733979719064e+16 1.6826087996507526e+27
5.4283139595259256e-13 7.3910607889282389e+05 2.3539751047490427e+05 6.1349736324672024e+16 1.7457624080372173e+27
5.3043419476474946e-13 7.4193088651316648e+05 2.3585708419592297e+05 6.1888115748229712e+16 1.8129400814892746e+27
5.1832012126339740e-13 7.4484927909815533e+05 2.3634289035928139e+05 6.2456053088802248e+16 1.8844754567471960e+27
5.0648270936916735e-13 7.4786691987086355e+05 2.3685895071231734e+05 6.3057081893433480e+16 1.9603519294147085e+27
4.9491564067522283e-13 7.5099061089082377e+05 2.3740999931066160e+05 6.3695370733237648e+16 2.0409764377954228e+27
4.8361274107470329e-13 7.5422770422302489e+05 2.3800156611174869e+05 6.4375739007586080e+16 2.1269520446345566e+27
4.7256797746521049e-13 7.5758590474189690e+05 2.3864010640737496e+05 6.5103740730072512e+16 2.2183041887363677e+27
4.6177545452852868e-13 7.6107308402242186e+05 2.3933320144141416e+05 6.5885796030474352e+16 2.3157490378048829e+27
4.5122941158391827e-13 7.6469779147055140e+05 2.4008993500994501e+05 6.6729511514032576e+16 2.4196143579641021e+27
4.4092421951325472e-13 7.6847047791385546e+05 2.4092175033138698e+05 6.7644388775010168e+16 2.5298100817870893e+27
4.3085437775639206e-13 7.7240244491530547e+05 2.4184329420077088e+05 6.8642311538773080e+16 2.6468825621660562e+27
4.2101451137516242e-13 7.7650640393438993e+05 2.4287450086284638e+05 6.9738998119784088e+16 2.7708233521390730e+27
4.1139936818441155e-13 7.8079758012135269e+05 2.4404583393055908e+05 7.0957536342978056e+16 2.9013614903755605e+27
4.0200381594855675e-13 7.8512834929751290e+05 2.4536632107541047e+05 7.2288910884057360e+16 3.0312079275328772e+27
3.9282283964218600e-13 7.8813794668461778e+05 2.4641258377231983e+05 7.3304328526812272e+16 3.1173133538778391e+27
3.8385153877319545e-13 7.9009717816030758e+05 2.4713916447217687e+05 7.3999016499237296e+16 3.1725771410772046e+27
3.7508512476708503e-13 7.9202966551680060e+05 2.4784983155757101e+05 7.4685097606155536e+16 3.2280462349105956e+27
3.6651891841097572e-13 7.9397585602471035e+05 2.4855843861241898e+05 7.5376208795360272e+16 3.2848065021063419e+27
3.5814834735600098e-13 7.9593531789434911e+05 2.4926471310898312e+05 7.6072171722132272e+16 3.3436757292192103e+27
3.4996894367675177e-13 7.9790772415399679e+05 2.4996842011282599e+05 7.6772841049108464e+16 3.4046243372310365e+27
3.4197634148644563e-13 7.9989280337905127e+05 2.5066934405659125e+05 7.7478087613674768e+16 3.4666506318760485e+27
3.3416627460656126e-13 8.0189012422773172e+05 2.5136721477589940e+05 7.8187723027572528e+16 3.5314533784737317e+27
3.2653457428970620e-13 8.0389935576683609e+05 2.5206179499674053e+05 7.8901589238425120e+16 3.5973856510616471e+27
3.1907716699447724e-13 8.0591999197063141e+05 2.5275278518075892e+05 7.9619460614640288e+16 3.6655652708548465e+27
3.1179007221113923e-13 8.0795183161918900e+05 2.5343997121672158e+05 8.0341203274270944e+16 3.7360110748312398e+27
3.0466940033697372e-13 8.0999466954681021e+05 2.5412314381116597e+05 8.1066683794568592e+16 3.8080574516545890e+27
2.9771135060013152e-13 8.1204812020334858e+05 2.5480205137990872e+05 8.1795712865570784e+16 3.8836134244165107e+27
2.9091220903091890e-13 8.1411182077397616e+05 2.5547644305554021e+05 8.2528101083479568e+16 3.9595048688740132e+27
2.8426834647940371e-13 8.1618515636906237e+05 2.5614600376098615e+05 8.3263576642214464e+16 4.0391590677269651e+27
2.7777621667829500e-13 8.1826768846447871e+05 2.5681044287272517e+05 8.4001903411057088e+16 4.1205876032635335e+27
2.7143235435007391e-13 8.2035901053390047e+05 2.5746948472769093e+05 8.4742855146541280e+16 4.2044762473951149e+27
2.6523337335734285e-13 8.2245882824734226e+05 2.5812287738981453e+05 8.5486233540552448e+16 4.2908735916265516e+27
2.5917596489541772e-13 8.2456681465586100e+05 2.5877036878652082e+05 8.6231831826354192e+16 4.3798442256521253e+27
2.5325689572620839e-13 8.2668269146008499e+05 2.5941172730659030e+05 8.6979460797710272e+16 4.4712641739333912e+27
2.4747300645241784e-13 8.2880564463896607e+05 2.6004657940516545e+05 8.7728750657823488e+16 4.5659507228834874e+27
2.4182120983117104e-13 8.3093526355013507e+05 2.6067463158539179e+05 8.8479440180634864e+16 4.6633030358469388e+27
2.3629848912614671e-13 8.3307120599594689e+05 2.6129561208320613e+05 8.9231288941155072e+16 4.7625947716433441e+27
2.3090189649734352e-13 8.3521319764238875e+05 2.6190927496111440e+05 8.9984081064669552e+16 4.8664006010763817e+27
2.2562855142762949e-13 8.3736058488446695e+05 2.6251528070501401e+05 9.0737473248810656e+16 4.9722247119889312e+27
2.2047563918521709e-13 8.3951298828775203e+05 2.6311334354529605e+05 9.1491196763857040e+16 5.0816030814378076e+27
2.1544040932125280e-13 8.4166998143276584e+05 2.6370317347205628e+05 9.2244968273841312e+16 5.1932258642885288e+27
2.1052017420172673e-13 8.4383125594823749e+05 2.6428450977927318e+05 9.2998539759780096e+16 5.3093705457889211e+27
2.0571230757290243e-13 8.4599607235386805e+05 2.6485701068556582e+05 9.3751532315554096e+16 5.4283185226674744e+27
2.0101424315950971e-13 8.4816388238301163e+05 2.6542034373132448e+05 9.4503598823728208e+16 5.5511292159898516e+27
1.9642347329496030e-13 8.5033412122627988e+05 2.6597418596478406e+05 9.5254390616427520e+16 5.6770999260863843e+27
1.9193754758283432e-13 8.5250621468074259e+05 2.6651818564391800e+05 9.6003531912985360e+16 5.8072412859509340e+27
1.8755407158894795e-13 8.5467986861895886e+05 2.6705205113996443e+05 9.6750731834344224e+16 5.9403479968614235e+27
1.8327070556328355e-13 8.5685478504307894e+05 2.6757549859311857e+05 9.7495701365877648e+16 6.0775508567277615e+27
1.7908516319110873e-13 8.5903057820131071e+05 2.6808825640057900e+05 9.8238141917189168e+16 6.2191703722965678e+27
1.7499521037262478e-13 8.6120639025183162e+05 2.6858994132237049e+05 9.8977588718837264e+16 6.3648900726419128e+27
1.7099866403047436e-13 8.6338186229682586e+05 2.6908026369581441e+05 9.9713725599198448e+16 6.5148532266006418e+27
1.6709339094449448e-13 8.6555616568599781e+05 2.6955884916983306e+05 1.0044608806986312e+17 6.6695821929031454e+27
1.6327730661307397e-13 8.6772884596870723e+05 2.7002536108739668e+05 1.0117430000526531e+17 6.8275338385268759e+27
1.5954837414051565e-13 8.6989946023844497e+05 2.7047947684752237e+05 1.0189799359609696e+17 6.9907404957517540e+27
1.5590460314981504e-13 8.7206761238952738e+05 2.7092088208117371e+05 1.0261681253955458e+17 7.1582422494157241e+27
1.5234404872026269e-13 8.7423286125165585e+05 2.7134927819844306e+05 1.0333040030006056e+17 7.3305755807211637e+27
1.4886481034931015e-13 8.7639442467120383e+05 2.7176430233041017e+05 1.0403828628553531e+17 7.5079238278078100e+27
1.4546503093815020e-13 8.7855195140503265e+05 2.7216566353521217e+05 1.0474012889191390e+17 7.6910954009778812e+27
1.4214289580045901e-13 8.8070443612831424e+05 2.7255298372107331e+05 1.0543539481488598e+17 7.8798115105660667e+27
1.3889663169377659e-13 8.8285133713767724e+05 2.7292589807287930e+05 1.0612364376092706e+17 8.0712804894310708e+27
1.3572450587301461e-13 8.8499227910115919e+05 2.7328407644196774e+05 1.0680449012475619e+17 8.2708517002973656e+27
1.3262482516557153e-13 8.8712689123960561e+05 2.7362720295721898e+05 1.0747755767996357e+17 8.4751834674339904e+27
1.2959593506757878e-13 8.8925479356449982e+05 2.7395501205641060e+05 1.0814250392108866e+17 8.6847048554939864e+27
1.2663621886078123e-13 8.9137460557114461e+05 2.7426712451715750e+05 1.0879869889452909e+17 8.8995821595597759e+27
1.2374409674958667e-13 8.9348572962879029e+05 2.7456315406425681e+05 1.0944565892111173e+17 9.1221594360861739e+27
1.2091802501782780e-13 8.9558772132704977e+05 2.7484274738915538e+05 1.1008295303294208e+17 9.3503771571788943e+27
1.1815649520477777e-13 8.9768010991082678e+05 2.7510554644487001e+05 1.1071014037088102e+17 9.5845844596911445e+27
1.1545803329998362e-13 8.9976255810642370e+05 2.7535124253766407e+05 1.1132684245544936e+17 9.8258531566856074e+27
1.1282119895649331e-13 9.0183420086986304e+05 2.7557950151086249e+05 1.1193255093235488e+17 1.0072447730688519e+28
1.1024458472204377e-13 9.0389454257351719e+05 2.7578998249146662e+05 1.1252682756430493e+17 1.0326297746702752e+28
1.0772681528781416e-13 9.0594303267672122e+05 2.7598240716312383e+05 1.1310926767955538e+17 1.0588199893804918e+28
1.0526654675433147e-13 9.0797851075198909e+05 2.7615641882125667e+05 1.1367927533970517e+17 1.0856789178882474e+28
1.0286246591414157e-13 9.1000052807226474e+05 2.7631164809665736e+05 1.1423639640436138e+17 1.1130625978649902e+28
1.0051328955086642e-13 9.1200851048681315e+05 2.7644775753585488e+05 1.1478017284459229e+17 1.1411947748617387e+28
9.8217763754265583e-14 9.1400189066223137e+05 2.7656439331844397e+05 1.1531013610608482e+17 1.1703819844515634e+28
9.5974663250940560e-14 9.1598031786507042e+05 2.7666125326423423e+05 1.1582590482597448e+17 1.2002293472105745e+28
9.3782790750328011e-14 9.1794264356492367e+05 2.7673808083635347e+05 1.1632695224060221e+17 1.2308544094105136e+28
9.1640976305625656e-14 9.1988812344473891e+05 2.7679450542242045e+05 1.1681275586384904e+17 1.2621561019806143e+28
8.9548076689313450e-14 9.2181628636140341e+05 2.7683016707778448e+05 1.1728286499036312e+17 1.2942092620466264e+28
8.7502974782940347e-14 9.2372638667003659e+05 2.7684473430875421e+05 1.1773678749609328e+17 1.3274613726603197e+28
8.5504578980841602e-14 9.2561795002495206e+05 2.7683784340918268e+05 1.1817407182509314e+17 1.3613777921847387e+28
8.3551822607479450e-14 9.2749049421136756e+05 2.7680920470528543e+05 1.1859432214377936e+17 1.3961429111058686e+28
8.1643663348086941e-14 9.2934302705192834e+05 2.7675855369235808e+05 1.1899704266097320e+17 1.4317048968608026e+28
7.9779082692314898e-14 9.3117508203088958e+05 2.7668554070125031e+05 1.1938180057863494e+17 1.4682651124044117e+28
7.7957085390588123e-14 9.3298613826050877e+05 2.7658990330210089e+05 1.1974821840360013e+17 1.5056199681263049e+28
7.6176698922872544e-14 9.3477518450065865e+05 2.7647141740587301e+05 1.2009583086111464e+17 1.5440333660025751e+28
7.4436972979579387e-14 9.3654176622431108e+05 2.7632974198599142e+05 1.2042422388262280e+17 1.5832457098949018e+28
7.2736978954321352e-14 9.3828533047299879e+05 2.7616468181624135e+05 1.2073307112559234e+17 1.6236321166677848e+28
7.1075809448253324e-14 9.4000458992782654e+05 2.7597609871540987e+05 1.2102190913851027e+17 1.6650786782384482e+28
6.9452577785735583e-14 9.4169894966429193e+05 2.7576361136939371e+05 1.2129026997909662e+17 1.7071709978030039e+28
6.7866417541055714e-14 9.4336786147126835e+05 2.7552689712241618e+05 1.2153774536964682e+17 1.7505356902793107e+28
6.6316482075959181e-14 9.4501046663614211e+05 2.7526569621687185e+05 1.2176389995060573e+17 1.7946269194281841e+28
6.4801944087744509e-14 9.4662620692679961e+05 2.7497963378189690e+05 1.2196829543638638e+17 1.8398994470370223e+28
6.3321995167676364e-14 9.4821459739194519e+05 2.7466839251039189e+05 1.2215056110278243e+17 1.8862886795154181e+28
6.1875845369483762e-14 9.4977484758402698e+05 2.7433177967609506e+05 1.2231034438907613e+17 1.9338876558253513e+28
6.0462722787715319e-14 9.5130643180270249e+05 2.7396947416183434e+05 1.2244727459877571e+17 1.9821571354493769e+28
5.9081873145721601e-14 9.5280901172638370e+05 2.7358122653625690e+05 1.2256108952728349e+17 2.0317150321345858e+28
5.7732559393047217e-14 9.5428156304826378e+05 2.7316718528151250e+05 1.2265163991399605e+17 2.0824392897263465e+28
5.6414061312020209e-14 9.5572322957720153e+05 2.7272715333358204e+05 1.2271857673466843e+17 2.1341143353337483e+28
5.5125675133322412e-14 9.5713354452513356e+05 2.7226081050019991e+05 1.2276157328120478e+17 2.1869943054488846e+28
5.3866713160343085e-14 9.5851182950254634e+05 2.7176812283124670e+05 1.2278045867730306e+17 2.2411859790157661e+28
5.2636503402109189e-14 9.5985709165377414e+05 2.7124901734999823e+05 1.2277495628372302e+17 2.2963399729813559e+28
5.1434389214598862e-14 9.6116875831032335e+05 2.7070314413147781e+05 1.2274471374749075e+17 2.3521820217695374e+28
5.0259728950248755e-14 9.6244630207501329e+05 2.7013025931841368e+05 1.2268947585792898e+17 2.4098172962188746e+28
4.9111895615462751e-14 9.6368889759963902e+05 2.6953031649462646e+05 1.2260905409443470e+17 2.4678504048096447e+28
4.7990276535945624e-14 9.6489595094364765e+05 2.6890302452423848e+05 1.2250316042907238e+17 2.5272592897125455e+28
4.6894273029677714e-14 9.6606702233299450e+05 2.6824810893801582e+05 1.2237157215571254e+17 2.5884208212303250e+28
4.5823300087358381e-14 9.6720143784101005e+05 2.6756574513281719e+05 1.2221432350115421e+17 2.6503855585546728e+28
4.4776786060149089e-14 9.6829835116927291e+05 2.6685592343432450e+05 1.2203128022339962e+17 2.7135381779515152e+28
4.3754172354546191e-14 9.6935723014229606e+05 2.6611835188281490e+05 1.2182221084016112e+17 2.7774086102996346e+28
4.2754913134222209e-14 9.7037764662081993e+05 2.6535290987321653e+05 1.2158704222394264e+17 2.8426782648980501e+28
4.1778475028678120e-14 9.7135877136697725e+05 2.6455994436693314e+05 1.2132591547485456e+17 2.9092110726782099e+28
4.0824336848547811e-14 9.7229992588466045e+05 2.6373926134234865e+05 1.2103865511995581e+17 2.9768128045470687e+28
3.9891989307404462e-14 9.7320059452910023e+05 2.6289060723196581e+05 1.2072510387820526e+17 3.0457306901921729e+28
3.8980934749921996e-14 9.7406030561172473e+05 2.6201405926571882e+05 1.2038535020564240e+17 3.1153666839615523e+28
3.8090686886242321e-14 9.7487826794033905e+05 2.6110989833827966e+05 1.2001953555927278e+17 3.1862118919059550e+28
3.7220770532411519e-14 9.7565388238366542e+05 2.6017788274406217e+05 1.1962751909373082e+17 3.2577833610167513e+28
3.6370721356742348e-14 9.7638667954823084e+05 2.5921780948247624e+05 1.1920923633193574e+17 3.3307310811226471e+28
3.5540085631969392e-14 9.7707618980881001e+05 2.5823002143699373e+05 1.1876499043225027e+17 3.4046801889987299e+28
3.4728419993065977e-14 9.7772169592513831e+05 2.5721474582829204e+05 1.1829494521891941e+17 3.4808660771181038e+28
3.3935291200589816e-14 9.7832262759184616e+05 2.5617176746636230e+05 1.1779903104046877e+17 3.5562774782561157e+28
3.3160275909435640e-14 9.7887855682103627e+05 2.5510094377766791e+05 1.1727728034172389e+17 3.6336258419880434e+28
3.2402960442867525e-14 9.7938907694917265e+05 2.5400286030494800e+05 1.1673020449800493e+17 3.7108634896079185e+28
3.1662940571711986e-14 9.7985352823690139e+05 2.5287774950126195e+05 1.1615802321110574e+17 3.7904525278682654e+28
3.0939821298595029e-14 9.8027133191981516e+05 2.5172543185713969e+05 1.1556073126124616e+17 3.8700733494997383e+28
3.0233216647105607e-14 9.8064204397296079e+05 2.5054579279998117e+05 1.1493841741551280e+17 3.9508749269426338e+28
2.9542749455774224e-14 9.8096534185156389e+05 2.4933942597858683e+05 1.1429165286690192e+17 4.0333446748315052e+28
2.8868051176757726e-14 9.8124064705847774e+05 2.4810661191854885e+05 1.1362074659192830e+17 4.1146463382927414e+28
2.8208761679120653e-14 9.8146740642782161e+05 2.4684721769431813e+05 1.1292577306550302e+17 4.1970349677741055e+28
2.7564529056609296e-14 9.8164520704679692e+05 2.4556116837372552e+05 1.1220689682973331e+17 4.2814225819888773e+28
2.6935009439816838e-14 9.8177392939426342e+05 2.4424919308826915e+05 1.1146485684706843e+17 4.3658852801469602e+28
2.6319866812637211e-14 9.8185313249871624e+05 2.4291196248365744e+05 1.1070026346625448e+17 4.4509654700603357e+28
2.5718772832910860e-14 9.8188223131404456e+05 2.4154937873383978e+05 1.0991323787339669e+17 4.5366086622030611e+28
2.5131406657167638e-14 9.8186073480476893e+05 2.4016138024913860e+05 1.0910396362062603e+17 4.6222064738899580e+28
2.4557454769370657e-14 9.8178843027047720e+05 2.3874830755943796e+05 1.0827294774964525e+17 4.7095166619400519e+28
2.3996610813572847e-14 9.8166510245662648e+05 2.3731103719635151e+05 1.0742100530077035e+17 4.7960719169416414e+28
2.3448575430394285e-14 9.8149019761224440e+05 2.3584956774278032e+05 1.0654835648310848e+17 4.8830097798961974e+28
2.2913056097234067e-14 9.8126323432512523e+05 2.3436387628977525e+05 1.0565524280881648e+17 4.9706840565224592e+28
2.2389766972132404e-14 9.8098395541196503e+05 2.3285410040813024e+05 1.0474207121704845e+17 5.0582597489470560e+28
2.1878428741197178e-14 9.8065257044490753e+05 2.3132151195534301e+05 1.0381000779758440e+17 5.1470988623013230e+28
2.1378768469516348e-14 9.8026868253544741e+05 2.2976648464041736e+05 1.0285954661106254e+17 5.2343894553359028e+28
2.0890519455474319e-14 9.7983179384174151e+05 2.2818903328749133e+05 1.0189096567971413e+17 5.3221748587158011e+28
2.0413421088395478e-14 9.7934152445684280e+05 2.2658921356304197e+05 1.0090460961527899e+17 5.4100450594912889e+28
1.9947218709439593e-14 9.7879800800000445e+05 2.2496773033533152e+05 9.9901317582588096e+16 5.4979623550562862e+28
1.9491663475673367e-14 9.7820148868802842e+05 2.2332592164283985e+05 9.8882280487222848e+16 5.5863105592028869e+28
1.9046512227246311e-14 9.7755147048432298e+05 2.2166388656751023e+05 9.7847830205846352e+16 5.6715296485511413e+28
1.8611527357600804e-14 9.7684750120322022e+05 2.1998169891248882e+05 9.6798307354370320e+16 5.7593681399621394e+28
1.8186476686645556e-14 9.7608926639854233e+05 2.1827948133014946e+05 9.5734125063463872e+16 5.8458486864225467e+28
1.7771133336825583e-14 9.7527718880590901e+05 2.1655836745640432e+05 9.4656406347534064e+16 5.9314865858721252e+28
1.7365275612023216e-14 9.7441127974572952e+05 2.1481919861281727e+05 9.3566000891304208e+16 6.0168407930276329e+28
1.6968686879223694e-14 9.7349109267617587e+05 2.1306208464393334e+05 9.2463270738867232e+16 6.1009871760100684e+28
1.6581155452884349e-14 9.7251625953236490e+05 2.1128715786347046e+05 9.1348618315005392e+16 6.1846980762890239e+28
1.6202474481943860e-14 9.7148662584353564e+05 2.0949465341418039e+05 9.0222559483507056e+16 6.2673056509523770e+28
1.5832441839412017e-14 9.7040316301991977e+05 2.0768625163360036e+05 8.9086586913365392e+16 6.3493681677292522e+28
1.5470860014481690e-14 9.6926595009528496e+05 2.0586278390369011e+05 8.7941530017896672e+16 6.4308936554794954e+28
1.5117536007103770e-14 9.6807458387684799e+05 2.0402441027490966e+05 8.6787774314874368e+16 6.5089222328205514e+28
1.4772281224970779e-14 9.6682872547907068e+05 2.0217130626555090e+05 8.5625734940982624e+16 6.5873692774067435e+28
1.4434911382852522e-14 9.6552819999047357e+05 2.0030371216377540e+05 8.4455903778047760e+16 6.6643749120434693e+28
1.4105246404230745e-14 9.6417395787008631e+05 1.9842311293682692e+05 8.3279608595813440e+16 6.7410288893729429e+28
1.3783110325180794e-14 9.6276621762605058e+05 1.9653038300863534e+05 8.2097692549911760e+16 6.8132099043074857e+28
1.3468331200447878e-14 9.6130463337062008e+05 1.9462572086103511e+05 8.0910552289351856e+16 6.8847510654228974e+28
1.3160741011668400e-14 9.5978892120000534e+05 1.9270933727134505e+05 7.9718608582899872e+16 6.9560593721700469e+28
1.2860175577687812e-14 9.5821891518079641e+05 1.9078147065446209e+05 7.8522326616209872e+16 7.0249758942603020e+28
1.2566474466926146e-14 9.5659561326701881e+05 1.8884342497320852e+05 7.7322895390582608e+16 7.0930276005787397e+28
1.2279480911744954e-14 9.5491994724408677e+05 1.8689667874538840e+05 7.6121525767176032e+16 7.1568855656729772e+28
1.1999041724770400e-14 9.5319162558848772e+05 1.8494146562822603e+05 7.4918599557694688e+16 7.2197248366608249e+28
1.1725007217126900e-14 9.5141039154480875e+05 1.8297802048133715e+05 7.3714508897096784e+16 7.2808780979959259e+28
1.1457231118538169e-14 9.4957605681164470e+05 1.8100658869041709e+05 7.2509667192560112e+16 7.3398675019614888e+28
1.1195570499253468e-14 9.4768885239833093e+05 1.7902769298032008e+05 7.1304692582481456e+16 7.3947389593228364e+28
1.0939885693756198e-14 9.4575012631972390e+05 1.7704292905322855e+05 7.0100856074443072e+16 7.4486324306394173e+28
1.0690040226215535e-14 9.4375991259360639e+05 1.7505275099939693e+05 6.8898658612918576e+16 7.5001339587630652e+28
1.0445900737640148e-14 9.4171842063483864e+05 1.7305768673366870e+05 6.7698660679355208e+16 7.5477100324650281e+28
1.0207336914695582e-14 9.3962626838009700e+05 1.7105865084102203e+05 6.6501642786794904e+16 7.5944866933213092e+28
9.9742214201477500e-15 9.3748339327951206e+05 1.6905594349462725e+05 6.5307992837725664e+16 7.6390516628966251e+28
9.7464298248943204e-15 9.3529048744679510e+05 1.6705041215464639e+05 6.4118452329288368e+16 7.6803366102105197e+28
9.5238405415489943e-15 9.3304845030393696e+05 1.6504315101692054e+05 6.2933869215402312e+16 7.7186590057926832e+28
9.3063347595421789e-15 9.3075722078828549e+05 1.6303443786529929e+05 6.1754578200287536e+16 7.7525264933812822e+28
9.0937963817038467e-15 9.2841752920400724e+05 1.6102511777344174e+05 6.0581267212605248e+16 7.7845434087166995e+28
8.8861119622950472e-15 9.2603002204382140e+05 1.5901602616391561e+05 5.9414579312727816e+16 7.8121931762306887e+28
8.6831706464543330e-15 9.2359465763705177e+05 1.5700742890966104e+05 5.8254808360278008e+16 7.8404987797475217e+28
8.4848641110271021e-15 9.2111211888319487e+05 1.5500008909343116e+05 5.7102550125048440e+16 7.8644586979413557e+28
8.2910865067466053e-15 9.1858293505799759e+05 1.5299468719564730e+05 5.5958321388570864e+16 7.8842272161130964e+28
8.1017344017351153e-15 9.1600712635571149e+05 1.5099148323949290e+05 5.4822389646859480e+16 7.9015790995618065e+28
7.9167067262954120e-15 9.1338580863966432e+05 1.4899146184631885e+05 5.3695451885546504e+16 7.9132077696373101e+28
7.7359047189634282e-15 9.1071989540210052e+05 1.4699552290265512e+05 5.2578109198220160e+16 7.9263226064957067e+28
7.5592318737926421e-15 9.0800941058729507e+05 1.4500391286209074e+05 5.1470574291374184e+16 7.9342711529688943e+28
7.3865938888424051e-15 9.0525503131873684e+05 1.4301727473395070e+05 5.0373292177149888e+16 7.9386066556794766e+28
7.2178986158429975e-15 9.0245752538938180e+05 1.4103633497644827e+05 4.9286728276141456e+16 7.9403243344302866e+28
7.0530560110097832e-15 8.9961696931551013e+05 1.3906132693968641e+05 4.8211062482978088e+16 7.9388605880623571e+28
6.8919780869811397e-15 8.9673428176772979e+05 1.3709296129414270e+05 4.7146751574498312e+16 7.9333287876247765e+28
6.7345788658535760e-15 8.9381106649656023e+05 1.3513242784146452e+05 4.6094478653837792e+16 7.9235775551394593e+28
6.5807743332898606e-15 8.9084744332453515e+05 1.3317996930842340e+05 4.5054378082806184e+16 7.9144038688575899e+28
6.4304823936749431e-15 8.8784379575625597e+05 1.3123594615166864e+05 4.4026654167492224e+16 7.8998715343066882e+28
6.2836228262960381e-15 8.8480128432540584e+05 1.2930119273126383e+05 4.3011752587290488e+16 7.8830020893196706e+28
6.1401172425237023e-15 8.8172013331361744e+05 1.2737597335456498e+05 4.2009792327388768e+16 7.8617409884637901e+28
5.9998890439705759e-15 8.7860060669014778e+05 1.2546053292146124e+05 4.1020887145913520e+16 7.8385272506985702e+28
5.8628633816057044e-15 8.7544431259060616e+05 1.2355587097002364e+05 4.0045541907447352e+16 7.8117431233978507e+28
5.7289671158028247e-15 8.7225183605411754e+05 1.2166242234208352e+05 3.9083930611311600e+16 7.7816346645860918e+28
5.5981287773008504e-15 8.6902333264994132e+05 1.1978034842279216e+05 3.8136082968174320e+16 7.7489062124527738e+28
5.4702785290559493e-15 8.6575983222523006e+05 1.1791025221009528e+05 3.7202258930446408e+16 7.7117340936229342e+28
5.3453481289650542e-15 8.6246240629178204e+05 1.1605277923766393e+05 3.6282712937752408e+16 7.6729657247204163e+28
5.2232708934404756e-15 8.5913121537711471e+05 1.1420806466359987e+05 3.5377430487831520e+16 7.6328570877548161e+28
5.1039816618164203e-15 8.5576670767428703e+05 1.1237636125024073e+05 3.4486460647528980e+16 7.5870230362502385e+28
4.9874167615685985e-15 8.5237024112457084e+05 1.1055838599419498e+05 3.3610071582956704e+16 7.5423689757048360e+28
4.8735139743278304e-15 8.4894213694207277e+05 1.0875432225061310e+05 3.2748250104493472e+16 7.4933718946830839e+28
4.7622125026701672e-15 8.4548260481267399e+05 1.0696426884100266e+05 3.1900944686405700e+16 7.4409997747058350e+28
4.6534529376651431e-15 8.4199299525821034e+05 1.0518885185064067e+05 3.1068359660723968e+16 7.3861921398646675e+28
4.5471772271654456e-15 8.3847433210213040e+05 1.0342855264106957e+05 3.0250604788542692e+16 7.3290614663983911e+28
4.4433286448206034e-15 8.3492682910956582e+05 1.0168343945332739e+05 2.9447588124149080e+16 7.2696210995692350e+28
4.3418517597983386e-15 8.3135107579547365e+05 9.9953718924034343e+04 2.8659289403315420e+16 7.2080187415649407e+28
4.2426924071975897e-15 8.2774926501471712e+05 9.8240330724583284e+04 2.7886015717936460e+16 7.1437399369699198e+28
4.1457976591370770e-15 8.2412193461746804e+05 9.6543462989783235e+04 2.7127701033415000e+16 7.0778141818337301e+28
4.0511157965041552e-15 8.2046931834619213e+05 9.4863145941533541e+04 2.6384208052931284e+16 7.0072401155987998e+28
3.9585962813490184e-15 8.1679231259069161e+05 9.3199672498013431e+04 2.5655521738091956e+16 6.9395321706720985e+28
3.8681897299092095e-15 8.1309220566184318e+05 9.1553511202554990e+04 2.4941690751289600e+16 6.8678603356576821e+28
3.7798478862502085e-15 8.0936924548547971e+05 8.9924671268094608e+04 2.4242552398848824e+16 6.7935416712607752e+28
3.6935235965081540e-15 8.0562369647482515e+05 8.8313150614669052e+04 2.3557943211046656e+16 6.7179611001372242e+28
3.6091707837206704e-15 8.0185683416122070e+05 8.6719342844291896e+04 2.2887871885212872e+16 6.6408797796412587e+28
3.5267444232325131e-15 7.9806948542564479e+05 8.5143462169386883e+04 2.2232256291256480e+16 6.5625079392807725e+28
3.4462005186630304e-15 7.9426189758384216e+05 8.3585472361967288e+04 2.1590907223519144e+16 6.4817479257730673e+28
3.3674960784223519e-15 7.9043449685730995e+05 8.2045384932611123e+04 2.0963661461934396e+16 6.4002403509591253e+28
3.2905890927639030e-15 7.8658949379494891e+05 8.0523882186914154e+04 2.0350630000973672e+16 6.3157110960944796e+28
3.2154385113611301e-15 7.8272769306605938e+05 7.9021117478459084e+04 1.9751685441652748e+16 6.2330369056108796e+28
3.1420042213961282e-15 7.7884934151252813e+05 7.7537020640404880e+04 1.9166609418730748e+16 6.1484022470215121e+28
3.0702470261488918e-15 7.7495478199681442e+05 7.6071544700749975e+04 1.8595197088865292e+16 6.0622579602364333e+28
3.0001286240753394e-15 7.7104490566148143e+05 7.4624833971660162e+04 1.8037319801218648e+16 5.9759410024534756e+28
2.9316115883633456e-15 7.6712007454235875e+05 7.3196838212141549e+04 1.7492769664656148e+16 5.8879083061692444e+28
2.8646593469555428e-15 7.6318052557986870e+05 7.1787452610804248e+04 1.6961321297726990e+16 5.7992381978823191e+28
2.7992361630283719e-15 7.5922676343589020e+05 7.0396646001070781e+04 1.6442783574788066e+16 5.7104484402317462e+28
2.7353071159170559e-15 7.5526060603168677e+05 6.9024824950109047e+04 1.5937128103768000e+16 5.6208859971021875e+28
2.6728380824761013e-15 7.5128255338008900e+05 6.7671953247462137e+04 1.5444150318841002e+16 5.5307299607539086e+28
2.6117957188654957e-15 7.4729285032417183e+05 6.6337897568807355e+04 1.4963613442633398e+16 5.4398461435596051e+28
2.5521474427529691e-15 7.4329196391607763e+05 6.5022581836168953e+04 1.4495307525847180e+16 5.3491192558523833e+28
2.4938614159226217e-15 7.3928177276706067e+05 6.3726370355197403e+04 1.4039180149241772e+16 5.2579572211755551e+28
2.4369065272807395e-15 7.3526284292439220e+05 6.2449214701719458e+04 1.3595022065654490e+16 5.1665853215039039e+28
2.3812523762498158e-15 7.3123540409304993e+05 6.1190955254682187e+04 1.3162587725644160e+16 5.0753460095994135e+28
2.3268692565417277e-15 7.2719973257018614e+05 5.9951439193269536e+04 1.2741639140482496e+16 4.9840441866843390e+28
2.2737281403015041e-15 7.2315678564402764e+05 5.8730709341791240e+04 1.2332008651270918e+16 4.8927289243048690e+28
2.2218006626133126e-15 7.1910702598001680e+05 5.7528662085708442e+04 1.1933477305381824e+16 4.8013242308004389e+28
2.1710591063601611e-15 7.1505066273590538e+05 5.6345114696015611e+04 1.1545803296512954e+16 4.7101355471960645e+28
2.1214763874295099e-15 7.1098791439951037e+05 5.5179879481208554e+04 1.1168748926199014e+16 4.6197725221209954e+28
2.0730260402566669e-15 7.0692016980075382e+05 5.4033081492234720e+04 1.0802183074122268e+16 4.5291857583955305e+28
2.0256822036983470e-15 7.0284844378097903e+05 5.2904745664127666e+04 1.0445936571946428e+16 4.4391159952618230e+28
1.9794196072289361e-15 6.9877293795793201e+05 5.1794670274513002e+04 1.0099768980851452e+16 4.3495190458171216e+28
1.9342135574518784e-15 6.9469384841673844e+05 5.0702647897006595e+04 9.7634434636640700e+15 4.2605788955666519e+28
1.8900399249192402e-15 6.9061200957556081e+05 4.9628625429848566e+04 9.4367769518521440e+15 4.1721927587215803e+28
1.8468751312522100e-15 6.8652896359172312e+05 4.8572732270246677e+04 9.1196401364336780e+15 4.0841838942754554e+28
1.8046961365557400e-15 6.8244494597410120e+05 4.7534763935297859e+04 8.8118005538789240e+15 3.9972949320771375e+28
1.7634804271206827e-15 6.7836013654159778e+05 4.6514501559652585e+04 8.5130260744249900e+15 3.9104085577169712e+28
1.7232060034067163e-15 6.7427471491774765e+05 4.5511725371452427e+04 8.2230892119129200e+15 3.8246379768033702e+28
1.6838513682997199e-15 6.7018888000089477e+05 4.4526220611061392e+04 7.9417685573939200e+15 3.7394586318525170e+28
1.6453955156373893e-15 6.6610279682293360e+05 4.3557763128984283e+04 7.6688447838300740e+15 3.6554469981128154e+28
1.6078179189968424e-15 6.6201660478542885e+05 4.2606121734620952e+04 7.4041015772890890e+15 3.5721989286407127e+28
1.5710985207382948e-15 6.5793043842196814e+05 4.1671059243529824e+04 7.1473267003828890e+15 3.4899239171250424e+28
1.5352177212990160e-15 6.5384587740261888e+05 4.0752644004412592e+04 6.8983983064834550e+15 3.4082297439706017e+28
1.5001563687317299e-15 6.4976536884411494e+05 3.9851138127126949e+04 6.6572411122271290e+15 3.3285724233828586e+28
1.4658957484819409e-15 6.4568910506580863e+05 3.8966309907245137e+04 6.4236428604281860e+15 3.2486818606924181e+28
1.4324175733987857e-15 6.4161723878015159e+05 3.8097920920006909e+04 6.1973940462348010e+15 3.1695764896043066e+28
1.3997039739739272e-15 6.3754989141039771e+05 3.7245729244518734e+04 5.9782886472897370e+15 3.0928447655677411e+28
1.3677374888034679e-15 6.3348682164581236e+05 3.6409422461769645e+04 5.7661072239071340e+15 3.0163903537563422e+28
1.3365010552676013e-15 6.2942799861013482e+05 3.5588732310632971e+04 5.5606478003908100e+15 2.9413251169015820e+28
1.3059780004232072e-15 6.2537351977290178e+05 3.4783418539499842e+04 5.3617203200695380e+15 2.8670468903348750e+28
1.2761520321043861e-15 6.2132347095018136e+05 3.3993240131402912e+04 5.1691390015622530e+15 2.7942690074844456e+28
1.2470072302262402e-15 6.1727802908710076e+05 3.3217973461594462e+04 4.9827268836660910e+15 2.7223813525445591e+28
1.2185280382873081e-15 6.1323770979681227e+05 3.2457459243370336e+04 4.8023261033132270e+15 2.6517283828560051e+28
1.1906992550660171e-15 6.0920262564010848e+05 3.1711464643881987e+04 4.6277641085235370e+15 2.5822294696166010e+28
1.1635060265067758e-15 6.0517282548147917e+05 3.0979745531483688e+04 4.4588700330800250e+15 2.5143252597322097e+28
1.1369338377914151e-15 6.0114834242952219e+05 3.0262054079204212e+04 4.2954769749217810e+15 2.4465430686898788e+28
1.1109685055916584e-15 5.9713057783383597e+05 2.9558367821803542e+04 4.1374747714094245e+15 2.3805544908354379e+28
1.0855961704985305e-15 5.9312257503747020e+05 2.8868946798126206e+04 3.9848136981072175e+15 2.3165619549936991e+28
1.0608032896247057e-15 5.8912452950391115e+05 2.8193565123109634e+04 3.8373322180872910e+15 2.2521985199814948e+28
1.0365766293757621e-15 5.8513652100512967e+05 2.7531980285200039e+04 3.6948689109305605e+15 2.1899193275076543e+28
1.0129032583865274e-15 5.8115862215815473e+05 2.6883952295679548e+04 3.5572667995851080e+15 2.1295488272267416e+28
9.8977054061878349e-16 5.7719067806541314e+05 2.6249210335384527e+04 3.4243660940831305e+15 2.0688695538370248e+28
9.6716612861656596e-16 5.7323238287856418e+05 2.5627462833106903e+04 3.2960073191941210e+15 2.0103703398932353e+28
9.4507795691550233e-16 5.6928375972683448e+05 2.5018473548739013e+04 3.1720469376325710e+15 1.9526743492892549e+28
9.2349423560270548e-16 5.6534482558362116e+05 2.4422008173002872e+04 3.0523454598530645e+15 1.8970898083227074e+28
9.0240344402369017e-16 5.6141558195598610e+05 2.3837833034696483e+04 2.9367671782554450e+15 1.8414219726548161e+28
8.8179432463306952e-16 5.5749640702108608e+05 2.3265768837232074e+04 2.8251908447719445e+15 1.7875042799707915e+28
8.6165587698563285e-16 5.5358799963346380e+05 2.2705685246382043e+04 2.7175067693451945e+15 1.7353521661193761e+28
8.4197735186470735e-16 5.4969037721630977e+05 2.2157356967214775e+04 2.6135890360172710e+15 1.6836000718337816e+28
8.2274824554458266e-16 5.4580376681071846e+05 2.1620590040001473e+04 2.5133208903960295e+15 1.6328436105189370e+28
8.0395829418396960e-16 5.4192825896644336e+05 2.1095174560406544e+04 2.4165852510234225e+15 1.5835924542423223e+28
