8.0395829418396959e-13 8.4367544923430448e+05 2.9354837559951673e+05 1.1061486403926528e+17 1.9654036666987629e+27
7.8559746834753246e-13 8.4519495768655196e+05 2.9415143148483866e+05 1.1133038609257477e+17 1.9909148869970210e+27
7.6765596765250801e-13 8.4672981807439704e+05 2.9475431613940757e+05 1.1205081036517072e+17 2.0172810092724367e+27
7.5012421553758558e-13 8.4828003508913936e+05 2.9535693439127569e+05 1.1277609941365246e+17 2.0444431213150935e+27
7.3299285415128468e-13 8.4984533602903946e+05 2.9595909898306447e+05 1.1350609914257408e+17 2.0724686085159984e+27
7.1625273935704306e-13 8.5142543722550524e+05 2.9656061490835884e+05 1.1424064450333053e+17 2.1013673573324179e+27
6.9989493585237990e-13 8.5302012659631413e+05 2.9716129211285774e+05 1.1497958109421693e+17 2.1311203499033340e+27
6.8391071239955609e-13 8.5462934227882419e+05 2.9776098396346811e+05 1.1572280978062670e+17 2.1618413172903402e+27
6.6829153716511489e-13 8.5625321929459972e+05 2.9835961891596409e+05 1.1647032378823128e+17 2.1934900162216010e+27
6.5302907316589952e-13 8.5789161401194683e+05 2.9895705937330349e+05 1.1722202162285411e+17 2.2261699385826115e+27
6.3811517381904706e-13 8.5954423101421283e+05 2.9955311162170715e+05 1.1797772998785928e+17 2.2597823222966174e+27
6.2354187859361313e-13 8.6121076306697750e+05 3.0014756500595342e+05 1.1873725510310224e+17 2.2944672402599979e+27
6.0930140876152718e-13 8.6289114748757880e+05 3.0074027991035802e+05 1.1950049783450755e+17 2.3302334776760659e+27
5.9538616324556484e-13 8.6458530802555080e+05 3.0133112052525219e+05 1.2026735956400973e+17 2.3671215611194374e+27
5.8178871456214496e-13 8.6629301666580921e+05 3.0191990004324418e+05 1.2103767353639888e+17 2.4051220979256708e+27
5.6850180485680912e-13 8.6801429980642803e+05 3.0250650764886581e+05 1.2181137515933029e+17 2.4442505720247283e+27
5.5551834203020698e-13 8.6974907502013096e+05 3.0309082195192773e+05 1.2258837543871976e+17 2.4844891454976060e+27
5.4283139595259256e-13 8.7149700095957180e+05 3.0367263584281621e+05 1.2336846953076371e+17 2.5261354406893450e+27
5.3043419476474946e-13 8.7325806458688842e+05 3.0425183215003199e+05 1.2415157778793326e+17 2.5691340666591907e+27
5.1832012126339740e-13 8.7503215088544565e+05 3.0482829023915977e+05 1.2493760575249050e+17 2.6132364193103735e+27
5.0648270936916735e-13 8.7681891271441232e+05 3.0540180562933197e+05 1.2572634351102941e+17 2.6586755577023814e+27
4.9491564067522283e-13 8.7861838480904710e+05 3.0597228018101119e+05 1.2651773307493731e+17 2.7057087313666755e+27
4.8361274107470329e-13 8.8043059109574510e+05 3.0653963378932828e+05 1.2731173393910483e+17 2.7540682087476383e+27
4.7256797746521049e-13 8.8225543679413863e+05 3.0710377729439008e+05 1.2810828021401232e+17 2.8036441889871299e+27
4.6177545452852868e-13 8.8409259610890842e+05 3.0766458089554944e+05 1.2890723321222586e+17 2.8552425717263661e+27
4.5122941158391827e-13 8.8594174110964988e+05 3.0822188920786761e+05 1.2970842828949075e+17 2.9081639606219305e+27
4.4092421951325472e-13 8.8780312742833130e+05 3.0877571793018811e+05 1.3051194802687282e+17 2.9627467777565692e+27
4.3085437775639206e-13 8.8967696859906137e+05 3.0932613756978477e+05 1.3131792487152882e+17 3.0189274257271266e+27
4.2101451137516242e-13 8.9156351998794393e+05 3.0987333112594829e+05 1.3212661329902942e+17 3.0768144970595125e+27
4.1139936818441155e-13 8.9346275369533652e+05 3.1041759621558042e+05 1.3293834355666203e+17 3.1365052598444441e+27
4.0200381594855675e-13 8.9537271105456608e+05 3.1095925722187589e+05 1.3375319496952845e+17 3.1978922001950694e+27
3.9282283964218600e-13 8.9727483947102306e+05 3.1149401875590405e+05 1.3456419304854960e+17 3.2604030747263957e+27
3.8385153877319545e-13 8.9916954118028888e+05 3.1201986616200814e+05 1.3536931460677350e+17 3.3240124326479159e+27
3.7508512476708503e-13 9.0107240516843006e+05 3.1253938149582170e+05 1.3617340164732634e+17 3.3896251096177168e+27
3.6651891841097572e-13 9.0298368431568285e+05 3.1305249627642886e+05 1.3697642458319760e+17 3.4571483007266976e+27
3.5814834735600098e-13 9.0490289855876158e+05 3.1355892041084287e+05 1.3777802042033058e+17 3.5267645764295845e+27
3.4996894367675177e-13 9.0682984223349020e+05 3.1405842185463157e+05 1.3857792292002851e+17 3.5984056053389520e+27
3.4197634148644563e-13 9.0876433096590498e+05 3.1455077977992169e+05 1.3937587848073504e+17 3.6721957655934020e+27
3.3416627460656126e-13 9.1070599584579293e+05 3.1503573463789618e+05 1.4017156334228130e+17 3.7481843908235255e+27
3.2653457428970620e-13 9.1265455196140357e+05 3.1551304779977776e+05 1.4096468533801757e+17 3.8264280673917947e+27
3.1907716699447724e-13 9.1460947531064844e+05 3.1598240254503675e+05 1.4175483175467866e+17 3.9070626427116835e+27
3.1179007221113923e-13 9.1657070794903324e+05 3.1644355045601947e+05 1.4254173116823350e+17 3.9900344755626396e+27
3.0466940033697372e-13 9.1853833407651144e+05 3.1689630211402453e+05 1.4332519429712717e+17 4.0755863009269190e+27
2.9771135060013152e-13 9.2051207335981913e+05 3.1734043455694063e+05 1.4410493804888706e+17 4.1637075526700379e+27
2.9091220903091890e-13 9.2249166580525693e+05 3.1777572706389718e+05 1.4488068321772963e+17 4.2544809997815672e+27
2.8426834647940371e-13 9.2447646077373717e+05 3.1820190897505300e+05 1.4565203125853101e+17 4.3479839719841863e+27
2.7777621667829500e-13 9.2646599353334960e+05 3.1861867750851065e+05 1.4641857802946550e+17 4.4441656318341330e+27
2.7143235435007391e-13 9.2846001316874742e+05 3.1902576245180290e+05 1.4717998616242221e+17 4.5432632487808123e+27
2.6523337335734285e-13 9.3045832939493179e+05 3.1942289445940941e+05 1.4793592783739747e+17 4.6454758008920429e+27
2.5917596489541772e-13 9.3246088757280051e+05 3.1980984235533501e+05 1.4868613784306845e+17 4.7506516187970849e+27
2.5325689572620839e-13 9.3446758082516852e+05 3.2018641629573639e+05 1.4943038389770934e+17 4.8589586392797122e+27
2.4747300645241784e-13 9.3647749238867196e+05 3.2055232438241423e+05 1.5016818313320998e+17 4.9706201486750755e+27
2.4182120983117104e-13 9.3849019891795237e+05 3.2090724614419282e+05 1.5089910632111542e+17 5.0855033424531913e+27
2.3629848912614671e-13 9.4050565007493366e+05 3.2125091438571928e+05 1.5162284515509933e+17 5.2038315258272568e+27
2.3090189649734352e-13 9.4252372960502550e+05 3.2158309654623742e+05 1.5233911527219610e+17 5.3256097672729704e+27
2.2562855142762949e-13 9.4454386858632322e+05 3.2190352612455067e+05 1.5304751229017565e+17 5.4513460140105662e+27
2.2047563918521709e-13 9.4656573664319387e+05 3.2221191150864214e+05 1.5374764888085379e+17 5.5805403303447744e+27
2.1544040932125280e-13 9.4858917505259637e+05 3.2250799379254307e+05 1.5443920175302838e+17 5.7137485864693360e+27
2.1052017420172673e-13 9.5061407121726463e+05 3.2279155582942587e+05 1.5512190059998515e+17 5.8508604195247805e+27
2.0571230757290243e-13 9.5263971262663638e+05 3.2306236896266858e+05 1.5579534800292733e+17 5.9921439787021835e+27
2.0101424315950971e-13 9.5466555580983055e+05 3.2332013675285893e+05 1.5645910507611632e+17 6.1375805427463372e+27
1.9642347329496030e-13 9.5669113209384296e+05 3.2356457848547731e+05 1.5711276124804838e+17 6.2873491885666284e+27
1.9193754758283432e-13 9.5871591995258583e+05 3.2379535254370223e+05 1.5775582949422496e+17 6.4414983742358726e+27
1.8755407158894795e-13 9.6073979606780212e+05 3.2401211168536998e+05 1.5838789683268986e+17 6.6002815882648941e+27
1.8327070556328355e-13 9.6276291107244522e+05 3.2421458376040281e+05 1.5900868214051539e+17 6.7636235014545449e+27
1.7908516319110873e-13 9.6478501887045056e+05 3.2440256776906020e+05 1.5961790352400410e+17 6.9318796471277214e+27
1.7499521037262478e-13 9.6680533985189022e+05 3.2457582068758277e+05 1.6021512590537437e+17 7.1053476720051513e+27
1.7099866403047436e-13 9.6882360355570342e+05 3.2473408314073709e+05 1.6079999831999498e+17 7.2836273194048975e+27
1.6709339094449448e-13 9.7083909760062955e+05 3.2487709531613789e+05 1.6137207843691069e+17 7.4673722561491935e+27
1.6327730661307397e-13 9.7285140306199191e+05 3.2500452396919951e+05 1.6193090546925072e+17 7.6563826486342372e+27
1.5954837414051565e-13 9.7486037240273354e+05 3.2511603349796042e+05 1.6247607441219942e+17 7.8509729143429911e+27
1.5590460314981504e-13 9.7686590451156383e+05 3.2521133859457809e+05 1.6300724517148285e+17 8.0513655881989269e+27
1.5234404872026269e-13 9.7886772600336920e+05 3.2529021940948075e+05 1.6352411184512029e+17 8.2573797087313927e+27
1.4886481034931015e-13 9.8086527284423856e+05 3.2535244690879341e+05 1.6402629651903434e+17 8.4697550631587914e+27
1.4546503093815020e-13 9.8285832998450554e+05 3.2539779782151215e+05 1.6451350255096832e+17 8.6883841915094594e+27
1.4214289580045901e-13 9.8484598220373050e+05 3.2542609161238756e+05 1.6498532726281818e+17 8.9132071340852172e+27
1.3889663169377659e-13 9.8682770569105912e+05 3.2543699416726420e+05 1.6544128912577846e+17 9.1445148785061302e+27
1.3572450587301461e-13 9.8880340358882921e+05 3.2543011731576704e+05 1.6588094706446480e+17 9.3826288136704441e+27
1.3262482516557153e-13 9.9077323323776165e+05 3.2540516851893952e+05 1.6630402394043123e+17 9.6274400696130056e+27
1.2959593506757878e-13 9.9273701343310333e+05 3.2536204800133902e+05 1.6671037182425789e+17 9.8793967084938446e+27
1.2663621886078123e-13 9.9469329297195282e+05 3.2530075123071350e+05 1.6709964827164442e+17 1.0138779204959437e+28
1.2374409674958667e-13 9.9664140794115083e+05 3.2522093731164403e+05 1.6747133972096298e+17 1.0405360124368157e+28
1.2091802501782780e-13 9.9858116173528833e+05 3.2512216451195412e+05 1.6782493517269584e+17 1.0679356280266095e+28
1.1815649520477777e-13 1.0005125748206109e+06 3.2500406530238048e+05 1.6816005734019078e+17 1.0961124908135920e+28
1.1545803329998362e-13 1.0024354284213567e+06 3.2486638920541952e+05 1.6847640122349600e+17 1.1251184799325136e+28
1.1282119895649331e-13 1.0043492168732786e+06 3.2470896754246432e+05 1.6877367984866310e+17 1.1549117996171950e+28
1.1024458472204377e-13 1.0062536460414365e+06 3.2453156771721056e+05 1.6905159372839654e+17 1.1855653083989679e+28
1.0772681528781416e-13 1.0081483387581527e+06 3.2433407949504611e+05 1.6930995368982544e+17 1.2170843467314494e+28
1.0526654675433147e-13 1.0100322839895097e+06 3.2411642066168401e+05 1.6954844537093395e+17 1.2494867188424618e+28
1.0286246591414157e-13 1.0119050660865019e+06 3.2387826715927606e+05 1.6976664912851683e+17 1.2827406459659794e+28
1.0051328955086642e-13 1.0137664469628774e+06 3.2361924438546825e+05 1.6996414182938109e+17 1.3169368195655409e+28
9.8217763754265583e-14 1.0156162970583828e+06 3.2333905461685825e+05 1.7014061175727658e+17 1.3520544094518804e+28
9.5974663250940560e-14 1.0174544359228347e+06 3.2303752789216861e+05 1.7029587525171763e+17 1.3881707016060551e+28
9.3782790750328011e-14 1.0192799357926768e+06 3.2271475080462144e+05 1.7042982117247254e+17 1.4252509036701155e+28
9.1640976305625656e-14 1.0210921171404347e+06 3.2237049955106934e+05 1.7054208498362336e+17 1.4633156953648846e+28
8.9548076689313450e-14 1.0228905923920205e+06 3.2200443400512362e+05 1.7063225967333299e+17 1.5024027945148820e+28
8.7502974782940347e-14 1.0246751494762932e+06 3.2161619033618650e+05 1.7069996488216893e+17 1.5425358732388136e+28
8.5504578980841602e-14 1.0264455412715597e+06 3.2120549968273740e+05 1.7074491544674723e+17 1.5837476395919434e+28
8.3551822607479450e-14 1.0282014856255738e+06 3.2077218902567995e+05 1.7076692023437786e+17 1.6260305740123148e+28
8.1643663348086941e-14 1.0299424242127028e+06 3.2031618650659907e+05 1.7076582285703824e+17 1.6694411704860310e+28
7.9779082692314898e-14 1.0316680736878418e+06 3.1983727385018428e+05 1.7074139472082682e+17 1.7140316671884255e+28
7.7957085390588123e-14 1.0333781599284274e+06 3.1933534516759199e+05 1.7069352866620045e+17 1.7596951394840777e+28
7.6176698922872544e-14 1.0350721009763629e+06 3.1881039926944737e+05 1.7062214457642362e+17 1.8066096344517194e+28
7.4436972979579387e-14 1.0367496500969194e+06 3.1826226174951909e+05 1.7052708294454349e+17 1.8547049822598656e+28
7.2736978954321352e-14 1.0384104899803265e+06 3.1769099350579281e+05 1.7040840467050611e+17 1.9040485302515454e+28
7.1075809448253324e-14 1.0400535622276601e+06 3.1709686347395199e+05 1.7026617864196672e+17 1.9545603274240620e+28
6.9452577785735583e-14 1.0416783276597712e+06 3.1647961985940847e+05 1.7010009519957078e+17 2.0064141261234980e+28
6.7866417541055714e-14 1.0432843538841085e+06 3.1583897123160190e+05 1.6990983937633379e+17 2.0594398118304894e+28
6.6316482075959181e-14 1.0448713192214345e+06 3.1517457697830908e+05 1.6969508490012096e+17 2.1137659896559118e+28
6.4801944087744509e-14 1.0464388385174735e+06 3.1448618934031361e+05 1.6945559140794819e+17 2.1694712494830371e+28
6.3321995167676364e-14 1.0479865736315382e+06 3.1377356629484880e+05 1.6919113972488547e+17 2.2264449789667014e+28
6.1875845369483762e-14 1.0495143375091006e+06 3.1303643067497184e+05 1.6890152948480618e+17 2.2847561665225036e+28
6.0462722787715319e-14 1.0510219718973986e+06 3.1227463092820032e+05 1.6858669990414662e+17 2.3445983927601017e+28
5.9081873145721601e-14 1.0525094411353972e+06 3.1148815069809544e+05 1.6824676252186714e+17 2.4057919768052932e+28
5.7732559393047217e-14 1.0539760614524819e+06 3.1067762310217205e+05 1.6788227820570554e+17 2.4684192169330824e+28
5.6414061312020209e-14 1.0554212152648484e+06 3.0984316824345646e+05 1.6749332621345350e+17 2.5325249350501577e+28
5.5125675133322412e-14 1.0568446119972549e+06 3.0898466150947154e+05 1.6707984682036755e+17 2.5980095785642483e+28
5.3866713160343085e-14 1.0582458474645612e+06 3.0810224718582351e+05 1.6664201052892557e+17 2.6650586101543153e+28
5.2636503402109189e-14 1.0596242699953723e+06 3.0719605039734341e+05 1.6617990051919834e+17 2.7333999325380052e+28
5.1434389214598862e-14 1.0609794602393538e+06 3.0626591569914029e+05 1.6569340243996973e+17 2.8033250283745292e+28
5.0259728950248755e-14 1.0623110138977913e+06 3.0531166952672956e+05 1.6518239713423059e+17 2.8747050497404572e+28
4.9111895615462751e-14 1.0636186523435425e+06 3.0433309646460938e+05 1.6464676860281318e+17 2.9476104756735736e+28
4.7990276535945624e-14 1.0649020983997304e+06 3.0333008994391019e+05 1.6408651414613357e+17 3.0221058944347607e+28
4.6894273029677714e-14 1.0661611571544749e+06 3.0230260495135537e+05 1.6350171849003939e+17 3.0981403020241785e+28
4.5823300087358381e-14 1.0673954835372306e+06 3.0125097741590434e+05 1.6289278085211622e+17 3.1757014892836164e+28
4.4776786060149089e-14 1.0686046127170890e+06 3.0017540850548714e+05 1.6225993878384048e+17 3.2547919343920956e+28
4.3754172354546191e-14 1.0697882708395694e+06 2.9907585349195503e+05 1.6160326549364125e+17 3.3355507043294673e+28
4.2754913134222209e-14 1.0709462565389404e+06 2.9795238917510933e+05 1.6092297031687491e+17 3.4177965786380006e+28
4.1778475028678120e-14 1.0720781101611769e+06 2.9680544825290551e+05 1.6021951380146934e+17 3.5016968014219514e+28
4.0824336848547811e-14 1.0731834654341799e+06 2.9563507374158822e+05 1.5949302967119693e+17 3.5871689828758549e+28
3.9891989307404462e-14 1.0742620520050225e+06 2.9444125780080492e+05 1.5874363792587939e+17 3.6741646118165067e+28
3.8980934749921996e-14 1.0753136073707957e+06 2.9322415790260216e+05 1.5797161668637024e+17 3.7627670563686650e+28
3.8090686886242321e-14 1.0763377398229891e+06 2.9198404804553714e+05 1.5717730956993722e+17 3.8529221259165367e+28
3.7220770532411519e-14 1.0773341610817970e+06 2.9072094963010150e+05 1.5636086887824131e+17 3.9446839341181358e+28
3.6370721356742348e-14 1.0783026497903033e+06 2.8943490861050494e+05 1.5552249448818733e+17 4.0379786827203949e+28
3.5540085631969392e-14 1.0792429675817704e+06 2.8812625160004402e+05 1.5466262910805754e+17 4.1329375044639473e+28
3.4728419993065977e-14 1.0801547730312180e+06 2.8679526298326778e+05 1.5378164800111501e+17 4.2294258238422530e+28
3.3935291200589816e-14 1.0810378308987182e+06 2.8544200593882485e+05 1.5287976607083357e+17 4.3275330136336294e+28
3.3160275909435640e-14 1.0818919483197641e+06 2.8406659082217858e+05 1.5195726805782765e+17 4.4268355676107041e+28
3.2402960442867525e-14 1.0827169551171502e+06 2.8266955488884758e+05 1.5101478861063549e+17 4.5278366957561583e+28
3.1662940571711986e-14 1.0835125025419141e+06 2.8125123825875041e+05 1.5005275603447318e+17 4.6303762137285190e+28
3.0939821298595029e-14 1.0842783504499025e+06 2.7981174445218890e+05 1.4907142519879472e+17 4.7344563083154696e+28
3.0233216647105607e-14 1.0850143040485983e+06 2.7835120157955424e+05 1.4807108935184506e+17 4.8399390452950635e+28
2.9542749455774224e-14 1.0857201881929450e+06 2.7686998458332341e+05 1.4705225304891258e+17 4.9468634547503115e+28
2.8868051176757726e-14 1.0863957676322944e+06 2.7536837570062326e+05 1.4601532771763101e+17 5.0552318537873656e+28
2.8208761679120653e-14 1.0870408740468817e+06 2.7384653233612177e+05 1.4496064201586269e+17 5.1649521945063526e+28
2.7564529056609296e-14 1.0876554422940828e+06 2.7230465183396701e+05 1.4388858633567235e+17 5.2761097274188026e+28
2.6935009439816838e-14 1.0882394370583743e+06 2.7074343876948830e+05 1.4279997587852654e+17 5.3885823038152441e+28
2.6319866812637211e-14 1.0887926216566584e+06 2.6916356605740869e+05 1.4169552698006346e+17 5.5021998663936343e+28
2.5718772832910860e-14 1.0893147829764923e+06 2.6756521952934866e+05 1.4057556870285341e+17 5.6172745453414052e+28
2.5131406657167638e-14 1.0898057476350570e+06 2.6594859997775825e+05 1.3944045381611528e+17 5.7335034936915166e+28
2.4557454769370657e-14 1.0902653928078110e+06 2.6431400114389800e+05 1.3829062478199534e+17 5.8509919613688981e+28
2.3996610813572847e-14 1.0906935664869896e+06 2.6266183779612492e+05 1.3712660971310421e+17 5.9694362163320371e+28
2.3448575430394285e-14 1.0910901375639599e+06 2.6099234937028182e+05 1.3594880043452466e+17 6.0892244011867932e+28
2.2913056097234067e-14 1.0914550109857772e+06 2.5930578305910010e+05 1.3475760930936990e+17 6.2098007785292198e+28
2.2389766972132404e-14 1.0917881964711826e+06 2.5760245880102180e+05 1.3355353059962538e+17 6.3315917057655833e+28
2.1878428741197178e-14 1.0920897209368416e+06 2.5588317944944761e+05 1.3233743009243984e+17 6.4541384327527685e+28
2.1378768469516348e-14 1.0923594933624703e+06 2.5414837344016432e+05 1.3110984289872414e+17 6.5777018725309975e+28
2.0890519455474319e-14 1.0925974569805842e+06 2.5239832387632638e+05 1.2987120016073018e+17 6.7022491798442871e+28
2.0413421088395478e-14 1.0928036065737072e+06 2.5063333826511732e+05 1.2862196901055507e+17 6.8273856888543161e+28
1.9947218709439593e-14 1.0929780995174719e+06 2.4885404784072324e+05 1.2736289323703010e+17 6.9533020519867800e+28
1.9491663475673367e-14 1.0931209856369563e+06 2.4706139534721049e+05 1.2609490392624013e+17 7.0799565161867674e+28
1.9046512227246311e-14 1.0932321835031835e+06 2.4525571176251961e+05 1.2481843732874325e+17 7.2070828392896971e+28
1.8611527357600804e-14 1.0933116402737210e+06 2.4343731397256441e+05 1.2353392421275952e+17 7.3349670444852107e+28
1.8186476686645556e-14 1.0933593556272851e+06 2.4160653460998880e+05 1.2224181672168768e+17 7.4631478142639961e+28
1.7771133336825583e-14 1.0933753944446587e+06 2.3976391494198449e+05 1.2094273243033650e+17 7.5917969377864478e+28
1.7365275612023216e-14 1.0933597806927462e+06 2.3790994113920306e+05 1.1963722750752960e+17 7.7208423876440073e+28
1.6968686879223694e-14 1.0933125289628012e+06 2.3604495822718492e+05 1.1832575227183645e+17 7.8500386816660239e+28
1.6581155452884349e-14 1.0932337075973218e+06 2.3416932460131333e+05 1.1700877562644054e+17 7.9792546753045062e+28
1.6202474481943860e-14 1.0931234804813005e+06 2.3228344895804313e+05 1.1568682348863266e+17 8.1089591639414445e+28
1.5832441839412017e-14 1.0929822090191364e+06 2.3038838608732607e+05 1.1436090602508509e+17 8.2385340831560293e+28
1.5470860014481690e-14 1.0928100082305893e+06 2.2848480349262984e+05 1.1303168043438843e+17 8.3682965276473343e+28
1.5117536007103770e-14 1.0926068745471670e+06 2.2657307196682278e+05 1.1169957850827750e+17 8.4973538877033744e+28
1.4772281224970779e-14 1.0923729108180967e+06 2.2465356537849989e+05 1.1036503498091883e+17 8.6266580630674531e+28
1.4434911382852522e-14 1.0921082120736276e+06 2.2272667234435095e+05 1.0902850108627843e+17 8.7556419074842451e+28
1.4105246404230745e-14 1.0918129937333621e+06 2.2079301154579935e+05 1.0769059877455738e+17 8.8841905188189404e+28
1.3783110325180794e-14 1.0914873869019789e+06 2.1885308911925013e+05 1.0635184564476363e+17 9.0122396728583854e+28
1.3468331200447878e-14 1.0911315100854414e+06 2.1690729001677793e+05 1.0501266831252144e+17 9.1399834923668041e+28
1.3160741011668400e-14 1.0907455193798842e+06 2.1495600585505748e+05 1.0367350126372200e+17 9.2669438521850333e+28
1.2860175577687812e-14 1.0903296295584866e+06 2.1299964091296031e+05 1.0233479614614126e+17 9.3933946802526648e+28
1.2566474466926146e-14 1.0898842925752695e+06 2.1103898777154059e+05 1.0099729611564552e+17 9.5191637250704289e+28
1.2279480911744954e-14 1.0894098497264658e+06 2.0907489384396755e+05 9.9661735630849856e+16 9.6438353928482168e+28
1.1999041724770400e-14 1.0889064567332298e+06 2.0710775393915543e+05 9.8328507787468176e+16 9.7674963988917787e+28
1.1725007217126900e-14 1.0883742981521091e+06 2.0513796344451822e+05 9.6998005481071296e+16 9.8903691526220532e+28
1.1457231118538169e-14 1.0878135946077325e+06 2.0316592182443017e+05 9.5670626138516176e+16 1.0012045884716277e+29
1.1195570499253468e-14 1.0872246777087844e+06 2.0119212642133623e+05 9.4346844378929056e+16 1.0132683271185720e+29
1.0939885693756198e-14 1.0866080198065583e+06 1.9921744290434325e+05 9.3027376111950736e+16 1.0251978114853883e+29
1.0690040226215535e-14 1.0859638475501870e+06 1.9724232953506289e+05 9.1712620752498192e+16 1.0369882401338548e+29
1.0445900737640148e-14 1.0852923455822824e+06 1.9526712934636307e+05 9.0402891949397392e+16 1.0486556244888404e+29
1.0207336914695582e-14 1.0845937170313483e+06 1.9329212308009295e+05 8.9098466036195568e+16 1.0601510020680273e+29
9.9742214201477500e-15 1.0838682870296915e+06 1.9131770198743136e+05 8.7799704273578720e+16 1.0715258818594512e+29
9.7464298248943204e-15 1.0831166146254030e+06 1.8934457024254423e+05 8.6507191018909680e+16 1.0827070054713862e+29
9.5238405415489943e-15 1.0823392274671942e+06 1.8737354901872444e+05 8.5221552422276256e+16 1.0937087315490776e+29
9.3063347595421789e-15 1.0815364271742452e+06 1.8540502679598538e+05 8.3943103425461952e+16 1.1045650096372610e+29
9.0937963817038467e-15 1.0807086088742777e+06 1.8343952457728228e+05 8.2672247028347584e+16 1.1152310811502066e+29
8.8861119622950472e-15 1.0798561428411345e+06 1.8147755429376167e+05 8.1409362545065136e+16 1.1257024729250560e+29
8.6831706464543330e-15 1.0789793180568109e+06 1.7951948225111084e+05 8.0154722521795088e+16 1.1359605302820620e+29
8.4848641110271021e-15 1.0780784089082973e+06 1.7756561632895574e+05 7.8908557131026864e+16 1.1460840929079041e+29
8.2910865067466053e-15 1.0771537404175915e+06 1.7561627169096441e+05 7.7671104829373184e+16 1.1558757642324879e+29
8.1017344017351153e-15 1.0762057184329412e+06 1.7367181313198383e+05 7.6442640879670192e+16 1.1655467068607859e+29
7.9167067262954120e-15 1.0752350298069874e+06 1.7173295958022313e+05 7.5223674365276064e+16 1.1749609760824016e+29
7.7359047189634282e-15 1.0742422354046772e+06 1.6980037761522181e+05 7.4014644595371808e+16 1.1841546118862110e+29
7.5592318737926421e-15 1.0732276766478724e+06 1.6787440553280295e+05 7.2815762560707248e+16 1.1931183886718643e+29
7.3865938888424051e-15 1.0721916652677436e+06 1.6595531868577123e+05 7.1627194128350160e+16 1.2018540030323335e+29
7.2178986158429975e-15 1.0711345534340912e+06 1.6404337804798296e+05 7.0449099792916960e+16 1.2103372394580758e+29
7.0530560110097832e-15 1.0700567829585967e+06 1.6213891247017001e+05 6.9281686483035472e+16 1.2185579394856699e+29
6.8919780869811397e-15 1.0689590555934755e+06 1.6024250179069399e+05 6.8125326170117056e+16 1.2265549126364117e+29
6.7345788658535760e-15 1.0678421462423017e+06 1.5835496105846640e+05 6.6980507054266056e+16 1.2343124441331720e+29
6.5807743332898606e-15 1.0667064265821297e+06 1.5647660588008500e+05 6.5847379027359832e+16 1.2417737857893423e+29
6.4304823936749431e-15 1.0655522127862598e+06 1.5460768120282813e+05 6.4726040633006984e+16 1.2490115528808439e+29
6.2836228262960381e-15 1.0643797420898834e+06 1.5274827907689571e+05 6.3616498112874336e+16 1.2559557851321345e+29
6.1401172425237023e-15 1.0631894340554050e+06 1.5089866060200954e+05 6.2518868816173936e+16 1.2626578293880796e+29
5.9998890439705759e-15 1.0619817750175293e+06 1.4905912257955913e+05 6.1433292514802456e+16 1.2691004104875302e+29
5.8628633816057044e-15 1.0607574313165490e+06 1.4723018292199212e+05 6.0360038249961184e+16 1.2752389850092832e+29
5.7289671158028247e-15 1.0595169049465721e+06 1.4541218147968259e+05 5.9299249365870344e+16 1.2811128381637271e+29
5.5981287773008504e-15 1.0582606314084793e+06 1.4360537046805926e+05 5.8251011437801768e+16 1.2867176339997698e+29
5.4702785290559493e-15 1.0569890992315861e+06 1.4181003890983717e+05 5.7215429632421016e+16 1.2920750323162271e+29
5.3453481289650542e-15 1.0557027910840362e+06 1.4002647132218769e+05 5.6192599384269560e+16 1.2971182953259720e+29
5.2232708934404756e-15 1.0544021517375545e+06 1.3825489642769424e+05 5.5182578429994312e+16 1.3019401517122451e+29
5.1039816618164203e-15 1.0530876200554431e+06 1.3649552607955784e+05 5.4185411086031864e+16 1.3064208354124389e+29
4.9874167615685985e-15 1.0517596241586944e+06 1.3474853344607729e+05 5.3201117716404576e+16 1.3106537371574994e+29
4.8735139743278304e-15 1.0504186408216006e+06 1.3301411994976070e+05 5.2229734825941184e+16 1.3146128451753513e+29
4.7622125026701672e-15 1.0490651773903633e+06 1.3129248767695460e+05 5.1271298987647616e+16 1.3182899778953949e+29
4.6534529376651431e-15 1.0476999053351119e+06 1.2958398587694163e+05 5.0325929885651272e+16 1.3217040610113877e+29
4.5471772271654456e-15 1.0463234172229326e+06 1.2788891397225158e+05 4.9393705940684072e+16 1.3248176574372926e+29
4.4433286448206034e-15 1.0449361976349521e+06 1.2620744741864734e+05 4.8474630058283920e+16 1.3277172858756247e+29
4.3418517597983386e-15 1.0435387577528743e+06 1.2453976854405820e+05 4.7568707993298928e+16 1.3303102733829321e+29
4.2426924071975897e-15 1.0421316707578580e+06 1.2288611636579235e+05 4.6675973438402136e+16 1.3326292963101343e+29
4.1457976591370770e-15 1.0407154343648520e+06 1.2124665609712776e+05 4.5796413665114872e+16 1.3346969679892409e+29
4.0511157965041552e-15 1.0392905436980551e+06 1.1962153313375686e+05 4.4930003448251408e+16 1.3364758927136929e+29
3.9585962813490184e-15 1.0378575352979697e+06 1.1801091643547251e+05 4.4076729307278568e+16 1.3380295232278314e+29
3.8681897299092095e-15 1.0364169539418772e+06 1.1641498716406063e+05 4.3236580102833848e+16 1.3392995009586821e+29
3.7798478862502085e-15 1.0349692949668313e+06 1.1483386872521341e+05 4.2409510662601016e+16 1.3403244969004503e+29
3.6935235965081540e-15 1.0335150642047841e+06 1.1326767897675034e+05 4.1595472295408408e+16 1.3410931696210905e+29
3.6091707837206704e-15 1.0320548965562533e+06 1.1171664154470264e+05 4.0794471434039184e+16 1.3416506932310038e+29
3.5267444232325131e-15 1.0305893331469744e+06 1.1018092267329062e+05 4.0006475540001576e+16 1.3419552684653699e+29
3.4462005186630304e-15 1.0291188290878150e+06 1.0866061340210555e+05 3.9231408565946184e+16 1.3419866931221824e+29
3.3674960784223519e-15 1.0276438119027723e+06 1.0715578686033111e+05 3.8469182385994224e+16 1.3418092161427389e+29
3.2905890927639030e-15 1.0261645680440323e+06 1.0566638913959045e+05 3.7719642221564672e+16 1.3413811942507155e+29
3.2154385113611301e-15 1.0246815169769035e+06 1.0419245381079291e+05 3.6982683232737072e+16 1.3407178755809685e+29
3.1420042213961282e-15 1.0231951133805446e+06 1.0273404574434207e+05 3.6258215705072768e+16 1.3398557366292856e+29
3.0702470261488918e-15 1.0217057411876126e+06 1.0129119122012316e+05 3.5546126442544772e+16 1.3387902597626139e+29
3.0001286240753394e-15 1.0202136045023920e+06 9.9863739893038975e+04 3.4846215706596116e+16 1.3374498324117551e+29
2.9316115883633456e-15 1.0187191397846488e+06 9.8451699187463644e+04 3.4158370368881320e+16 1.3359967650018443e+29
2.8646593469555428e-15 1.0172228138233267e+06 9.7055110125569277e+04 3.3482494241586352e+16 1.3341951157007728e+29
2.7992361630283719e-15 1.0157251046806814e+06 9.5674000723510850e+04 3.2818483763183216e+16 1.3322527874738105e+29
2.7353071159170559e-15 1.0142264302900998e+06 9.4308357882779601e+04 3.2166215401194496e+16 1.3300936959053542e+29
2.6728380824761013e-15 1.0127272659838346e+06 9.2958198311729007e+04 3.1525581716388784e+16 1.3278037942271434e+29
2.6117957188654957e-15 1.0112280962175190e+06 9.1623540441910125e+04 3.0896476214348992e+16 1.3252767758650803e+29
2.5521474427529691e-15 1.0097294283649772e+06 9.0304411665913925e+04 3.0278797471480780e+16 1.3225395635599647e+29
2.4938614159226217e-15 1.0082318725009505e+06 8.9000921195091272e+04 2.9672481514796460e+16 1.3196762045180374e+29
2.4369065272807395e-15 1.0067358889823718e+06 8.7713090566033672e+04 2.9077417776048200e+16 1.3166147276235182e+29
2.3812523762498158e-15 1.0052418865865323e+06 8.6440913915886777e+04 2.8493480834527192e+16 1.3133771831848768e+29
2.3268692565417277e-15 1.0037502097175936e+06 8.5184358769179191e+04 2.7920530107892468e+16 1.3100170983357071e+29
2.2737281403015041e-15 1.0022607346390020e+06 8.3943059055836857e+04 2.7358269865052072e+16 1.3064611101479166e+29
2.2218006626133126e-15 1.0007737705019335e+06 8.2716882461043497e+04 2.6806529118624340e+16 1.3027730340966356e+29
2.1710591063601611e-15 9.9928978845351900e+05 8.1505809375972836e+04 2.6265191266447740e+16 1.2989160802624237e+29
2.1214763874295099e-15 9.9780926056863624e+05 8.0309816373168040e+04 2.5734138573456088e+16 1.2950690479760210e+29
2.0730260402566669e-15 9.9633271345297666e+05 7.9128916492900011e+04 2.5213270311119612e+16 1.2907948174508745e+29
2.0256822036983470e-15 9.9486063005907205e+05 7.7963105019309427e+04 2.4702475757483764e+16 1.2865706686485371e+29
1.9794196072289361e-15 9.9339343832288322e+05 7.6812344798392020e+04 2.4201629031359492e+16 1.2821587848193021e+29
1.9342135574518784e-15 9.9193154490752332e+05 7.5676594294658295e+04 2.3710601853534960e+16 1.2776855512817666e+29
1.8900399249192402e-15 9.9047523253046605e+05 7.4555743379029082e+04 2.3229234442734020e+16 1.2730767240791034e+29
1.8468751312522100e-15 9.8902470224588306e+05 7.3449607117942316e+04 2.2757338823714504e+16 1.2683211717172961e+29
1.8046961365557400e-15 9.8758036968872277e+05 7.2358131128506240e+04 2.2294788186318336e+16 1.2634766613382662e+29
1.7634804271206827e-15 9.8614263662277209e+05 7.1281261420922863e+04 2.1841455803360176e+16 1.2585448122862056e+29
1.7232060034067163e-15 9.8471185542240704e+05 7.0218927154990175e+04 2.1397206924313916e+16 1.2534854274115534e+29
1.6838513682997199e-15 9.8328816983134800e+05 6.9170923744548651e+04 2.0961850874696904e+16 1.2483427325041745e+29
1.6453955156373893e-15 9.8187192243696889e+05 6.8137150041772882e+04 2.0535246794493344e+16 1.2431384027085463e+29
1.6078179189968424e-15 9.8046350363422779e+05 6.7117542581453861e+04 2.0117270736277980e+16 1.2378500834857567e+29
1.5710985207382948e-15 9.7906327451263601e+05 6.6112033736328580e+04 1.9707796423383784e+16 1.2324612768539308e+29
1.5352177212990160e-15 9.7767140419271158e+05 6.5120458974000685e+04 1.9306656048192800e+16 1.2270394457635011e+29
1.5001563687317299e-15 9.7628801810362295e+05 6.4142597562542811e+04 1.8913664531999264e+16 1.2215094524087650e+29
1.4658957484819409e-15 9.7491348858510819e+05 6.3178375224105337e+04 1.8528700816246408e+16 1.2159584137080981e+29
1.4324175733987857e-15 9.7354816005331930e+05 6.2227717097284090e+04 1.8151643200056216e+16 1.2102939064639467e+29
1.3997039739739272e-15 9.7219228437165474e+05 6.1290526684535318e+04 1.7782358885619802e+16 1.2045900214318213e+29
1.3677374888034679e-15 9.7084553715794790e+05 6.0366368034527790e+04 1.7420579660167742e+16 1.1988290445463112e+29
1.3365010552676013e-15 9.6950810965918179e+05 5.9455028250334370e+04 1.7066141416033796e+16 1.1930279107789467e+29
1.3059780004232072e-15 9.6818041968117456e+05 5.8556428876775230e+04 1.6718936353824508e+16 1.1871544685552930e+29
1.2761520321043861e-15 9.6686289336407476e+05 5.7670491854589243e+04 1.6378857961064704e+16 1.1812795282101654e+29
1.2470072302262402e-15 9.6555591686555417e+05 5.6797128111061153e+04 1.6045795452905890e+16 1.1753588865618983e+29
1.2185280382873081e-15 9.6425984006545728e+05 5.5936222517866452e+04 1.5719629290394936e+16 1.1693822205981989e+29
1.1906992550660171e-15 9.6297506255049526e+05 5.5087687638777570e+04 1.5400252288812962e+16 1.1633691502285816e+29
1.1635060265067758e-15 9.6170197929048038e+05 5.4251438414226395e+04 1.5087558815679924e+16 1.1573564450390692e+29
1.1369338377914151e-15 9.6044097027907916e+05 5.3427388503933806e+04 1.4781443172839282e+16 1.1513138467793955e+29
1.1109685055916584e-15 9.5919233307672304e+05 5.2615419371387427e+04 1.4481787307967306e+16 1.1452632569164249e+29
1.0855961704985305e-15 9.5795632030814060e+05 5.1815377242960523e+04 1.4188462379427332e+16 1.1391979625515261e+29
1.0608032896247057e-15 9.5673329175723542e+05 5.1027170458429624e+04 1.3901364663432172e+16 1.1331428701895994e+29
1.0365766293757621e-15 9.5552358769308496e+05 5.0250709193313371e+04 1.3620391265104698e+16 1.1270719634609523e+29
1.0129032583865274e-15 9.5432749745010794e+05 4.9485901911694549e+04 1.3345437617305210e+16 1.1210406460138813e+29
9.8977054061878349e-16 9.5314485354068293e+05 4.8732452240976956e+04 1.3076321343462924e+16 1.1149723243647500e+29
9.6716612861656596e-16 9.5197543222986464e+05 4.7989939080201693e+04 1.2812826377997132e+16 1.1089135182695632e+29
9.4507795691550233e-16 9.5081969117231201e+05 4.7258270942288611e+04 1.2554864518191492e+16 1.1028604874368831e+29
9.2349423560270548e-16 9.4967810449257120e+05 4.6537360674563097e+04 1.2302350264364152e+16 1.0968336284126133e+29
9.0240344402369017e-16 9.4855115367629379e+05 4.5827119723384712e+04 1.2055198828819080e+16 1.0908357159150548e+29
8.8179432463306952e-16 9.4743946225271234e+05 4.5127518815305266e+04 1.1813348633194402e+16 1.0848308194963573e+29
8.6165587698563285e-16 9.4634367551833217e+05 4.4438574769869614e+04 1.1576751775740008e+16 1.0788783443544252e+29
8.4197735186470735e-16 9.4526420487872802e+05 4.3760197830504796e+04 1.1345321350283498e+16 1.0729629854589017e+29
8.2274824554458266e-16 9.4420141685395432e+05 4.3092278301041159e+04 1.1118964136829696e+16 1.0671006083159636e+29
8.0395829418396960e-16 9.4315569718727155e+05 4.2434716221382550e+04 1.0897591618264308e+16 1.0613019565782119e+29
