8.0395829418396959e-13 5.7253493551615032e+05 1.8099262784408574e+05 2.7258288439651240e+16 3.8263099222041092e+26
7.8559746834753246e-13 5.7420513982198876e+05 1.8083405821319937e+05 2.7281781354818492e+16 3.9736381962609797e+26
7.6765596765250801e-13 5.7593537448660296e+05 1.8066602933932713e+05 2.7305880856732776e+16 4.1317027484323397e+26
7.5012421553758558e-13 5.7773093797175516e+05 1.8048932608361621e+05 2.7331244564000080e+16 4.3014345810891471e+26
7.3299285415128468e-13 5.7959735331568134e+05 1.8030495871275367e+05 2.7358635983392376e+16 4.4840636083299621e+26
7.1625273935704306e-13 5.8154067441388825e+05 1.8011412314096736e+05 2.7388927165076460e+16 4.6809204047861634e+26
6.9989493585237990e-13 5.8356767567561427e+05 1.7991819774177059e+05 2.7423109803374632e+16 4.8938118662110231e+26
6.8391071239955609e-13 5.8568602151341620e+05 1.7971878541499874e+05 2.7462322284373672e+16 5.1242370632681633e+26
6.6829153716511489e-13 5.8790447361083608e+05 1.7951776948485468e+05 2.7507884698147588e+16 5.3748346756531285e+26
6.5302907316589952e-13 5.9023233795098343e+05 1.7931747339988049e+05 2.7561331046768848e+16 5.6473846832169971e+26
6.3811517381904706e-13 5.9267967783377250e+05 1.7912064266541044e+05 2.7624419127659468e+16 5.9450139144182026e+26
6.2354187859361313e-13 5.9525759513687377e+05 1.7893048071717771e+05 2.7699165161289624e+16 6.2707750891961144e+26
6.0930140876152718e-13 5.9797876582285925e+05 1.7875068974688358e+05 2.7787897354874080e+16 6.6286640193494524e+26
5.9538616324556484e-13 6.0085721962842601e+05 1.7858564603307526e+05 2.7893317970557932e+16 7.0226078978901927e+26
5.8178871456214496e-13 6.0390822781307658e+05 1.7844050523805962e+05 2.8018549081071516e+16 7.4575224037160090e+26
5.6850180485680912e-13 6.0714919150213629e+05 1.7832129641080965e+05 2.8167236336806856e+16 7.9394163513795554e+26
5.5551834203020698e-13 6.1059916778471472e+05 1.7823516361568475e+05 2.8343632729851148e+16 8.4746960964994403e+26
5.4283139595259256e-13 6.1427870780335239e+05 1.7819052759868672e+05 2.8552677428938160e+16 9.0728438402854109e+26
5.3043419476474946e-13 6.1821119949200714e+05 1.7819727792698925e+05 2.8800187900228136e+16 9.7417312089322136e+26
5.1832012126339740e-13 6.2242225472508383e+05 1.7826713630646371e+05 2.9093008161403236e+16 1.0492385403488955e+27
5.0648270936916735e-13 6.2693937802081648e+05 1.7841395477554138e+05 2.9439165687011420e+16 1.1338611352957418e+27
4.9491564067522283e-13 6.3179366834350978e+05 1.7865416961554677e+05 2.9848239844861952e+16 1.2294731510252467e+27
4.8361274107470329e-13 6.3701901825954847e+05 1.7900741676134549e+05 3.0331661307943264e+16 1.3378302784033697e+27
4.7256797746521049e-13 6.4265163847066450e+05 1.7949720035744226e+05 3.0903090456444484e+16 1.4610359553303267e+27
4.6177545452852868e-13 6.4872925472276926e+05 1.8015171079483101e+05 3.1578878717107168e+16 1.6012909254192882e+27
4.5122941158391827e-13 6.5529107458580111e+05 1.8100499980299795e+05 3.2378787089270732e+16 1.7611573147545694e+27
4.4092421951325472e-13 6.6237864332651149e+05 1.8209909916792679e+05 3.3327229690599436e+16 1.9433448507942468e+27
4.3085437775639206e-13 6.7003153440813371e+05 1.8348676336007574e+05 3.4454512917762060e+16 2.1505128957622474e+27
4.2101451137516242e-13 6.7828376090815116e+05 1.8523703073735337e+05 3.5799363740331924e+16 2.3845405823998399e+27
4.1139936818441155e-13 6.8715934943686135e+05 1.8745009366260012e+05 3.7415253799275584e+16 2.6453352412188636e+27
4.0200381594855675e-13 6.9609561053813132e+05 1.9013491139167268e+05 3.9269969682374160e+16 2.9093303385989298e+27
3.9282283964218600e-13 7.0055125381865387e+05 1.9176414036216741e+05 4.0329768462015440e+16 3.0336014166544367e+27
3.8385153877319545e-13 7.0222456020451395e+05 1.9245237217256887e+05 4.0762069371838512e+16 3.0772728244700427e+27
3.7508512476708503e-13 7.0383006131358584e+05 1.9310910952243602e+05 4.1178470093882440e+16 3.1198920733838122e+27
3.6651891841097572e-13 7.0545314362955303e+05 1.9376744693161300e+05 4.1600252665747504e+16 3.1637694444338145e+27
3.5814834735600098e-13 7.0709357490810368e+05 1.9442721504368307e+05 4.2027395621603960e+16 3.2092841399091732e+27
3.4996894367675177e-13 7.0875108032316051e+05 1.9508823549315167e+05 4.2459868134844064e+16 3.2560237669135868e+27
3.4197634148644563e-13 7.1042543238308642e+05 1.9575033844676477e+05 4.2897646160962288e+16 3.3043086387734985e+27
3.3416627460656126e-13 7.1211633499391039e+05 1.9641333020913933e+05 4.3340687719603648e+16 3.3540092489466786e+27
3.2653457428970620e-13 7.1382354739713285e+05 1.9707703614662323e+05 4.3788961973682312e+16 3.4053203435845205e+27
3.1907716699447724e-13 7.1554677202475746e+05 1.9774126253122126e+05 4.4242423442851424e+16 3.4581015244358561e+27
3.1179007221113923e-13 7.1728573887984187e+05 1.9840582003435143e+05 4.4701028778666792e+16 3.5124992556936345e+27
3.0466940033697372e-13 7.1904014903824136e+05 1.9907051221724745e+05 4.5164727345081304e+16 3.5686798022462427e+27
2.9771135060013152e-13 7.2080970102727588e+05 1.9973513786244980e+05 4.5633463777489248e+16 3.6264208245049983e+27
2.9091220903091890e-13 7.2259410590988316e+05 2.0039949906334630e+05 4.6107183599397832e+16 3.6859305390378742e+27
2.8426834647940371e-13 7.2439302855876356e+05 2.0106338133430679e+05 4.6585817549351920e+16 3.7472436506484297e+27
2.7777621667829500e-13 7.2620618281486176e+05 2.0172658539981986e+05 4.7069306675872320e+16 3.8103592259552299e+27
2.7143235435007391e-13 7.2803320270534558e+05 2.0238888372425086e+05 4.7557568163525408e+16 3.8753537677528180e+27
2.6523337335734285e-13 7.2987379695296520e+05 2.0305007261661845e+05 4.8050535420113064e+16 3.9422900691326636e+27
2.5917596489541772e-13 7.3172757802594302e+05 2.0370991462437398e+05 4.8548113669047528e+16 4.0111536371233719e+27
2.5325689572620839e-13 7.3359425228790205e+05 2.0436820211006902e+05 4.9050229212621768e+16 4.0821515386906001e+27
2.4747300645241784e-13 7.3547340235754556e+05 2.0502468504515497e+05 4.9556772719237000e+16 4.1550997106724661e+27
2.4182120983117104e-13 7.3736472799793654e+05 2.0567914823275441e+05 5.0067660809986944e+16 4.2302928566149037e+27
2.3629848912614671e-13 7.3926779451546900e+05 2.0633133789203622e+05 5.0582774150639256e+16 4.3075106008810385e+27
2.3090189649734352e-13 7.4118228915411117e+05 2.0698102896912160e+05 5.1102017679320400e+16 4.3872436082587561e+27
2.2562855142762949e-13 7.4310775472807523e+05 2.0762795571156719e+05 5.1625257531551576e+16 4.4692113191643712e+27
2.2047563918521709e-13 7.4504386542506446e+05 2.0827188854951112e+05 5.2152388577007872e+16 4.5534466421747289e+27
2.1544040932125280e-13 7.4699014956202474e+05 2.0891255370575021e+05 5.2683264586658352e+16 4.6402678883752231e+27
2.1052017420172673e-13 7.4894625999953516e+05 2.0954971041002337e+05 5.3217766000953440e+16 4.7295380227404805e+27
2.0571230757290243e-13 7.5091171659839421e+05 2.1018308145374694e+05 5.3755736507913456e+16 4.8214257136643982e+27
2.0101424315950971e-13 7.5288613535872637e+05 2.1081240875808711e+05 5.4297036882894424e+16 4.9159295048585058e+27
1.9642347329496030e-13 7.5486905524556688e+05 2.1143741784353551e+05 5.4841506753361224e+16 5.0130129208228644e+27
1.9193754758283432e-13 7.5686002205358690e+05 2.1205782869409907e+05 5.5388980026527728e+16 5.1129754560176188e+27
1.8755407158894795e-13 7.5885862737699179e+05 2.1267337676500194e+05 5.5939299850897272e+16 5.2158479318996558e+27
1.8327070556328355e-13 7.6086432991998910e+05 2.1328375301463489e+05 5.6492267008589456e+16 5.3215718972518047e+27
1.7908516319110873e-13 7.6287675374915556e+05 2.1388870196234318e+05 5.7047724977968872e+16 5.4303185835089340e+27
1.7499521037262478e-13 7.6489529454165208e+05 2.1448789250221153e+05 5.7605446921290480e+16 5.5422264547355353e+27
1.7099866403047436e-13 7.6691959363188944e+05 2.1508106331005835e+05 5.8165267819680744e+16 5.6571724097274512e+27
1.6709339094449448e-13 7.6894902743509668e+05 2.1566788506946783e+05 5.8726949419262832e+16 5.7743150556013496e+27
1.6327730661307397e-13 7.7098318246267736e+05 2.1624807132575335e+05 5.9290298850406136e+16 5.8971016401822924e+27
1.5954837414051565e-13 7.7302147651710757e+05 2.1682130256790118e+05 5.9855078956635544e+16 6.0220408455980477e+27
1.5590460314981504e-13 7.7506337588385202e+05 2.1738725649289475e+05 6.0421053448924376e+16 6.1496892869297877e+27
1.5234404872026269e-13 7.7710843635883718e+05 2.1794564567285648e+05 6.0988010829960512e+16 6.2827127771379406e+27
1.4886481034931015e-13 7.7915595174576400e+05 2.1849610494540489e+05 6.1555659905045072e+16 6.4184630618717081e+27
1.4546503093815020e-13 7.8120554092991457e+05 2.1903834856348540e+05 6.2123789519068704e+16 6.5580228207378802e+27
1.4214289580045901e-13 7.8325645656257251e+05 2.1957200918003239e+05 6.2692091349365736e+16 6.7013825166719352e+27
1.3889663169377659e-13 7.8530823869411252e+05 2.2009677041287292e+05 6.3260318270849000e+16 6.8473341436481300e+27
1.3572450587301461e-13 7.8736030044484348e+05 2.2061230301318521e+05 6.3828194328415800e+16 7.0003553906023105e+27
1.3262482516557153e-13 7.8941193355033419e+05 2.2111823329471183e+05 6.4395397388056272e+16 7.1559147445151508e+27
1.2959593506757878e-13 7.9146270878646360e+05 2.2161425361324643e+05 6.4961675679105840e+16 7.3158206531655588e+27
1.2663621886078123e-13 7.9351179328817979e+05 2.2209997427972124e+05 6.5526669757732648e+16 7.4799404886051082e+27
1.2374409674958667e-13 7.9555871144444752e+05 2.2257506073082349e+05 6.6090098071267824e+16 7.6487556395374818e+27
1.2091802501782780e-13 7.9760281198266032e+05 2.2303916443805263e+05 6.6651639654284232e+16 7.8219989359001380e+27
1.1815649520477777e-13 7.9964331641479256e+05 2.2349188984310761e+05 6.7210924321792416e+16 7.9999719433722757e+27
1.1545803329998362e-13 8.0167978671604919e+05 2.2393291310044428e+05 6.7767668427011144e+16 8.1827090994966139e+27
1.1282119895649331e-13 8.0371132194308855e+05 2.2436183358790670e+05 6.8321468821333032e+16 8.3701486161767651e+27
1.1024458472204377e-13 8.0573734621696128e+05 2.2477828233255798e+05 6.8871987086549656e+16 8.5630077650303061e+27
1.0772681528781416e-13 8.0775727187493129e+05 2.2518191414910983e+05 6.9418890541656592e+16 8.7606594594792432e+27
1.0526654675433147e-13 8.0977014976763388e+05 2.2557230628752700e+05 6.9961741120841296e+16 8.9636071388363448e+27
1.0286246591414157e-13 8.1177550986469106e+05 2.2594910651605166e+05 7.0500213660164312e+16 9.1719312595464746e+27
1.0051328955086642e-13 8.1377252776232176e+05 2.2631193364120831e+05 7.1033902971601064e+16 9.3858721850943388e+27
9.8217763754265583e-14 8.1576037323445198e+05 2.2666037268240575e+05 7.1562380767546424e+16 9.6049380276489078e+27
9.5974663250940560e-14 8.1773856348184333e+05 2.2699406764954000e+05 7.2085306141280480e+16 9.8299370086715240e+27
9.3782790750328011e-14 8.1970608961578133e+05 2.2731261450256361e+05 7.2602215923998736e+16 1.0060814550195896e+28
9.1640976305625656e-14 8.2166224407812196e+05 2.2761560311532445e+05 7.3112693457922352e+16 1.0297324043495657e+28
8.9548076689313450e-14 8.2360647480726638e+05 2.2790267404853750e+05 7.3616373095765488e+16 1.0540232535919833e+28
8.7502974782940347e-14 8.2553766619406070e+05 2.2817340581734042e+05 7.4112750343611984e+16 1.0788839240686709e+28
8.5504578980841602e-14 8.2745518128159072e+05 2.2842739001795842e+05 7.4601411905739536e+16 1.1043950690265885e+28
8.3551822607479450e-14 8.2935839789813233e+05 2.2866426950619838e+05 7.5081971018341936e+16 1.1305654841295285e+28
8.1643663348086941e-14 8.3124614233155525e+05 2.2888361100767992e+05 7.5553894926723776e+16 1.1573453534565353e+28
7.9779082692314898e-14 8.3311780975909217e+05 2.2908500701260855e+05 7.6016768540385152e+16 1.1848036999300001e+28
7.7957085390588123e-14 8.3497270969533944e+05 2.2926808991612532e+05 7.6470179564384656e+16 1.2129060419025415e+28
7.6176698922872544e-14 8.3680964182464371e+05 2.2943244044886858e+05 7.6913587713904992e+16 1.2416864984328418e+28
7.4436972979579387e-14 8.3862799035160861e+05 2.2957763899518442e+05 7.7346564032133392e+16 1.2711977674006698e+28
7.2736978954321352e-14 8.4042704509170621e+05 2.2970331894314234e+05 7.7768687705192848e+16 1.3013991769281176e+28
7.1075809448253324e-14 8.4220556069867732e+05 2.2980907595482917e+05 7.8179410556090000e+16 1.3322777161805249e+28
6.9452577785735583e-14 8.4396288808929280e+05 2.2989447870081439e+05 7.8578288053139184e+16 1.3639028669651774e+28
6.7866417541055714e-14 8.4569833602518833e+05 2.2995915966702785e+05 7.8964900590004224e+16 1.3962571910198808e+28
6.6316482075959181e-14 8.4741060977344890e+05 2.3000274336046554e+05 7.9338701010923248e+16 1.4293241604048332e+28
6.4801944087744509e-14 8.4909899674348836e+05 2.3002478729834667e+05 7.9699226576948816e+16 1.4631643876148797e+28
6.3321995167676364e-14 8.5076285559816461e+05 2.3002491276157400e+05 8.0046062534267216e+16 1.4977392372383358e+28
6.1875845369483762e-14 8.5240086725920124e+05 2.3000279171909249e+05 8.0378681580693664e+16 1.5331002093730731e+28
6.0462722787715319e-14 8.5401221465631155e+05 2.2995797809581831e+05 8.0696600149802304e+16 1.5692244071520333e+28
5.9081873145721601e-14 8.5559628332902468e+05 2.2989006555348830e+05 8.0999401096184224e+16 1.6060907223994378e+28
5.7732559393047217e-14 8.5715184655398107e+05 2.2979878068585455e+05 8.1286607210687296e+16 1.6437923879829853e+28
5.6414061312020209e-14 8.5867790321695060e+05 2.2968370221849054e+05 8.1557715696431024e+16 1.6822437150721123e+28
5.5125675133322412e-14 8.6017380187575414e+05 2.2954439227370129e+05 8.1812294442522224e+16 1.7214629737252513e+28
5.3866713160343085e-14 8.6163858288602694e+05 2.2938058513546045e+05 8.2049936341507600e+16 1.7615370461923231e+28
5.2636503402109189e-14 8.6307097705815791e+05 2.2919195592851288e+05 8.2270139674085120e+16 1.8023766793398256e+28
5.1434389214598862e-14 8.6447026160611399e+05 2.2897804324049255e+05 8.2472458032462672e+16 1.8440096179905390e+28
5.0259728950248755e-14 8.6583571986886568e+05 2.2873850972594414e+05 8.2656515550026736e+16 1.8864170167542465e+28
4.9111895615462751e-14 8.6716598930663965e+05 2.2847318994367489e+05 8.2821884202851904e+16 1.9296938020472913e+28
4.7990276535945624e-14 8.6846018295390694e+05 2.2818163722334107e+05 8.2968105957677344e+16 1.9736910675674365e+28
4.6894273029677714e-14 8.6971762006893719e+05 2.2786342394194106e+05 8.3094786865271040e+16 2.0185126818725917e+28
4.5823300087358381e-14 8.7093723934130615e+05 2.2751843527325062e+05 8.3201610546540528e+16 2.0642019195173673e+28
4.4776786060149089e-14 8.7211783972384338e+05 2.2714639533141177e+05 8.3288154702400496e+16 2.1105371072833000e+28
4.3754172354546191e-14 8.7325863622482040e+05 2.2674684090354838e+05 8.3354007624051376e+16 2.1577732431017800e+28
4.2754913134222209e-14 8.7435892108374706e+05 2.2631945956962797e+05 8.3398860400679920e+16 2.2057646756809990e+28
4.1778475028678120e-14 8.7541741375837242e+05 2.2586429083235731e+05 8.3422453144918672e+16 2.2544187044515631e+28
4.0824336848547811e-14 8.7643313555822102e+05 2.2538093133660493e+05 8.3424386971816400e+16 2.3039121517823406e+28
3.9891989307404462e-14 8.7740531438095309e+05 2.2486894336434311e+05 8.3404306254188272e+16 2.3541578899867315e+28
3.8980934749921996e-14 8.7833316013567022e+05 2.2432821894347109e+05 8.3362023272715616e+16 2.4051137523850841e+28
3.8090686886242321e-14 8.7921541325991426e+05 2.2375881532594477e+05 8.3297328806266912e+16 2.4567238264760102e+28
3.7220770532411519e-14 8.8005117049442220e+05 2.2316028291159970e+05 8.3209864455075120e+16 2.5090453758885273e+28
3.6370721356742348e-14 8.8083968140710576e+05 2.2253221750451651e+05 8.3099344445670464e+16 2.5621470525693996e+28
3.5540085631969392e-14 8.8158010305771616e+05 2.2187477628807013e+05 8.2965741020045360e+16 2.6157695158684148e+28
3.4728419993065977e-14 8.8227127579247497e+05 2.2118796717066132e+05 8.2808890049721024e+16 2.6701110653355925e+28
3.3935291200589816e-14 8.8291230703924794e+05 2.2047135206553561e+05 8.2628493939592784e+16 2.7250471058826931e+28
3.3160275909435640e-14 8.8350244320518675e+05 2.1972456304792699e+05 8.2424339063564224e+16 2.7805289013155259e+28
3.2402960442867525e-14 8.8404090167062765e+05 2.1894799185480093e+05 8.2196570848574384e+16 2.8365201724544480e+28
3.1662940571711986e-14 8.8452661202653695e+05 2.1814164121024040e+05 8.1945095746274496e+16 2.8930826349747416e+28
3.0939821298595029e-14 8.8495864416012052e+05 2.1730509071917791e+05 8.1669675055074224e+16 2.9502102568735450e+28
3.0233216647105607e-14 8.8533624226428708e+05 2.1643800218111926e+05 8.1370168763196208e+16 3.0076332775097333e+28
2.9542749455774224e-14 8.8565878758819331e+05 2.1554092603796331e+05 8.1046886205902416e+16 3.0655748196339997e+28
2.8868051176757726e-14 8.8592528933926369e+05 2.1461399474266192e+05 8.0699868062540464e+16 3.1238760048601383e+28
2.8208761679120653e-14 8.8613478440782044e+05 2.1365681327702815e+05 8.0328942547964288e+16 3.1824389871860725e+28
2.7564529056609296e-14 8.8628646986575413e+05 2.1266905089310277e+05 7.9934025970515760e+16 3.2413590017602749e+28
2.6935009439816838e-14 8.8637992131886305e+05 2.1165126740146946e+05 7.9515532873055600e+16 3.3004593235607109e+28
2.6319866812637211e-14 8.8641432930218929e+05 2.1060394312808465e+05 7.9073757322117552e+16 3.3598419093661544e+28
2.5718772832910860e-14 8.8638869140599272e+05 2.0952671191747059e+05 7.8608595605411312e+16 3.4192570481643443e+28
2.5131406657167638e-14 8.8630213381539937e+05 2.0841925581193267e+05 7.8120017820786416e+16 3.4787165714768752e+28
2.4557454769370657e-14 8.8615425230624445e+05 2.0728185598529625e+05 7.7608380562368896e+16 3.5383785532240374e+28
2.3996610813572847e-14 8.8594469830145838e+05 2.0611557993235972e+05 7.7074390539378192e+16 3.5978710601512110e+28
2.3448575430394285e-14 8.8567246224375023e+05 2.0492017575991707e+05 7.6518054363722128e+16 3.6571751243583314e+28
2.2913056097234067e-14 8.8533661573032662e+05 2.0369534949760526e+05 7.5939401443879616e+16 3.7164670154169720e+28
2.2389766972132404e-14 8.8493654653866356e+05 2.0244102639347559e+05 7.5338650887977872e+16 3.7756447809599558e+28
2.1878428741197178e-14 8.8447251768776961e+05 2.0115870301963211e+05 7.4716873179981792e+16 3.8342765526310203e+28
2.1378768469516348e-14 8.8394377421428170e+05 1.9984862213516360e+05 7.4074390439666784e+16 3.8927179744895037e+28
2.0890519455474319e-14 8.8334931160156464e+05 1.9851052046515953e+05 7.3411285045843312e+16 3.9506296315519428e+28
2.0413421088395478e-14 8.8268827931078000e+05 1.9714418456240188e+05 7.2727716539819376e+16 4.0082745032053752e+28
1.9947218709439593e-14 8.8196067753192794e+05 1.9575029029947377e+05 7.2024406989640416e+16 4.0652302184250813e+28
1.9491663475673367e-14 8.8116683432726725e+05 1.9433038322142788e+05 7.1302484275621304e+16 4.1215017610416161e+28
1.9046512227246311e-14 8.8030575788809301e+05 1.9288430684643082e+05 7.0562121061549528e+16 4.1769706020526436e+28
1.8611527357600804e-14 8.7937649687014113e+05 1.9141186724220082e+05 6.9803507130893232e+16 4.2316615246595014e+28
1.8186476686645556e-14 8.7837831240290601e+05 1.8991294463361125e+05 6.9026931163454376e+16 4.2854212756296977e+28
1.7771133336825583e-14 8.7731208570875414e+05 1.8838915890981891e+05 6.8233698453337136e+16 4.3384381390888357e+28
1.7365275612023216e-14 8.7617791511668311e+05 1.8684162982460667e+05 6.7424736075229360e+16 4.3900812270661828e+28
1.6968686879223694e-14 8.7497480888898659e+05 1.8527020744350986e+05 6.6600271856272544e+16 4.4409307561649506e+28
1.6581155452884349e-14 8.7370186426940979e+05 1.8367476688422231e+05 6.5760583578262080e+16 4.4903713921089169e+28
1.6202474481943860e-14 8.7235849449813657e+05 1.8205533050497097e+05 6.4906091382755320e+16 4.5385628293581940e+28
1.5832441839412017e-14 8.7094635728532181e+05 1.8041412513674682e+05 6.4038470211763160e+16 4.5855131714037263e+28
1.5470860014481690e-14 8.6946551103812561e+05 1.7875210020241007e+05 6.3158576427068112e+16 4.6309500832392117e+28
1.5117536007103770e-14 8.6791500650788576e+05 1.7706917356273395e+05 6.2266701616433400e+16 4.6746765829840982e+28
1.4772281224970779e-14 8.6629397561294562e+05 1.7536528290468032e+05 6.1363180160461088e+16 4.7168202250838953e+28
1.4434911382852522e-14 8.6460183017093886e+05 1.7364047530159022e+05 6.0448460368651096e+16 4.7575219185334246e+28
1.4105246404230745e-14 8.6284069992475607e+05 1.7189713405589733e+05 5.9524314669542384e+16 4.7962201324062246e+28
1.3783110325180794e-14 8.6101111781476554e+05 1.7013651601701355e+05 5.8591776476542768e+16 4.8332274566419267e+28
1.3468331200447878e-14 8.5911218332084280e+05 1.6835860267706439e+05 5.7651172693347864e+16 4.8681497506999206e+28
1.3160741011668400e-14 8.5714305752598157e+05 1.6656338701842667e+05 5.6702861915242496e+16 4.9011731265733245e+28
1.2860175577687812e-14 8.5510306165264500e+05 1.6475089835199842e+05 5.5747262141007560e+16 4.9320090320710429e+28
1.2566474466926146e-14 8.5299398732286168e+05 1.6292298230027565e+05 5.4785832495253128e+16 4.9608967900557305e+28
1.2279480911744954e-14 8.5081773646491615e+05 1.6108181890150148e+05 5.3820103068612280e+16 4.9873210766615775e+28
1.1999041724770400e-14 8.4857347097481845e+05 1.5922745046551089e+05 5.2850408439759688e+16 5.0117496286321356e+28
1.1725007217126900e-14 8.4626037511959148e+05 1.5735991514948703e+05 5.1877098448380512e+16 5.0337083635816533e+28
1.1457231118538169e-14 8.4387770917939313e+05 1.5547926157977045e+05 5.0900552658366152e+16 5.0531591034450601e+28
1.1195570499253468e-14 8.4142555768896686e+05 1.5358601376225048e+05 4.9921447559515280e+16 5.0702546960636246e+28
1.0939885693756198e-14 8.3890663273677032e+05 1.5168260595398024e+05 4.8941449634621080e+16 5.0849975863866353e+28
1.0690040226215535e-14 8.3632074016687379e+05 1.4976947167166788e+05 4.7961099466590760e+16 5.0971063887400502e+28
1.0445900737640148e-14 8.3366829091712506e+05 1.4784735098282996e+05 4.6981124722698592e+16 5.1066946498728923e+28
1.0207336914695582e-14 8.3095102630122064e+05 1.4591794378164771e+05 4.6002716692739552e+16 5.1136497241991928e+28
9.9742214201477500e-15 8.2816844836623513e+05 1.4398143688504485e+05 4.5026249971804488e+16 5.1178476226841971e+28
9.7464298248943204e-15 8.2532144632513053e+05 1.4203883574033467e+05 4.4052544339856504e+16 5.1194692838941178e+28
9.5238405415489943e-15 8.2241144045274740e+05 1.4009155167104461e+05 4.3082579786943272e+16 5.1186205245979935e+28
9.3063347595421789e-15 8.1943789476123953e+05 1.3813971553406064e+05 4.2116666821963560e+16 5.1148556303983731e+28
9.0937963817038467e-15 8.1640217130366736e+05 1.3618455940107506e+05 4.1155689821178152e+16 5.1084078109852862e+28
8.8861119622950472e-15 8.1330553683230199e+05 1.3422731877034076e+05 4.0200480691075464e+16 5.0992056017733926e+28
8.6831706464543330e-15 8.1014749444683257e+05 1.3226811942037547e+05 3.9251306529872632e+16 5.0873895068669857e+28
8.4848641110271021e-15 8.0692970648033742e+05 1.3030829091676771e+05 3.8309041747035680e+16 5.0727879744229922e+28
8.2910865067466053e-15 8.0365343717209017e+05 1.2834898468601816e+05 3.7374417519239984e+16 5.0555467118195685e+28
8.1017344017351153e-15 8.0031823598766734e+05 1.2639032397444990e+05 3.6447653758807104e+16 5.0354734728784232e+28
7.9167067262954120e-15 7.9692585849375301e+05 1.2443360193035072e+05 3.5529544598042740e+16 5.0129245530773495e+28
7.7359047189634282e-15 7.9347777062165656e+05 1.2247999650385413e+05 3.4620774306923632e+16 4.9876281046085758e+28
7.5592318737926421e-15 7.8997356160392379e+05 1.2052962227316987e+05 3.3721508964948856e+16 4.9597245525930523e+28
7.3865938888424051e-15 7.8641478045078437e+05 1.1858357116470016e+05 3.2832384213054864e+16 4.9291424471221422e+28
7.2178986158429975e-15 7.8280335125790327e+05 1.1664316769193593e+05 3.1954093944428188e+16 4.8960671615403017e+28
7.0530560110097832e-15 7.7913891592242999e+05 1.1470851728046493e+05 3.1086749842740628e+16 4.8606597805119936e+28
6.8919780869811397e-15 7.7542270759493054e+05 1.1278046444782494e+05 3.0230812896703844e+16 4.8227382192462633e+28
6.7345788658535760e-15 7.7165747346648364e+05 1.1086063215587757e+05 2.9387051478946020e+16 4.7823494770892013e+28
6.5807743332898606e-15 7.6784298704329191e+05 1.0894915208365960e+05 2.8555534245503864e+16 4.7398183150380182e+28
6.4304823936749431e-15 7.6397985001553595e+05 1.0704649621510775e+05 2.7736491996966856e+16 4.6948114433838564e+28
6.2836228262960381e-15 7.6007139652691211e+05 1.0515443004321288e+05 2.6930692656121024e+16 4.6478700918914723e+28
6.1401172425237023e-15 7.5611776407861209e+05 1.0327321221040600e+05 2.6138207106937292e+16 4.5987282027828060e+28
5.9998890439705759e-15 7.5211896819117770e+05 1.0140299921821673e+05 2.5359069392528544e+16 4.5473745783449522e+28
5.8628633816057044e-15 7.4807818874408666e+05 9.9545343340714608e+04 2.4593893969727844e+16 4.4943642901865524e+28
5.7289671158028247e-15 7.4399630015961523e+05 9.7700776817824037e+04 2.3842820320072800e+16 4.4393794875447208e+28
5.5981287773008504e-15 7.3987310100858728e+05 9.5869324090333219e+04 2.3105775654479972e+16 4.3824774467947870e+28
5.4702785290559493e-15 7.3571064265279740e+05 9.4051927005716410e+04 2.2383066220685220e+16 4.3239754697458536e+28
5.3453481289650542e-15 7.3151122295486287e+05 9.2249644235761181e+04 2.1675004799775748e+16 4.2638757372878403e+28
5.2232708934404756e-15 7.2727467544357933e+05 9.0462473630955894e+04 2.0981463814785128e+16 4.2024037869427070e+28
5.1039816618164203e-15 7.2300157120827225e+05 8.8690675794052382e+04 2.0302427780137416e+16 4.1392048984659640e+28
4.9874167615685985e-15 7.1869516331456602e+05 8.6935577289879075e+04 1.9638276948513608e+16 4.0749746679457909e+28
4.8735139743278304e-15 7.1435574974492413e+05 8.5197317660178451e+04 1.8988904060378140e+16 4.0093704605669037e+28
4.7622125026701672e-15 7.0998320400352578e+05 8.3475844033104469e+04 1.8354133708483500e+16 3.9426139719909255e+28
4.6534529376651431e-15 7.0557993700455420e+05 8.1772034394724731e+04 1.7734140246398754e+16 3.8749053340778387e+28
4.5471772271654456e-15 7.0114773373316741e+05 8.0086531184277468e+04 1.7128979875538864e+16 3.8061255650610860e+28
4.4433286448206034e-15 6.9668648121091397e+05 7.8419241954686062e+04 1.6538434199815758e+16 3.7366607540445373e+28
4.3418517597983386e-15 6.9219691900865687e+05 7.6770342922802767e+04 1.5962391965883474e+16 3.6662801311836469e+28
4.2426924071975897e-15 6.8768399414491828e+05 7.5141491181357575e+04 1.5401246978447780e+16 3.5954308986501822e+28
4.1457976591370770e-15 6.8314850664528029e+05 7.3532864571770944e+04 1.4854836363009842e+16 3.5239116825098080e+28
4.0511157965041552e-15 6.7859041247507907e+05 7.1944326090760675e+04 1.4322891432224212e+16 3.4519443144680474e+28
3.9585962813490184e-15 6.7401120470946946e+05 7.0376229165657744e+04 1.3805316377639874e+16 3.3798428508201497e+28
3.8681897299092095e-15 6.6941342877409444e+05 6.8829275457397991e+04 1.3302114131282636e+16 3.3075044424240568e+28
3.7798478862502085e-15 6.6479710204168421e+05 6.7303311663766362e+04 1.2812995539304836e+16 3.2348162244957410e+28
3.6935235965081540e-15 6.6016220914372685e+05 6.5798161061329578e+04 1.2337671985513706e+16 3.1622212079728970e+28
3.6091707837206704e-15 6.5551082426622231e+05 6.4314285767862115e+04 1.1876062549119356e+16 3.0895282340853040e+28
3.5267444232325131e-15 6.5084415381232346e+05 6.2851870042199815e+04 1.1427985580297992e+16 3.0169621105064008e+28
3.4462005186630304e-15 6.4616213826583198e+05 6.1410690120622436e+04 1.0993134627603638e+16 2.9445361953415529e+28
3.3674960784223519e-15 6.4146513832701149e+05 5.9990623209218844e+04 1.0571245368300210e+16 2.8722025892769677e+28
3.2905890927639030e-15 6.3675851014289074e+05 5.8592989076339712e+04 1.0162480711728114e+16 2.8004657913138558e+28
3.2154385113611301e-15 6.3204387431417545e+05 5.7218004293960847e+04 9.7666455082534140e+15 2.7291564917682183e+28
3.1420042213961282e-15 6.2732126281968085e+05 5.5865411589890216e+04 9.3834078006609640e+15 2.6582844389862486e+28
3.0702470261488918e-15 6.2259097855703766e+05 5.4535018814147661e+04 9.0124634714216420e+15 2.5879615231002722e+28
3.0001286240753394e-15 6.1785517909793195e+05 5.3227133289696758e+04 8.6536510206568940e+15 2.5181834475363323e+28
2.9316115883633456e-15 6.1311429746926378e+05 5.1941585107563893e+04 8.3066720916223950e+15 2.4492548937433149e+28
2.8646593469555428e-15 6.0836831154242170e+05 5.0678075104473864e+04 7.9712004981369340e+15 2.3809598935310864e+28
2.7992361630283719e-15 6.0361776399850030e+05 4.9436435609595130e+04 7.6469555404282320e+15 2.3134440141831738e+28
2.7353071159170559e-15 5.9886642741384893e+05 4.8217310124010561e+04 7.3338686898942230e+15 2.2468363852172468e+28
2.6728380824761013e-15 5.9411498978958547e+05 4.7020549008826754e+04 7.0316546555146660e+15 2.1810546398546022e+28
2.6117957188654957e-15 5.8936344516411377e+05 4.5845823012130473e+04 6.7399892155529090e+15 2.1162681704001455e+28
2.5521474427529691e-15 5.8461217441775429e+05 4.4692886482143585e+04 6.4585791377232870e+15 2.0523882532513574e+28
2.4938614159226217e-15 5.7986435191097390e+05 4.3562145830105415e+04 6.1872935489235910e+15 1.9895998474800091e+28
2.4369065272807395e-15 5.7512065395470220e+05 4.2453410985651892e+04 5.9258510223529030e+15 1.9278611071725265e+28
2.3812523762498158e-15 5.7038107406819693e+05 4.1366329460550500e+04 5.6739385629750590e+15 1.8671322453420750e+28
2.3268692565417277e-15 5.6564574068762595e+05 4.0300574452986082e+04 5.4312589799001710e+15 1.8075606924706730e+28
2.2737281403015041e-15 5.6091741066525434e+05 3.9256387675825368e+04 5.1976504450293900e+15 1.7491592435803615e+28
2.2218006626133126e-15 5.5619704501426290e+05 3.8233612988045104e+04 4.9728576089409040e+15 1.6918531309219044e+28
2.1710591063601611e-15 5.5148462867180991e+05 3.7231880791955831e+04 4.7565839671771960e+15 1.6357293935135985e+28
2.1214763874295099e-15 5.4678011573229695e+05 3.6250814694805158e+04 4.5485408883359980e+15 1.5808512335946055e+28
2.0730260402566669e-15 5.4208556456605229e+05 3.5290459007927646e+04 4.3485367461365680e+15 1.5270979632736080e+28
2.0256822036983470e-15 5.3740243833990116e+05 3.4350733967290449e+04 4.1563526539044020e+15 1.4746223156190877e+28
1.9794196072289361e-15 5.3273070525441447e+05 3.3431257881072554e+04 3.9717121611553060e+15 1.4233695748912081e+28
1.9342135574518784e-15 5.2807028555592895e+05 3.2531641526063890e+04 3.7943461654850655e+15 1.3732935237920737e+28
1.8900399249192402e-15 5.2342253522570111e+05 3.1651758570302667e+04 3.6240461213078335e+15 1.3244654026945040e+28
1.8468751312522100e-15 5.1879058412535529e+05 3.0791807895933194e+04 3.4606664700133055e+15 1.2769428089004847e+28
1.8046961365557400e-15 5.1417454051629698e+05 2.9951424414057801e+04 3.3039537158488710e+15 1.2306073390226924e+28
1.7634804271206827e-15 5.0957438388905901e+05 2.9130224316937161e+04 3.1536586235926220e+15 1.1855144970581122e+28
1.7232060034067163e-15 5.0499006332775438e+05 2.8327823961341925e+04 3.0095397784115840e+15 1.1416441031563970e+28
1.6838513682997199e-15 5.0042149586603185e+05 2.7543839602453889e+04 2.8713634111943700e+15 1.0989777714783451e+28
1.6453955156373893e-15 4.9586856000722852e+05 2.6777886234509417e+04 2.7389030953411390e+15 1.0574747792093813e+28
1.6078179189968424e-15 4.9133108575970057e+05 2.6029575348753817e+04 2.6119393721986785e+15 1.0171112933463094e+28
1.5710985207382948e-15 4.8680882888770534e+05 2.5298508323974427e+04 2.4902589899774570e+15 9.7795467704844452e+27
1.5352177212990160e-15 4.8230467278004548e+05 2.4584767885327292e+04 2.3737360357406920e+15 9.3999717358312871e+27
1.5001563687317299e-15 4.7782365327212395e+05 2.3888762052572460e+04 2.2622932525626890e+15 9.0319653260877987e+27
1.4658957484819409e-15 4.7336583144436934e+05 2.3210117755099156e+04 2.1557253534280030e+15 8.6758928132229882e+27
1.4324175733987857e-15 4.6893118332072295e+05 2.2548455375705336e+04 2.0538328147569850e+15 8.3309919222771822e+27
1.3997039739739272e-15 4.6451966724438581e+05 2.1903399525485722e+04 1.9564234399491488e+15 7.9973085555565644e+27
1.3677374888034679e-15 4.6013123409037763e+05 2.1274580590287991e+04 1.8633123605386632e+15 7.6745362364594802e+27
1.3365010552676013e-15 4.5576580773642584e+05 2.0661632057362960e+04 1.7743213992253800e+15 7.3623914173710824e+27
1.3059780004232072e-15 4.5142328583717905e+05 2.0064190740043920e+04 1.6892789168888262e+15 7.0607556190662133e+27
1.2761520321043861e-15 4.4710354241895973e+05 1.9481897237489138e+04 1.6080196915527435e+15 6.7692904264056996e+27
1.2470072302262402e-15 4.4280644481890241e+05 1.8914398077554815e+04 1.5303850361290435e+15 6.4877609527228563e+27
1.2185280382873081e-15 4.3853190177769045e+05 1.8361351857081441e+04 1.4562233823668540e+15 6.2160196185639194e+27
1.1906992550660171e-15 4.3427971238557337e+05 1.7822409597622107e+04 1.3853874225182812e+15 5.9535828750408791e+27
1.1635060265067758e-15 4.3004961979015928e+05 1.7297221566026237e+04 1.3177350691770040e+15 5.7006594526549576e+27
1.1369338377914151e-15 4.2584129427173745e+05 1.6785433909042371e+04 1.2531291171441912e+15 5.4565249742910231e+27
1.1109685055916584e-15 4.2165676813393930e+05 1.6286968630423464e+04 1.1914723058254858e+15 5.2212085115903655e+27
1.0855961704985305e-15 4.1750121445775399e+05 1.5802108785310582e+04 1.1327112213961628e+15 4.9949235368871287e+27
1.0608032896247057e-15 4.1337473298511124e+05 1.5330539269070603e+04 1.0767185492774221e+15 4.7772136523656317e+27
1.0365766293757621e-15 4.0927722467151791e+05 1.4871928753354412e+04 1.0233696020538148e+15 4.5679872542568043e+27
1.0129032583865274e-15 4.0520857945681521e+05 1.4425951989727866e+04 9.7254493781056738e+14 4.3667039959992721e+27
9.8977054061878349e-16 4.0116867606492667e+05 1.3992289769281371e+04 9.2413016210740575e+14 4.1733102256697790e+27
9.6716612861656596e-16 3.9715738186642603e+05 1.3570628879035110e+04 8.7801573654231175e+14 3.9875568845832794e+27
9.4507795691550233e-16 3.9317455270631274e+05 1.3160662050079562e+04 8.3409679298917025e+14 3.8091674596428835e+27
9.2349423560270548e-16 3.8922003253539588e+05 1.2762087890280529e+04 7.9227295260264612e+14 3.6380679597875068e+27
9.0240344402369017e-16 3.8529365246103553e+05 1.2374610759210313e+04 7.5244814485147125e+14 3.4736522199837474e+27
8.8179432463306952e-16 3.8139523309799301e+05 1.1997940913477032e+04 7.1453046497992562e+14 3.3157385492212406e+27
8.6165587698563285e-16 3.7752457809322147e+05 1.1631793922597271e+04 6.7843195290606675e+14 3.1643997760719642e+27
8.4197735186470735e-16 3.7368147888491477e+05 1.1275891004072118e+04 6.4406848714812012e+14 3.0192887769826956e+27
8.2274824554458266e-16 3.6986571060873364e+05 1.0929958621505408e+04 6.1135960031302325e+14 2.8800278619656368e+27
8.0395829418396960e-16 3.6607703070387541e+05 1.0593728301812160e+04 5.8022832931590350e+14 2.7465458158533352e+27
