8.0395829418396959e-13 6.2833832049281907e+05 2.0044928981871044e+05 3.6918051962535584e+16 6.1914075020906692e+26
7.8559746834753246e-13 6.3018124191094306e+05 2.0052740463890266e+05 3.7060724388067376e+16 6.4024261105663774e+26
7.6765596765250801e-13 6.3207722464685026e+05 2.0060209678255016e+05 3.7206503418312800e+16 6.6254237947465365e+26
7.5012421553758558e-13 6.3402996174235817e+05 2.0067414820936948e+05 3.7356075617530672e+16 6.8637343270084329e+26
7.3299285415128468e-13 6.3604311760824756e+05 2.0074447972150077e+05 3.7510202342458200e+16 7.1170591304916866e+26
7.1625273935704306e-13 6.3812064789154090e+05 2.0081414341825928e+05 3.7669737639776376e+16 7.3877777463407706e+26
6.9989493585237990e-13 6.4026696662174223e+05 2.0088432766469181e+05 3.7835643606947592e+16 7.6766915240869112e+26
6.8391071239955609e-13 6.4248707855421887e+05 2.0095639632777093e+05 3.8009019251877992e+16 7.9858817518199196e+26
6.6829153716511489e-13 6.4478672752699058e+05 2.0103193585115753e+05 3.8191135101617360e+16 8.3167089168768473e+26
6.5302907316589952e-13 6.4717175805082649e+05 2.0111281144446169e+05 3.8383420774168136e+16 8.6723341596175108e+26
6.3811517381904706e-13 6.4964830160015728e+05 2.0120114588105027e+05 3.8587472127693080e+16 9.0539264301303866e+26
6.2354187859361313e-13 6.5222301446304773e+05 2.0129935543273343e+05 3.8805088204590048e+16 9.4649478774962299e+26
6.0930140876152718e-13 6.5490353893278667e+05 2.0141020087721996e+05 3.9038332662165544e+16 9.9075696001709219e+26
5.9538616324556484e-13 6.5769817984286021e+05 2.0153686745699742e+05 3.9289556495205720e+16 1.0386939693623333e+27
5.8178871456214496e-13 6.6061572523133270e+05 2.0168300156381339e+05 3.9561412183095368e+16 1.0904926243184853e+27
5.6850180485680912e-13 6.6366620045861241e+05 2.0185280473843424e+05 3.9856961877006984e+16 1.1465957860952504e+27
5.5551834203020698e-13 6.6686031281207420e+05 2.0205113654234147e+05 4.0179699990018480e+16 1.2075393344660097e+27
5.4283139595259256e-13 6.7020921478394174e+05 2.0228355746194132e+05 4.0533573625215224e+16 1.2739982831408102e+27
5.3043419476474946e-13 6.7372565303241624e+05 2.0255650568262316e+05 4.0923170882254728e+16 1.3462117700756619e+27
5.1832012126339740e-13 6.7742327960075892e+05 2.0287744304590067e+05 4.1353766336316368e+16 1.4251847909283068e+27
5.0648270936916735e-13 6.8131631379975937e+05 2.0325496829459086e+05 4.1831382277727552e+16 1.5114539323003330e+27
4.9491564067522283e-13 6.8542096612215729e+05 2.0369914902088730e+05 4.2363097999364184e+16 1.6061593435081070e+27
4.8361274107470329e-13 6.8975468460180319e+05 2.0422180732032700e+05 4.2957183503986408e+16 1.7099842107117259e+27
4.7256797746521049e-13 6.9433582110019715e+05 2.0483685591805782e+05 4.3623302750037992e+16 1.8237962390631736e+27
4.6177545452852868e-13 6.9918318508036458e+05 2.0556073319120824e+05 4.4372771016595240e+16 1.9492996329325082e+27
4.5122941158391827e-13 7.0431643713892228e+05 2.0641311023886624e+05 4.5219038130136408e+16 2.0866647393387536e+27
4.4092421951325472e-13 7.0975739615995216e+05 2.0741831322266816e+05 4.6178634180623776e+16 2.2377206207233145e+27
4.3085437775639206e-13 7.1552781184469897e+05 2.0860702798734998e+05 4.7272003662295536e+16 2.4031854633125063e+27
4.2101451137516242e-13 7.2164877881262859e+05 2.1002006184107202e+05 4.8525536841739960e+16 2.5833729252842987e+27
4.1139936818441155e-13 7.2814068320500269e+05 2.1171822709920764e+05 4.9976728151851144e+16 2.7776705548043067e+27
4.0200381594855675e-13 7.3467352540171111e+05 2.1370908278235266e+05 5.1602846873626136e+16 2.9718451620133985e+27
3.9282283964218600e-13 7.3843198070402909e+05 2.1506546677481086e+05 5.2655519409862216e+16 3.0774905234431566e+27
3.8385153877319545e-13 7.4025844954202638e+05 2.1578970276964389e+05 5.3203424704284776e+16 3.1263421935147711e+27
3.7508512476708503e-13 7.4203497727444523e+05 2.1648950662514960e+05 5.3737944165139696e+16 3.1751355094961066e+27
3.6651891841097572e-13 7.4382784018778207e+05 2.1718950086325791e+05 5.4278174223708624e+16 3.2253539301916492e+27
3.5814834735600098e-13 7.4563671522094368e+05 2.1788947387211418e+05 5.4824041952907992e+16 3.2769822500838313e+27
3.4996894367675177e-13 7.4746129531978513e+05 2.1858921325927728e+05 5.5375473447622536e+16 3.3301437015703376e+27
3.4197634148644563e-13 7.4930132204266090e+05 2.1928852831560283e+05 5.5932408468392144e+16 3.3851731030600492e+27
3.3416627460656126e-13 7.5115642655680724e+05 2.1998718606098535e+05 5.6494750861827872e+16 3.4415845827947942e+27
3.2653457428970620e-13 7.5302632014181919e+05 2.2068498063494751e+05 5.7062424318439624e+16 3.5000661120539449e+27
3.1907716699447724e-13 7.5491060482157418e+05 2.2138166430438109e+05 5.7635315954560856e+16 3.5598789631481311e+27
3.1179007221113923e-13 7.5680902552265080e+05 2.2207703646974789e+05 5.8213350522225368e+16 3.6219261588817278e+27
3.0466940033697372e-13 7.5872131097081909e+05 2.2277089085409199e+05 5.8796445542743296e+16 3.6855079826222707e+27
2.9771135060013152e-13 7.6064710859475168e+05 2.2346299761146773e+05 5.9384493867296344e+16 3.7512832580211473e+27
2.9091220903091890e-13 7.6258608205457532e+05 2.2415313032938034e+05 5.9977389196235992e+16 3.8187340377337274e+27
2.8426834647940371e-13 7.6453776020043052e+05 2.2484101775068929e+05 6.0574981900638952e+16 3.8885320380014603e+27
2.7777621667829500e-13 7.6650178351614717e+05 2.2552641917215419e+05 6.1177148223404976e+16 3.9601427412203789e+27
2.7143235435007391e-13 7.6847775062325003e+05 2.2620907826245762e+05 6.1783747479335600e+16 4.0341198031676579e+27
2.6523337335734285e-13 7.7046536366059154e+05 2.2688876836658554e+05 6.2394664050956392e+16 4.1100135655743793e+27
2.5917596489541772e-13 7.7246423310429696e+05 2.2756523732767586e+05 6.3009754073913440e+16 4.1885513805405397e+27
2.5325689572620839e-13 7.7447405756061373e+05 2.2823826052085153e+05 6.3628896091590048e+16 4.2690126621942155e+27
2.4747300645241784e-13 7.7649423848586041e+05 2.2890752266088757e+05 6.4251877494787712e+16 4.3519505639649615e+27
2.4182120983117104e-13 7.7852441343025060e+05 2.2957276910679444e+05 6.4878544945236552e+16 4.4374094540236952e+27
2.3629848912614671e-13 7.8056416665137233e+05 2.3023373129423166e+05 6.5508726280952264e+16 4.5255961880880925e+27
2.3090189649734352e-13 7.8261319038692361e+05 2.3089017092548450e+05 6.6142276536282960e+16 4.6157592958109624e+27
2.2562855142762949e-13 7.8467092132684006e+05 2.3154177911243943e+05 6.6778973735002976e+16 4.7089105062028862e+27
2.2047563918521709e-13 7.8673699918362650e+05 2.3218829514452114e+05 6.7418645368470592e+16 4.8051788087059757e+27
2.1544040932125280e-13 7.8881094955164066e+05 2.3282943080439809e+05 6.8061083923996216e+16 4.9037235569681204e+27
2.1052017420172673e-13 7.9089242627846799e+05 2.3346492992138065e+05 6.8706113165733464e+16 5.0055422185914496e+27
2.0571230757290243e-13 7.9298081280715938e+05 2.3409447112359991e+05 6.9353478258655304e+16 5.1097620184425941e+27
2.0101424315950971e-13 7.9507564074868872e+05 2.3471775427084649e+05 7.0002951988376368e+16 5.2169704931437442e+27
1.9642347329496030e-13 7.9717638705232146e+05 2.3533447647475905e+05 7.0654292745209624e+16 5.3280363371608278e+27
1.9193754758283432e-13 7.9928252811868105e+05 2.3594431508868712e+05 7.1307242985206448e+16 5.4421165694871063e+27
1.8755407158894795e-13 8.0139369278790615e+05 2.3654699364354345e+05 7.1961588805744672e+16 5.5587534758625509e+27
1.8327070556328355e-13 8.0350942325615720e+05 2.3714221129425245e+05 7.2617085433730688e+16 5.6793419221685474e+27
1.7908516319110873e-13 8.0562932007271622e+05 2.3772969098832103e+05 7.3273506150284944e+16 5.8030953375655882e+27
1.7499521037262478e-13 8.0775264208408573e+05 2.3830906526939888e+05 7.3930515735888752e+16 5.9308960246489759e+27
1.7099866403047436e-13 8.0987901861201599e+05 2.3888005216331928e+05 7.4587879320957760e+16 6.0618086919333188e+27
1.6709339094449448e-13 8.1200770771005063e+05 2.3944228526824253e+05 7.5245250645869456e+16 6.1965165540857202e+27
1.6327730661307397e-13 8.1413827271348855e+05 2.3999545271902127e+05 7.5902357596449664e+16 6.3353527645214867e+27
1.5954837414051565e-13 8.1627016478334973e+05 2.4053922642124316e+05 7.6558896140505648e+16 6.4780822921526414e+27
1.5590460314981504e-13 8.1840289019824425e+05 2.4107327971874364e+05 7.7214567137180624e+16 6.6250071559059616e+27
1.5234404872026269e-13 8.2053599008210981e+05 2.4159731219404438e+05 7.7869087542848400e+16 6.7759716892080432e+27
1.4886481034931015e-13 8.2266870170168870e+05 2.4211094551940309e+05 7.8522074461329136e+16 6.9305698628005902e+27
1.4546503093815020e-13 8.2480063194266846e+05 2.4261387928718320e+05 7.9173246451604528e+16 7.0901216172353761e+27
1.4214289580045901e-13 8.2693089264431479e+05 2.4310572106667826e+05 7.9822180067438848e+16 7.2541308916022001e+27
1.3889663169377659e-13 8.2905897339126968e+05 2.4358612331251072e+05 8.0468536285219904e+16 7.4224617337234653e+27
1.3572450587301461e-13 8.3118436669036106e+05 2.4405475635186641e+05 8.1111982648321200e+16 7.5954543363145618e+27
1.3262482516557153e-13 8.3330649306452635e+05 2.4451127053273737e+05 8.1752158099287584e+16 7.7738149308296750e+27
1.2959593506757878e-13 8.3542491503346851e+05 2.4495535869911421e+05 8.2388747734155760e+16 7.9566074418231563e+27
1.2663621886078123e-13 8.3753851825132768e+05 2.4538659813228206e+05 8.3021243303544688e+16 8.1448221836721806e+27
1.2374409674958667e-13 8.3964676714325021e+05 2.4580462464956523e+05 8.3649268001210032e+16 8.3379378708336162e+27
1.2091802501782780e-13 8.4174908883419272e+05 2.4620908869040370e+05 8.4272442896369184e+16 8.5364835757816755e+27
1.1815649520477777e-13 8.4384481176095537e+05 2.4659960686310122e+05 8.4890347105351840e+16 8.7405361986084752e+27
1.1545803329998362e-13 8.4593353929331142e+05 2.4697585652288355e+05 8.5502642043421376e+16 8.9487090010491970e+27
1.1282119895649331e-13 8.4801434321923601e+05 2.4733744763508823e+05 8.6108847488569536e+16 9.1637957485660639e+27
1.1024458472204377e-13 8.5008666971381067e+05 2.4768401505591333e+05 8.6708562763877376e+16 9.3852718249258842e+27
1.0772681528781416e-13 8.5214992506828811e+05 2.4801522627817665e+05 8.7301396232116688e+16 9.6128124989900659e+27
1.0526654675433147e-13 8.5420302597035677e+05 2.4833066204733471e+05 8.7886806384790768e+16 9.8453111958562120e+27
1.0286246591414157e-13 8.5624551162909751e+05 2.4862995782196373e+05 8.8464399676218032e+16 1.0084251179854166e+28
1.0051328955086642e-13 8.5827664303792757e+05 2.4891274736210608e+05 8.9033725216861040e+16 1.0329242092065158e+28
9.8217763754265583e-14 8.6029568443991279e+05 2.4917863765842927e+05 8.9594312934489712e+16 1.0581391118646315e+28
9.5974663250940560e-14 8.6230220383970300e+05 2.4942728829884855e+05 9.0145782577034032e+16 1.0839848362378394e+28
9.3782790750328011e-14 8.6429508276140341e+05 2.4965832939490650e+05 9.0687596281158560e+16 1.1104915082316062e+28
9.1640976305625656e-14 8.6627357920318912e+05 2.4987135417697422e+05 9.1219265510802448e+16 1.1376347254958192e+28
8.9548076689313450e-14 8.6823717754111660e+05 2.5006600042316149e+05 9.1740373132252560e+16 1.1656153323889107e+28
8.7502974782940347e-14 8.7018489492790087e+05 2.5024188580538001e+05 9.2250392012456240e+16 1.1941709163571967e+28
8.5504578980841602e-14 8.7211615744990262e+05 2.5039861565399898e+05 9.2748870201438752e+16 1.2235725678439468e+28
8.3551822607479450e-14 8.7403038859345543e+05 2.5053584934910852e+05 9.3235387598145328e+16 1.2537312814285524e+28
8.1643663348086941e-14 8.7592646190403006e+05 2.5065321950189112e+05 9.3709390873470848e+16 1.2845432169434206e+28
7.9779082692314898e-14 8.7780381982873741e+05 2.5075033060483122e+05 9.4170428601177360e+16 1.3159996462998637e+28
7.7957085390588123e-14 8.7966183802773606e+05 2.5082685442077895e+05 9.4618076572583280e+16 1.3484728295662711e+28
7.6176698922872544e-14 8.8149935853011184e+05 2.5088244204842878e+05 9.5051782552557408e+16 1.3816803792485751e+28
7.4436972979579387e-14 8.8331582947335870e+05 2.5091669829440452e+05 9.5471097161311408e+16 1.4156129345811698e+28
7.2736978954321352e-14 8.8511059370166808e+05 2.5092931728522814e+05 9.5875603951997824e+16 1.4504500375665848e+28
7.1075809448253324e-14 8.8688234251720482e+05 2.5091998680901283e+05 9.6264738779126432e+16 1.4860964804416270e+28
6.9452577785735583e-14 8.8863044602379471e+05 2.5088828588313109e+05 9.6638022364597056e+16 1.5224861563824683e+28
6.7866417541055714e-14 8.9035427676425723e+05 2.5083386552416341e+05 9.6995022314946752e+16 1.5597213538952614e+28
6.6316482075959181e-14 8.9205271245906828e+05 2.5075641163774690e+05 9.7335217551538800e+16 1.5979422565698805e+28
6.4801944087744509e-14 8.9372510381933185e+05 2.5065550173623438e+05 9.7658130720993856e+16 1.6370324742957802e+28
6.3321995167676364e-14 8.9537087661868171e+05 2.5053078083667115e+05 9.7963346862444448e+16 1.6768643379859452e+28
6.1875845369483762e-14 8.9698893065501959e+05 2.5038199335899157e+05 9.8250392799827552e+16 1.7176229767534851e+28
6.0462722787715319e-14 8.9857856616828358e+05 2.5020874041598846e+05 9.8518805280518816e+16 1.7593852928792391e+28
5.9081873145721601e-14 9.0013928669639234e+05 2.5001067468657557e+05 9.8768205214392624e+16 1.8019713430420915e+28
5.7732559393047217e-14 9.0166991828704916e+05 2.4978768940440106e+05 9.8998202770004144e+16 1.8456786386721438e+28
5.6414061312020209e-14 9.0316950502782897e+05 2.4953944633791514e+05 9.9208324306023168e+16 1.8901656103514541e+28
5.5125675133322412e-14 9.0463747809996468e+05 2.4926554991968782e+05 9.9398160088917952e+16 1.9354403046193426e+28
5.3866713160343085e-14 9.0607299271801091e+05 2.4896583518799249e+05 9.9567378449396144e+16 1.9818658038453503e+28
5.2636503402109189e-14 9.0747488216499891e+05 2.4864008484946677e+05 9.9715543594268976e+16 2.0291618334704183e+28
5.1434389214598862e-14 9.0884249066595803e+05 2.4828787652144895e+05 9.9842228480373392e+16 2.0773916460944079e+28
5.0259728950248755e-14 9.1017519143505371e+05 2.4790891422721997e+05 9.9947096748773280e+16 2.1263789370772711e+28
4.9111895615462751e-14 9.1147185660654097e+05 2.4750310976851929e+05 1.0002981847727530e+17 2.1763901198064122e+28
4.7990276535945624e-14 9.1273172172185942e+05 2.4707007636926472e+05 1.0008998527544054e+17 2.2276341458399339e+28
4.6894273029677714e-14 9.1395421699217591e+05 2.4660944679903673e+05 1.0012725863731301e+17 2.2794621775735326e+28
4.5823300087358381e-14 9.1513844747912989e+05 2.4612124069112568e+05 1.0014145401714141e+17 2.3323037492864484e+28
4.4776786060149089e-14 9.1628335915473406e+05 2.4560529942269286e+05 1.0013225042575565e+17 2.3862256415019302e+28
4.3754172354546191e-14 9.1738827883799875e+05 2.4506122527841869e+05 1.0009929431774306e+17 2.4411917581874307e+28
4.2754913134222209e-14 9.1845262833037076e+05 2.4448878754871400e+05 1.0004236458579154e+17 2.4971063526094708e+28
4.1778475028678120e-14 9.1947532505631575e+05 2.4388817879045691e+05 9.9961363779398320e+16 2.5533583287197501e+28
4.0824336848547811e-14 9.2045552071593900e+05 2.4325908191545203e+05 9.9855971809044592e+16 2.6108545176568342e+28
3.9891989307404462e-14 9.2139256049226318e+05 2.4260113202947954e+05 9.9725904018962096e+16 2.6693432481320469e+28
3.8980934749921996e-14 9.2228580624611245e+05 2.4191431203888581e+05 9.9571089665588288e+16 2.7289168355981306e+28
3.8090686886242321e-14 9.2313421103136754e+05 2.4119880004347191e+05 9.9391471395278224e+16 2.7887824915065545e+28
3.7220770532411519e-14 9.2393700630153040e+05 2.4045422936243951e+05 9.9186769987565440e+16 2.8499439397578677e+28
3.6370721356742348e-14 9.2469357240867254e+05 2.3968027785738377e+05 9.8956785126127392e+16 2.9118553888366837e+28
3.5540085631969392e-14 9.2540324847999611e+05 2.3887720579948643e+05 9.8701640683553936e+16 2.9748537927329113e+28
3.4728419993065977e-14 9.2606507982052548e+05 2.3804513490749936e+05 9.8421316627013536e+16 3.0380096257957050e+28
3.3935291200589816e-14 9.2667831354008510e+05 2.3718371502112519e+05 9.8115600470901088e+16 3.1024746754763187e+28
3.3160275909435640e-14 9.2724235400778521e+05 2.3629267487710205e+05 9.7784381067703584e+16 3.1672436720200725e+28
3.2402960442867525e-14 9.2775660587305343e+05 2.3537251864895545e+05 9.7427977904450448e+16 3.2332201045881112e+28
3.1662940571711986e-14 9.2822019061651593e+05 2.3442336336175710e+05 9.7046436513688464e+16 3.2994649335878912e+28
3.0939821298595029e-14 9.2863233818215958e+05 2.3344488805682000e+05 9.6639612005257856e+16 3.3667354298512936e+28
3.0233216647105607e-14 9.2899244128412870e+05 2.3243684937034285e+05 9.6207461644534176e+16 3.4344252435127955e+28
2.9542749455774224e-14 9.2930003983421274e+05 2.3139985021578113e+05 9.5750438166544416e+16 3.5023446593509265e+28
2.8868051176757726e-14 9.2955433979325322e+05 2.3033410609296701e+05 9.5268711271530976e+16 3.5712750419700676e+28
2.8208761679120653e-14 9.2975456443755527e+05 2.2923933221044400e+05 9.4762211116983072e+16 3.6406056144363162e+28
2.7564529056609296e-14 9.2990009736711218e+05 2.2811530813586243e+05 9.4230961925606048e+16 3.7100982934712244e+28
2.6935009439816838e-14 9.2999067503265536e+05 2.2696269261090070e+05 9.3675541843663824e+16 3.7801719657520207e+28
2.6319866812637211e-14 9.3002567522703239e+05 2.2578207422709092e+05 9.3096402017281440e+16 3.8509153774690476e+28
2.5718772832910860e-14 9.3000428924711025e+05 2.2457320178482452e+05 9.2493535617007872e+16 3.9215566299793328e+28
2.5131406657167638e-14 9.2992582487958157e+05 2.2333586833113516e+05 9.1867008076048800e+16 3.9925467296999043e+28
2.4557454769370657e-14 9.2978998377010319e+05 2.2207039515163322e+05 9.1217263883220144e+16 4.0637279115835635e+28
2.3996610813572847e-14 9.2959651046985388e+05 2.2077780836485885e+05 9.0545105347743696e+16 4.1347224885558781e+28
2.3448575430394285e-14 9.2934460096993588e+05 2.1945796344210082e+05 8.9850631694822048e+16 4.2063840419915803e+28
2.2913056097234067e-14 9.2903353811755765e+05 2.1811068656596731e+05 8.9133969426083280e+16 4.2776905249313370e+28
2.2389766972132404e-14 9.2866288693611522e+05 2.1673599951194061e+05 8.8395429735200944e+16 4.3485038001469454e+28
2.1878428741197178e-14 9.2823291781067371e+05 2.1533533786510781e+05 8.7636173878154880e+16 4.4200693705234309e+28
2.1378768469516348e-14 9.2774304696708662e+05 2.1390901313549731e+05 8.6856614209743968e+16 4.4911299788403781e+28
2.0890519455474319e-14 9.2719251153018977e+05 2.1245688482601847e+05 8.6056922375138048e+16 4.5617790797948859e+28
2.0413421088395478e-14 9.2658068536255963e+05 2.1097885954442807e+05 8.5237345354545808e+16 4.6316022976722269e+28
1.9947218709439593e-14 9.2590765363223467e+05 2.0947564203930524e+05 8.4398683555616256e+16 4.7021817956594565e+28
1.9491663475673367e-14 9.2517373153807595e+05 2.0794871700940616e+05 8.3542134709252864e+16 4.7709950159534311e+28
1.9046512227246311e-14 9.2437816332788090e+05 2.0639804320577745e+05 8.2667947370837840e+16 4.8404393649645707e+28
1.8611527357600804e-14 9.2352023827269149e+05 2.0482354729108763e+05 8.1776384350850304e+16 4.9082953673598113e+28
1.8186476686645556e-14 9.2259942711484595e+05 2.0322521992063217e+05 8.0867798972060560e+16 4.9752176345626196e+28
1.7771133336825583e-14 9.2161641720592149e+05 2.0160448793823025e+05 7.9943463192964320e+16 5.0422011615889113e+28
1.7365275612023216e-14 9.2057127293247788e+05 1.9996236327667607e+05 7.9004301193288736e+16 5.1077036769289206e+28
1.6968686879223694e-14 9.1946326403916080e+05 1.9829881359150121e+05 7.8050605702750192e+16 5.1721677861356836e+28
1.6581155452884349e-14 9.1829174515935290e+05 1.9661383092254709e+05 7.7082716347140560e+16 5.2353152156752054e+28
1.6202474481943860e-14 9.1705634466839943e+05 1.9490753666665053e+05 7.6101106647424944e+16 5.2977315501708442e+28
1.5832441839412017e-14 9.1575841815497063e+05 1.9318193405051561e+05 7.5107416194160064e+16 5.3592623642055102e+28
1.5470860014481690e-14 9.1439804440021084e+05 1.9143793054541672e+05 7.4102512026082720e+16 5.4184104473792051e+28
1.5117536007103770e-14 9.1297453696503374e+05 1.8967555446727146e+05 7.3086733181440288e+16 5.4773255767153374e+28
1.4772281224970779e-14 9.1148728740100807e+05 1.8789485329039756e+05 7.2060457537991744e+16 5.5341587729548480e+28
1.4434911382852522e-14 9.0993591808469500e+05 1.8609596547854177e+05 7.1024164209063168e+16 5.5894997135420331e+28
1.4105246404230745e-14 9.0832200083492999e+05 1.8428088164808275e+05 6.9979473691568672e+16 5.6422003448857214e+28
1.3783110325180794e-14 9.0664591616839007e+05 1.8245069236399964e+05 6.8927358939328080e+16 5.6947606022144487e+28
1.3468331200447878e-14 9.0490703124297468e+05 1.8060547886026831e+05 6.7868183305415352e+16 5.7441035940422256e+28
1.3160741011668400e-14 9.0310477730531490e+05 1.7874533487166633e+05 6.6802339348683928e+16 5.7918927750096445e+28
1.2860175577687812e-14 9.0123873176496872e+05 1.7687038797379215e+05 6.5730274541184032e+16 5.8377295033347890e+28
1.2566474466926146e-14 8.9931031189987808e+05 1.7498224479696067e+05 6.4653358114307848e+16 5.8808524303939269e+28
1.2279480911744954e-14 8.9732095378951251e+05 1.7308277274118186e+05 6.3573008949671368e+16 5.9229193580171700e+28
1.1999041724770400e-14 8.9527008279278222e+05 1.7117210237513270e+05 6.2489587471802984e+16 5.9616340029661810e+28
1.1725007217126900e-14 8.9315715613605245e+05 1.6925036324964013e+05 6.1403467890740936e+16 5.9991909536959705e+28
1.1457231118538169e-14 8.9098170843615464e+05 1.6731769681316332e+05 6.0315051844217312e+16 6.0344933952783877e+28
1.1195570499253468e-14 8.8874390429276624e+05 1.6537463043585114e+05 5.9225002834788120e+16 6.0664290690815889e+28
1.0939885693756198e-14 8.8644579807555978e+05 1.6342321944764227e+05 5.8134843066813584e+16 6.0949251119173052e+28
1.0690040226215535e-14 8.8408731220186583e+05 1.6146390996067130e+05 5.7045105666620672e+16 6.1219826611995615e+28
1.0445900737640148e-14 8.8166875847195566e+05 1.5949734569489892e+05 5.5956457920533032e+16 6.1458018074129998e+28
1.0207336914695582e-14 8.7919131109489466e+05 1.5752486452398443e+05 5.4869931212689488e+16 6.1679910165435459e+28
9.9742214201477500e-15 8.7665468291069660e+05 1.5554670623650955e+05 5.3785911745144656e+16 6.1866315689017550e+28
9.7464298248943204e-15 8.7405967378889315e+05 1.5356380642764582e+05 5.2705198048323624e+16 6.2035461288117451e+28
9.5238405415489943e-15 8.7140745348997286e+05 1.5157743249058185e+05 5.1628727162561064e+16 6.2158497192655611e+28
9.3063347595421789e-15 8.6869772347941878e+05 1.4958778543338386e+05 5.0556826389763832e+16 6.2267822831823924e+28
9.0937963817038467e-15 8.6593153566787380e+05 1.4759592028251523e+05 4.9490309172377280e+16 6.2337638784129491e+28
8.8861119622950472e-15 8.6310984717091988e+05 1.4560288808024698e+05 4.8429938364612640e+16 6.2391985591811118e+28
8.6831706464543330e-15 8.6023239003058418e+05 1.4360888211941335e+05 4.7375999087049216e+16 6.2406369507555729e+28
8.4848641110271021e-15 8.5730033479553030e+05 1.4161496999614438e+05 4.6329259766332192e+16 6.2390952139170675e+28
8.2910865067466053e-15 8.5431456706319819e+05 1.3962208376222104e+05 4.5290370332921824e+16 6.2352136329006901e+28
8.1017344017351153e-15 8.5127486736145162e+05 1.3763041161139225e+05 4.4259576671043232e+16 6.2279446473140572e+28
7.9167067262954120e-15 8.4818268423372961e+05 1.3564110728148694e+05 4.3237645003074760e+16 6.2172307900848873e+28
7.7359047189634282e-15 8.4503921223719942e+05 1.3365522160746189e+05 4.2225235387925368e+16 6.2038100599194902e+28
7.5592318737926421e-15 8.4184425990080601e+05 1.3167293323933939e+05 4.1222540242806016e+16 6.1876114098138056e+28
7.3865938888424051e-15 8.3859894049402885e+05 1.2969512809232347e+05 4.0230126611435336e+16 6.1699011828967350e+28
7.2178986158429975e-15 8.3530458650896326e+05 1.2772285246176776e+05 3.9248602889217192e+16 6.1476163708841181e+28
7.0530560110097832e-15 8.3196105284091400e+05 1.2575627315266921e+05 3.8278115527073232e+16 6.1231035860194861e+28
6.8919780869811397e-15 8.2856942610939988e+05 1.2379617710215664e+05 3.7319135045314072e+16 6.0955585552731231e+28
6.7345788658535760e-15 8.2513189892339217e+05 1.2184399126307506e+05 3.6372408981143800e+16 6.0640708328814310e+28
6.5807743332898606e-15 8.2164841997870873e+05 1.1989990204674339e+05 3.5438040315461820e+16 6.0309547624187598e+28
6.4304823936749431e-15 8.1811948765514127e+05 1.1796433446865415e+05 3.4516258585486636e+16 5.9945810803483195e+28
6.2836228262960381e-15 8.1454733987649390e+05 1.1603862496843697e+05 3.3607712582268080e+16 5.9563419645705330e+28
6.1401172425237023e-15 8.1093214851153630e+05 1.1412303668013067e+05 3.2712499923952496e+16 5.9155483890046722e+28
5.9998890439705759e-15 8.0727405502863636e+05 1.1221777117167454e+05 3.1830695467726212e+16 5.8712699403334891e+28
5.8628633816057044e-15 8.0357546691758558e+05 1.1032413230458443e+05 3.0962884575149484e+16 5.8245570617056120e+28
5.7289671158028247e-15 7.9983711639691668e+05 1.0844261184063712e+05 3.0109230511094412e+16 5.7763906070285713e+28
5.5981287773008504e-15 7.9605897718550137e+05 1.0657330085458972e+05 2.9269709004151620e+16 5.7245812751496305e+28
5.4702785290559493e-15 7.9224260291427653e+05 1.0471699295666872e+05 2.8444621070909616e+16 5.6717456275312861e+28
5.3453481289650542e-15 7.8838968165270332e+05 1.0287456279965331e+05 2.7634268643738684e+16 5.6153682171593839e+28
5.2232708934404756e-15 7.8450020550201845e+05 1.0104607506001498e+05 2.6838576391308728e+16 5.5579240123446098e+28
5.1039816618164203e-15 7.8057469193921424e+05 9.9231793594483694e+04 2.6057564462163528e+16 5.4981688199311777e+28
4.9874167615685985e-15 7.7661545781407121e+05 9.7432775258835158e+04 2.5291584036719192e+16 5.4355486156447785e+28
4.8735139743278304e-15 7.7262280557995511e+05 9.5649183727307129e+04 2.4540572623267864e+16 5.3711900022335628e+28
4.7622125026701672e-15 7.6859677427669032e+05 9.3881040348284267e+04 2.3804410827378816e+16 5.3057467363553496e+28
4.6534529376651431e-15 7.6453926975525881e+05 9.2129120311290055e+04 2.3083299715831244e+16 5.2380143075196367e+28
4.5471772271654456e-15 7.6045171225308522e+05 9.0394002375389551e+04 2.2377328651747688e+16 5.1701276453338280e+28
4.4433286448206034e-15 7.5633414797214454e+05 8.8675672094685448e+04 2.1686334815983904e+16 5.0989983814671687e+28
4.3418517597983386e-15 7.5218725581652636e+05 8.6974328639193118e+04 2.1010251974577456e+16 5.0270737435413390e+28
4.2426924071975897e-15 7.4801465266373835e+05 8.5291321742049680e+04 2.0349460983633172e+16 4.9536146658753762e+28
4.1457976591370770e-15 7.4381700734422589e+05 8.3626840860998782e+04 1.9703844050990320e+16 4.8790348198528064e+28
4.0511157965041552e-15 7.3959440935156506e+05 8.1980829864861575e+04 1.9073188233710672e+16 4.8034547154320617e+28
3.9585962813490184e-15 7.3534807668371079e+05 8.0353627758040049e+04 1.8457439683802168e+16 4.7273976051741470e+28
3.8681897299092095e-15 7.3107996353423712e+05 7.8745847877737426e+04 1.7856632645618298e+16 4.6490564945349030e+28
3.7798478862502085e-15 7.2679019244862837e+05 7.7157414892351371e+04 1.7270529804539606e+16 4.5710615643166957e+28
3.6935235965081540e-15 7.2247888484295027e+05 7.5588236294879447e+04 1.6698893908063612e+16 4.4921520611054309e+28
3.6091707837206704e-15 7.1814776478778617e+05 7.4038762538914321e+04 1.6141690589771682e+16 4.4118637360015180e+28
3.5267444232325131e-15 7.1379787279040017e+05 7.2509203847506287e+04 1.5598783332854752e+16 4.3316677441895944e+28
3.4462005186630304e-15 7.0942930126212351e+05 7.0999426140955242e+04 1.5069911973830178e+16 4.2509243070727377e+28
3.3674960784223519e-15 7.0504246303824615e+05 6.9509376363037896e+04 1.4554854524622608e+16 4.1694026623657135e+28
3.2905890927639030e-15 7.0064123451203876e+05 6.8040119175405765e+04 1.4053774725417448e+16 4.0878789150663717e+28
3.2154385113611301e-15 6.9622685105446051e+05 6.6591855406519171e+04 1.3566508692147884e+16 4.0063572310098143e+28
3.1420042213961282e-15 6.9179944667819585e+05 6.5164416429725090e+04 1.3092766706939370e+16 3.9251016166754059e+28
3.0702470261488918e-15 6.8735935364857595e+05 6.3757683271215465e+04 1.2632282903317862e+16 3.8427881516090396e+28
3.0001286240753394e-15 6.8290816580295155e+05 6.2371916465432114e+04 1.2184917998310632e+16 3.7612433519452477e+28
2.9316115883633456e-15 6.7844628671616327e+05 6.1007007755553619e+04 1.1750407247289800e+16 3.6795730531265902e+28
2.8646593469555428e-15 6.7397381822050060e+05 5.9662748793647763e+04 1.1328459374635578e+16 3.5981164121425735e+28
2.7992361630283719e-15 6.6949130104352697e+05 5.8339041666284764e+04 1.0918826744777064e+16 3.5167385474891776e+28
2.7353071159170559e-15 6.6500164415218565e+05 5.7036457783852216e+04 1.0521468428394526e+16 3.4366772318289110e+28
2.6728380824761013e-15 6.6050545723261079e+05 5.5754906888074933e+04 1.0136127334247144e+16 3.3564709399928715e+28
2.6117957188654957e-15 6.5600284874591639e+05 5.4494149207181588e+04 9.7625061585937280e+15 3.2763712261498150e+28
2.5521474427529691e-15 6.5149425481190265e+05 5.3254021069026872e+04 9.4003388751232220e+15 3.1976330778238620e+28
2.4938614159226217e-15 6.4698232754499698e+05 5.2034942349819343e+04 9.0495317121509580e+15 3.1190461487119059e+28
2.4369065272807395e-15 6.4246770894071658e+05 5.0836793988171245e+04 8.7098256246230170e+15 3.0409699806155221e+28
2.3812523762498158e-15 6.3795050736042298e+05 4.9659310893171663e+04 8.3809250226058190e+15 2.9646738483114121e+28
2.3268692565417277e-15 6.3343093269217608e+05 4.8502247101847723e+04 8.0625478071062480e+15 2.8881760482021531e+28
2.2737281403015041e-15 6.2891097180495528e+05 4.7365790467470542e+04 7.7545363453981580e+15 2.8132279140876990e+28
2.2218006626133126e-15 6.2439137291227933e+05 4.6249819986796363e+04 7.4566444117991440e+15 2.7379139719040806e+28
2.1710591063601611e-15 6.1987222165852226e+05 4.5154048471067850e+04 7.1685859276043470e+15 2.6646964689024242e+28
2.1214763874295099e-15 6.1535359519165498e+05 4.4078182604631627e+04 6.8900812317341420e+15 2.5921965683431971e+28
2.0730260402566669e-15 6.1083733003037900e+05 4.3022326235263725e+04 6.6209603126017610e+15 2.5207373811827938e+28
2.0256822036983470e-15 6.0632474075974757e+05 4.1986461899678645e+04 6.3610182021637390e+15 2.4502147767458474e+28
1.9794196072289361e-15 6.0181590424773458e+05 4.0970285724245572e+04 6.1099804433885310e+15 2.3808084195812096e+28
1.9342135574518784e-15 5.9731087152653642e+05 3.9973486701528003e+04 5.8675784835619910e+15 2.3121329565661603e+28
1.8900399249192402e-15 5.9281081551048695e+05 3.8995985014450387e+04 5.6336079843329440e+15 2.2452266657301500e+28
1.8468751312522100e-15 5.8831823828392592e+05 3.8037981804221075e+04 5.4079305441150680e+15 2.1790696498182464e+28
1.8046961365557400e-15 5.8383331107493013e+05 3.7099180993688045e+04 5.1902883254026750e+15 2.1142536554402870e+28
1.7634804271206827e-15 5.7935610293482977e+05 3.6179267639729493e+04 4.9804257704761120e+15 2.0511063856785602e+28
1.7232060034067163e-15 5.7488667742444342e+05 3.5277927669005061e+04 4.7780944155842960e+15 1.9888693254690085e+28
1.6838513682997199e-15 5.7042517831871728e+05 3.4394865733571663e+04 4.5830565708560850e+15 1.9276372223190608e+28
1.6453955156373893e-15 5.6597164401250321e+05 3.3529767648570589e+04 4.3950767126648285e+15 1.8678911992145682e+28
1.6078179189968424e-15 5.6152604906819505e+05 3.2682308464286019e+04 4.2139237495311890e+15 1.8088588524056849e+28
1.5710985207382948e-15 5.5708832837712357e+05 3.1852154273764758e+04 4.0393720764278140e+15 1.7515123369918025e+28
1.5352177212990160e-15 5.5266087813216064e+05 3.1039404956815422e+04 3.8712945590043960e+15 1.6951401656043418e+28
1.5001563687317299e-15 5.4824771114847739e+05 3.0244446830436318e+04 3.7096173799807150e+15 1.6402156420495165e+28
1.4658957484819409e-15 5.4384895062803652e+05 2.9466962803677136e+04 3.5541192010171760e+15 1.5866043234966805e+28
1.4324175733987857e-15 5.3946465558580682e+05 2.8706628337382401e+04 3.4045834232219515e+15 1.5344449774222730e+28
1.3997039739739272e-15 5.3509486385747849e+05 2.7963120134441517e+04 3.2607998292147575e+15 1.4831616624424600e+28
1.3677374888034679e-15 5.3073954997941398e+05 2.7236108977308992e+04 3.1225631128486815e+15 1.4335986182040354e+28
1.3365010552676013e-15 5.2639869880383264e+05 2.6525272261121925e+04 2.9896752574188885e+15 1.3847847964569097e+28
1.3059780004232072e-15 5.2207229480623227e+05 2.5830292151595702e+04 2.8619449317336095e+15 1.3375100754119915e+28
1.2761520321043861e-15 5.1776030188346072e+05 2.5150852088003991e+04 2.7391866914130480e+15 1.2916047896015909e+28
1.2470072302262402e-15 5.1346274651589227e+05 2.4486649038770141e+04 2.6212231179742625e+15 1.2465531805389604e+28
1.2185280382873081e-15 5.0917993752409588e+05 2.3837426475968234e+04 2.5078900281668015e+15 1.2027906370453896e+28
1.1906992550660171e-15 5.0491182881520002e+05 2.3202878124862658e+04 2.3990190542702095e+15 1.1603233886573792e+28
1.1635060265067758e-15 5.0065829609030386e+05 2.2582689939604239e+04 2.2944457618142625e+15 1.1188825680629529e+28
1.1369338377914151e-15 4.9641917069217138e+05 2.1976543414404627e+04 2.1940105328893230e+15 1.0784834986034984e+28
1.1109685055916584e-15 4.9219630889540404e+05 2.1384394440489672e+04 2.0976047672532778e+15 1.0395115813653183e+28
1.0855961704985305e-15 4.8799417013486451e+05 2.0806552676549607e+04 2.0051754883217895e+15 1.0016223836105633e+28
1.0608032896247057e-15 4.8381290518163139e+05 2.0242732579583819e+04 1.9165716496839228e+15 9.6476624410691154e+27
1.0365766293757621e-15 4.7965249627252028e+05 1.9692630754634643e+04 1.8316440229172865e+15 9.2917249369188776e+27
1.0129032583865274e-15 4.7551291128385981e+05 1.9155947669669964e+04 1.7502486327981275e+15 8.9453963723817425e+27
9.8977054061878349e-16 4.7139408763131557e+05 1.8632385591581588e+04 1.6722463057174662e+15 8.6110309704579972e+27
9.6716612861656596e-16 4.6729593286814669e+05 1.8121648793956978e+04 1.5975025917690090e+15 8.2858538349288619e+27
9.4507795691550233e-16 4.6321837399875151e+05 1.7623449691560028e+04 1.5258885207050785e+15 7.9720718746473571e+27
9.2349423560270548e-16 4.5916132416792167e+05 1.7137504582496313e+04 1.4572797947050712e+15 7.6674649971725924e+27
9.0240344402369017e-16 4.5512468011207215e+05 1.6663533207731285e+04 1.3915566078675462e+15 7.3705990384891730e+27
8.8179432463306952e-16 4.5110853636357497e+05 1.6201282522215548e+04 1.3286067991860552e+15 7.0864359365597882e+27
8.6165587698563285e-16 4.4711317370770511e+05 1.5750525302810180e+04 1.2683249846547325e+15 6.8112295523068598e+27
8.4197735186470735e-16 4.4313847670673148e+05 1.5310994249684800e+04 1.2106035941540152e+15 6.5441986208715317e+27
8.2274824554458266e-16 4.3918447062541591e+05 1.4882442334012034e+04 1.1553411876909962e+15 6.2853694866491624e+27
8.0395829418396960e-16 4.3525107623991632e+05 1.4464616375565827e+04 1.1024387045479056e+15 6.0376887587560094e+27
