8.0395829418396959e-13 8.4430077636324114e+05 2.9377419210999768e+05 1.1085658622405594e+17 1.9685505937114205e+27
7.8559746834753246e-13 8.4581936697886302e+05 2.9437787326988921e+05 1.1157356959890206e+17 1.9940446945064409e+27
7.6765596765250801e-13 8.4735327200476290e+05 2.9498138005084789e+05 1.1229545293562944e+17 2.0203015280322850e+27
7.5012421553758558e-13 8.4890249274857505e+05 2.9558461337349663e+05 1.1302219413536787e+17 2.0474889976395051e+27
7.3299285415128468e-13 8.5046675584713509e+05 2.9618738808074559e+05 1.1375364069450347e+17 2.0754577425732117e+27
7.1625273935704306e-13 8.5204576737923361e+05 2.9678950119100412e+05 1.1448961831009080e+17 2.1043098777439312e+27
6.9989493585237990e-13 8.5363932142653421e+05 2.9739076763074828e+05 1.1522997726860659e+17 2.1340246072097001e+27
6.8391071239955609e-13 8.5524734512094862e+05 2.9799103441100090e+05 1.1597461067138922e+17 2.1647524637066882e+27
6.6829153716511489e-13 8.5686997050637775e+05 2.9859022860985971e+05 1.1672350973153765e+17 2.1963438890688403e+27
6.5302907316589952e-13 8.5850704959532630e+05 2.9918821074260212e+05 1.1747657003296005e+17 2.2289720772742304e+27
6.3811517381904706e-13 8.6015828526441788e+05 2.9978478294722037e+05 1.1823361281038448e+17 2.2625215426621949e+27
6.2354187859361313e-13 8.6182335852399829e+05 3.0037973393153411e+05 1.1899444255262373e+17 2.2972014246495760e+27
6.0930140876152718e-13 8.6350220453994768e+05 3.0097291748468427e+05 1.1975895185354182e+17 2.3329074953147860e+27
5.9538616324556484e-13 8.6519473981028481e+05 3.0156419546965219e+05 1.2052703859267459e+17 2.3696419526374814e+27
5.8178871456214496e-13 8.6690073396034050e+05 3.0215337703754054e+05 1.2129853023951170e+17 2.4076065293904059e+27
5.6850180485680912e-13 8.6862020129165449e+05 3.0274034685964556e+05 1.2207335600472037e+17 2.4467044207846573e+27
5.5551834203020698e-13 8.7035305439109460e+05 3.0332497876099794e+05 1.2285142041402213e+17 2.4870141614574185e+27
5.4283139595259256e-13 8.7209894317690504e+05 3.0390705886939925e+05 1.2363250967792483e+17 2.5285325935455008e+27
5.3043419476474946e-13 8.7385783647234400e+05 3.0448646362959919e+05 1.2441653540451536e+17 2.5712723422937722e+27
5.1832012126339740e-13 8.7562962975740177e+05 3.0506306566574867e+05 1.2520339422966315e+17 2.6153814546849892e+27
5.0648270936916735e-13 8.7741394951950538e+05 3.0563665332282573e+05 1.2599286624430378e+17 2.6608241415734278e+27
4.9491564067522283e-13 8.7921081667090033e+05 3.0620711503851297e+05 1.2678487701824400e+17 2.7076739239591560e+27
4.8361274107470329e-13 8.8102024700728955e+05 3.0677436303327401e+05 1.2757937523797272e+17 2.7559039617382917e+27
4.7256797746521049e-13 8.8284213300556841e+05 3.0733829480617930e+05 1.2837627811008422e+17 2.8056126849941935e+27
4.6177545452852868e-13 8.8467612619181804e+05 3.0789876516954869e+05 1.2917542740247496e+17 2.8569492326381798e+27
4.5122941158391827e-13 8.8652188055373612e+05 3.0845559930406191e+05 1.2997663431553106e+17 2.9096588619299779e+27
4.4092421951325472e-13 8.8837963081205881e+05 3.0900878933759296e+05 1.3077995253635917e+17 2.9641295892640985e+27
4.3085437775639206e-13 8.9024955246195442e+05 3.0955837571065960e+05 1.3158547817342888e+17 3.0200807009125250e+27
4.2101451137516242e-13 8.9213187163557438e+05 3.1010449778208364e+05 1.3239341427366048e+17 3.0779289592235412e+27
4.1139936818441155e-13 8.9402649946488498e+05 3.1064738570297259e+05 1.3320401329910915e+17 3.1374286027570042e+27
4.0200381594855675e-13 8.9593168074020557e+05 3.1118729117558448e+05 1.3401730785379600e+17 3.1986884445302451e+27
3.9282283964218600e-13 8.9783117324777355e+05 3.1172044296461187e+05 1.3482717612409090e+17 3.2610680954086542e+27
3.8385153877319545e-13 8.9972530499100033e+05 3.1224504819329752e+05 1.3563181241387491e+17 3.3248192739334710e+27
3.7508512476708503e-13 9.0162769732599461e+05 3.1276333361550880e+05 1.3643542217982339e+17 3.3903802642714961e+27
3.6651891841097572e-13 9.0353851240910392e+05 3.1327520883673930e+05 1.3723794040429435e+17 3.4579934894327759e+27
3.5814834735600098e-13 9.0545727280385199e+05 3.1378038351180044e+05 1.3803900330698578e+17 3.5275545334090369e+27
3.4996894367675177e-13 9.0738377130930417e+05 3.1427862575770507e+05 1.3883834457917392e+17 3.5992703396415647e+27
3.4197634148644563e-13 9.0931782463233953e+05 3.1476971456511260e+05 1.3963571008190864e+17 3.6731347945834430e+27
3.3416627460656126e-13 9.1125906601239019e+05 3.1525339113765699e+05 1.4043077671414098e+17 3.7491736813543791e+27
3.2653457428970620e-13 9.1320720800218661e+05 3.1572941465396731e+05 1.4122324932208027e+17 3.8274206465328845e+27
3.1907716699447724e-13 9.1516173118815490e+05 3.1619747235936578e+05 1.4201271947919270e+17 3.9081110336713684e+27
3.1179007221113923e-13 9.1712257979860518e+05 3.1665731317630527e+05 1.4279891235919579e+17 3.9912003757268026e+27
3.0466940033697372e-13 9.1908983161007811e+05 3.1710874861207581e+05 1.4358163987999570e+17 4.0766853468464439e+27
2.9771135060013152e-13 9.2106321484800859e+05 3.1755155548139801e+05 1.4436061835882186e+17 4.1648505161137447e+27
2.9091220903091890e-13 9.2304246804290521e+05 3.1798551366661384e+05 1.4513556912265517e+17 4.2557137968581530e+27
2.8426834647940371e-13 9.2502694234304677e+05 3.1841035303334845e+05 1.4590609392254422e+17 4.3491914004476857e+27
2.7777621667829500e-13 9.2701617191110936e+05 3.1882577118159161e+05 1.4667178878589712e+17 4.4454688200034577e+27
2.7143235435007391e-13 9.2900990730254806e+05 3.1923149663896067e+05 1.4743231463008522e+17 4.5446185669719317e+27
2.6523337335734285e-13 9.3100795836533757e+05 3.1962726154448284e+05 1.4818734509542358e+17 4.6468115965303091e+27
2.5917596489541772e-13 9.3301027662983083e+05 3.2001283469751297e+05 1.4893661545693930e+17 4.7520718500114735e+27
2.5325689572620839e-13 9.3501675001839292e+05 3.2038802584705193e+05 1.4967989210481258e+17 4.8603822218222048e+27
2.4747300645241784e-13 9.3702646577642451e+05 3.2075254346874123e+05 1.5041669293796285e+17 4.9721774086952142e+27
2.4182120983117104e-13 9.3903899913121958e+05 3.2110606794236996e+05 1.5114658914222704e+17 5.0869800427882322e+27
2.3629848912614671e-13 9.4105430505675997e+05 3.2144833166693518e+05 1.5186927223248560e+17 5.2054087058344726e+27
2.3090189649734352e-13 9.4307226718470606e+05 3.2177910310038883e+05 1.5258445877163786e+17 5.3274069959721752e+27
2.2562855142762949e-13 9.4509231115355261e+05 3.2209811370178068e+05 1.5329174191178070e+17 5.4528173799114520e+27
2.2047563918521709e-13 9.4711411693392752e+05 3.2240507452262216e+05 1.5399073739540851e+17 5.5823212517569064e+27
2.1544040932125280e-13 9.4913752343406982e+05 3.2269972621691570e+05 1.5468112155151043e+17 5.7155441215377126e+27
2.1052017420172673e-13 9.5116241685677506e+05 3.2298184967137926e+05 1.5536262152363261e+17 5.8528485178940434e+27
2.0571230757290243e-13 9.5318808787835599e+05 3.2325122058606084e+05 1.5603484543255949e+17 5.9941505097556427e+27
2.0101424315950971e-13 9.5521399458797229e+05 3.2350754095009068e+05 1.5669735211775619e+17 6.1395564030052765e+27
1.9642347329496030e-13 9.5723967039644776e+05 3.2375052984265104e+05 1.5734973079856128e+17 6.2894636068601679e+27
1.9193754758283432e-13 9.5926458586941520e+05 3.2397984648329834e+05 1.5799149535309888e+17 6.4436879000085177e+27
1.8755407158894795e-13 9.6128862935315655e+05 3.2419514285078697e+05 1.5862223182378102e+17 6.6024312891966947e+27
1.8327070556328355e-13 9.6331194806546834e+05 3.2439614697960834e+05 1.5924165965460720e+17 6.7659249762229835e+27
1.7908516319110873e-13 9.6533429906405834e+05 3.2458265817280038e+05 1.5984949750061555e+17 6.9343178911980817e+27
1.7499521037262478e-13 9.6735490599803871e+05 3.2475443417529593e+05 1.6044531119534435e+17 7.1077991965366132e+27
1.7099866403047436e-13 9.6937349399990565e+05 3.2491121574198827e+05 1.6102875005933978e+17 7.2861805164435767e+27
1.6709339094449448e-13 9.7138935563668644e+05 3.2505274364475912e+05 1.6159937247140675e+17 7.4699744567378505e+27
1.6327730661307397e-13 9.7340207050296175e+05 3.2517868460959767e+05 1.6215671761604381e+17 7.6590619154470442e+27
1.5954837414051565e-13 9.7541149388764764e+05 3.2528870306945086e+05 1.6270038078148461e+17 7.8539229062378948e+27
1.5590460314981504e-13 9.7741752727692272e+05 3.2538251381618611e+05 1.6323002229486230e+17 8.0542710785930422e+27
1.5234404872026269e-13 9.7941989668337826e+05 3.2545989662918739e+05 1.6374533586359782e+17 8.2605144564139864e+27
1.4886481034931015e-13 9.8141804278639774e+05 3.2552062380366871e+05 1.6424594566649053e+17 8.4729473786996014e+27
1.4546503093815020e-13 9.8341174438227469e+05 3.2556447199905984e+05 1.6473155506558176e+17 8.6915762419918984e+27
1.4214289580045901e-13 9.8540009533556341e+05 3.2559126208347490e+05 1.6520176339144445e+17 8.9165942249136277e+27
1.3889663169377659e-13 9.8738256789744843e+05 3.2560065968746645e+05 1.6565608876123376e+17 9.1479840069055695e+27
1.3572450587301461e-13 9.8935906563620630e+05 3.2559227547114261e+05 1.6609408883526630e+17 9.3858913525209506e+27
1.3262482516557153e-13 9.9132975585167750e+05 3.2556581995922269e+05 1.6651549101988147e+17 9.6310802378818171e+27
1.2959593506757878e-13 9.9329445338704530e+05 3.2552118903658021e+05 1.6692014226448506e+17 9.8831480284631882e+27
1.2663621886078123e-13 9.9525170366548968e+05 3.2545838487992366e+05 1.6730770874857219e+17 1.0142616545425409e+28
1.2374409674958667e-13 9.9720084853436728e+05 3.2537706295232387e+05 1.6767767221446918e+17 1.0409186464713995e+28
1.2091802501782780e-13 9.9914169132142991e+05 3.2527678166703437e+05 1.6802952199362560e+17 1.0683369496502681e+28
1.1815649520477777e-13 1.0010742530626098e+06 3.2515717543851701e+05 1.6836288411181478e+17 1.0965448751435209e+28
1.1545803329998362e-13 1.0029983222763276e+06 3.2501799259537115e+05 1.6867745207818358e+17 1.1255609799983078e+28
1.1282119895649331e-13 1.0049133895315288e+06 3.2485906502352172e+05 1.6897294020731776e+17 1.1553843797906638e+28
1.1024458472204377e-13 1.0068191636705163e+06 3.2468015962563409e+05 1.6924904874172342e+17 1.1860576938638864e+28
1.0772681528781416e-13 1.0087152696483710e+06 3.2448116995966242e+05 1.6950559372910474e+17 1.2175544323151879e+28
1.0526654675433147e-13 1.0106006977087468e+06 3.2426201311700256e+05 1.6974226026538922e+17 1.2499783125999905e+28
1.0286246591414157e-13 1.0124750254778034e+06 3.2402236116451106e+05 1.6995862360811789e+17 1.2832167945927253e+28
1.0051328955086642e-13 1.0143380279724934e+06 3.2376184516340593e+05 1.7015426875730003e+17 1.3174502350931273e+28
9.8217763754265583e-14 1.0161895695760251e+06 3.2348016522015544e+05 1.7032888149830256e+17 1.3526060950043503e+28
9.5974663250940560e-14 1.0180294794484213e+06 3.2317715011519409e+05 1.7048227696486733e+17 1.3887104005152838e+28
9.3782790750328011e-14 1.0198568230208745e+06 3.2285288996653550e+05 1.7061434907963027e+17 1.4258382256465701e+28
9.1640976305625656e-14 1.0216709250761324e+06 3.2250716089973541e+05 1.7072473341680192e+17 1.4638938598296611e+28
8.9548076689313450e-14 1.0234713977204690e+06 3.2213962299769768e+05 1.7081302333607206e+17 1.5030191713978994e+28
8.7502974782940347e-14 1.0252580364678855e+06 3.2174991111348936e+05 1.7087883756990730e+17 1.5432043588338347e+28
8.5504578980841602e-14 1.0270305830176959e+06 3.2133775432173541e+05 1.7092188834162512e+17 1.5843852767200728e+28
8.3551822607479450e-14 1.0287887758226398e+06 3.2090298893132951e+05 1.7094199761351018e+17 1.6266880528268996e+28
8.1643663348086941e-14 1.0305320453717853e+06 3.2044553434742318e+05 1.7093899778511789e+17 1.6701607586907832e+28
7.9779082692314898e-14 1.0322601141680341e+06 3.1996517598750215e+05 1.7091266559504877e+17 1.7147692833333493e+28
7.7957085390588123e-14 1.0339727070083307e+06 3.1946180843405292e+05 1.7086289478297085e+17 1.7604711786037481e+28
7.6176698922872544e-14 1.0356692414587152e+06 3.1893542930354847e+05 1.7078960423644314e+17 1.8074026559401292e+28
7.4436972979579387e-14 1.0373494827885870e+06 3.1838586940762016e+05 1.7069264224221424e+17 1.8555244465338396e+28
7.2736978954321352e-14 1.0390131052175196e+06 3.1781318686309602e+05 1.7057206584473485e+17 1.9048778615491352e+28
7.1075809448253324e-14 1.0406590510595531e+06 3.1721765042113292e+05 1.7042794403967130e+17 1.9554372780083313e+28
6.9452577785735583e-14 1.0422867943722851e+06 3.1659901570373628e+05 1.7025997781212266e+17 2.0072821586586371e+28
6.7866417541055714e-14 1.0438958855781080e+06 3.1595698153091565e+05 1.7006783828233565e+17 2.0603564304129626e+28
6.6316482075959181e-14 1.0454860096677975e+06 3.1529121182340791e+05 1.6985120644140525e+17 2.1146723825621907e+28
6.4801944087744509e-14 1.0470567829963149e+06 3.1460146034354629e+05 1.6960984459360026e+17 2.1701274679051959e+28
6.3321995167676364e-14 1.0486078974848541e+06 3.1388748410726164e+05 1.6934353215096797e+17 2.2274063022821724e+28
6.1875845369483762e-14 1.0501391401819140e+06 3.1314900523064611e+05 1.6905206848384768e+17 2.2858906502607669e+28
6.0462722787715319e-14 1.0516503615589133e+06 3.1238587137569638e+05 1.6873539263459069e+17 2.3457720943128803e+28
5.9081873145721601e-14 1.0531415209829537e+06 3.1159806836073479e+05 1.6839361889493168e+17 2.4069319158782696e+28
5.7732559393047217e-14 1.0546119467119528e+06 3.1078623059976991e+05 1.6802731069839709e+17 2.4696010392536240e+28
5.6414061312020209e-14 1.0560610168572196e+06 3.0995047785159526e+05 1.6763654693239027e+17 2.5337136279818967e+28
5.5125675133322412e-14 1.0574884475462590e+06 3.0909069088268088e+05 1.6722127535521981e+17 2.5992130750807675e+28
5.3866713160343085e-14 1.0588938235714082e+06 3.0820700711661269e+05 1.6678165708533261e+17 2.6662445164299154e+28
5.2636503402109189e-14 1.0602765096722541e+06 3.0729955756854452e+05 1.6631778423926787e+17 2.7347226971587042e+28
5.1434389214598862e-14 1.0616360789111480e+06 3.0636818543171923e+05 1.6582954026826413e+17 2.8046978629554802e+28
5.0259728950248755e-14 1.0629721330042474e+06 3.0541271819299803e+05 1.6531680746592157e+17 2.8761423816804724e+28
4.9111895615462751e-14 1.0642843884223099e+06 3.0443293730744260e+05 1.6477946665056240e+17 2.9490628716760724e+28
4.7990276535945624e-14 1.0655725817514248e+06 3.0342873920255905e+05 1.6421751912460829e+17 3.0236308037871622e+28
4.6894273029677714e-14 1.0668365126182376e+06 3.0240007704721211e+05 1.6363104716319168e+17 3.0996643131869642e+28
4.5823300087358381e-14 1.0680758471036146e+06 3.0134729168049764e+05 1.6302045731774650e+17 3.1773194535383692e+28
4.4776786060149089e-14 1.0692901065603786e+06 3.0027057978085324e+05 1.6238598117386272e+17 3.2564926000035122e+28
4.3754172354546191e-14 1.0704790311522351e+06 2.9916989957550424e+05 1.6172769591876950e+17 3.3372702437147240e+28
4.2754913134222209e-14 1.0716424160697998e+06 2.9804532829906640e+05 1.6104581142107869e+17 3.4195809888039294e+28
4.1778475028678120e-14 1.0727798067855679e+06 2.9689729828161717e+05 1.6034078845785885e+17 3.5035479355978269e+28
4.0824336848547811e-14 1.0738908371846857e+06 2.9572585345951206e+05 1.5961276191652208e+17 3.5889948073985506e+28
3.9891989307404462e-14 1.0749752361524885e+06 2.9453098660849727e+05 1.5886185231683584e+17 3.6760708028641186e+28
3.8980934749921996e-14 1.0760327472564827e+06 2.9331285586904793e+05 1.5808833894455504e+17 3.7647785238961039e+28
3.8090686886242321e-14 1.0770629781673437e+06 2.9207173365745379e+05 1.5729256378411594e+17 3.8549549005044845e+28
3.7220770532411519e-14 1.0780656439251769e+06 2.9080764306489605e+05 1.5647468125157891e+17 3.9468385142961991e+28
3.6370721356742348e-14 1.0790405272613012e+06 2.8952063106251950e+05 1.5563489226959405e+17 4.0401995919836376e+28
3.5540085631969392e-14 1.0799873876904899e+06 2.8821102367777575e+05 1.5477363901754733e+17 4.1351564888006251e+28
3.4728419993065977e-14 1.0809058858021926e+06 2.8687910443266021e+05 1.5389129628462006e+17 4.2316212979877190e+28
3.3935291200589816e-14 1.0817957825382655e+06 2.8552493843101832e+05 1.5298808086898538e+17 4.3296494949321206e+28
3.3160275909435640e-14 1.0826569218720088e+06 2.8414863657537219e+05 1.5206427800785738e+17 4.4292782321182656e+28
3.2402960442867525e-14 1.0834890919200010e+06 2.8275073550656741e+05 1.5112052202363763e+17 4.5305252631340878e+28
3.1662940571711986e-14 1.0842919616959132e+06 2.8133157558852225e+05 1.5015724156797011e+17 4.6330314460224876e+28
3.0939821298595029e-14 1.0850652948789038e+06 2.7989126018614665e+05 1.4917469086483347e+17 4.7371628693896870e+28
3.0233216647105607e-14 1.0858089023889948e+06 2.7842992001417000e+05 1.4817316632317302e+17 4.8427629944495852e+28
2.9542749455774224e-14 1.0865226015327179e+06 2.7694792788540653e+05 1.4715316999081155e+17 4.9497823194414507e+28
2.8868051176757726e-14 1.0872061654730774e+06 2.7544556586522626e+05 1.4611511330109373e+17 5.0581539778705191e+28
2.8208761679120653e-14 1.0878594365729843e+06 2.7392299269574677e+05 1.4505932628758045e+17 5.1679692107282427e+28
2.7564529056609296e-14 1.0884823341777779e+06 2.7238040634324052e+05 1.4398619953327144e+17 5.2793343264416014e+28
2.6935009439816838e-14 1.0890748358594021e+06 2.7081851091632713e+05 1.4289654787558942e+17 5.3918571244129307e+28
2.6319866812637211e-14 1.0896367039684693e+06 2.6923797928325494e+05 1.4179108781875026e+17 5.5056752883593688e+28
2.5718772832910860e-14 1.0901677291849738e+06 2.6763899810506956e+05 1.4067014892863010e+17 5.6207537407092001e+28
2.5131406657167638e-14 1.0906677397204484e+06 2.6602176895889593e+05 1.3953408432127390e+17 5.7370984214971318e+28
2.4557454769370657e-14 1.0911366096479574e+06 2.6438658520551596e+05 1.3838333577134933e+17 5.8546462601046277e+28
2.3996610813572847e-14 1.0915741979829378e+06 2.6273386011777748e+05 1.3721843021366677e+17 5.9732657519912123e+28
2.3448575430394285e-14 1.0919803704121925e+06 2.6106383377234684e+05 1.3603975976978989e+17 6.0928310929096956e+28
2.2913056097234067e-14 1.0923550396305420e+06 2.5937675411406753e+05 1.3484773718624410e+17 6.2138819794544329e+28
2.2389766972132404e-14 1.0926982104982068e+06 2.5767294156339756e+05 1.3364285671435078e+17 6.3356856321339769e+28
2.1878428741197178e-14 1.0930099185540644e+06 2.5595319746683209e+05 1.3242598292008840e+17 6.4585708221721505e+28
2.1378768469516348e-14 1.0932900734836152e+06 2.5421795035202085e+05 1.3119765087788878e+17 6.5821719154192199e+28
2.0890519455474319e-14 1.0935386098611839e+06 2.5246748393520512e+05 1.2995829182146955e+17 6.7066227840418693e+28
2.0413421088395478e-14 1.0937555487601310e+06 2.5070210655803449e+05 1.2870837328081421e+17 6.8318133677679084e+28
1.9947218709439593e-14 1.0939410337319882e+06 2.4892244913478103e+05 1.2744863849935835e+17 6.9582080172074983e+28
1.9491663475673367e-14 1.0940951112577876e+06 2.4712945298782177e+05 1.2618001733138578e+17 7.0873373379747171e+28
1.9046512227246311e-14 1.0942177146835888e+06 2.4532345026147488e+05 1.2490294666237509e+17 7.2122822700760168e+28
1.8611527357600804e-14 1.0943087862797505e+06 2.4350475782461782e+05 1.2361785672624491e+17 7.3401857568748843e+28
1.8186476686645556e-14 1.0943683243570612e+06 2.4167370910941352e+05 1.2232519986457192e+17 7.4687597052044818e+28
1.7771133336825583e-14 1.0943964078345161e+06 2.3983084360343931e+05 1.2102559184066480e+17 7.5973185279439102e+28
1.7365275612023216e-14 1.0943930534622518e+06 2.3797664658378065e+05 1.1971958796788230e+17 7.7263714845940782e+28
1.6968686879223694e-14 1.0943582834333002e+06 2.3611146338005783e+05 1.1840763830052576e+17 7.8558880116006560e+28
1.6581155452884349e-14 1.0942921669001884e+06 2.3423565327104405e+05 1.1709021212625480e+17 7.9854537026636532e+28
1.6202474481943860e-14 1.0941948736503893e+06 2.3234962551546365e+05 1.1576783538975421e+17 8.1151693079058462e+28
1.5832441839412017e-14 1.0940667621945522e+06 2.3045443173971906e+05 1.1444151494837296e+17 8.2450585331892205e+28
1.5470860014481690e-14 1.0939079388463709e+06 2.2855074216402936e+05 1.1311191128308227e+17 8.3746530832585649e+28
1.5117536007103770e-14 1.0937184404418864e+06 2.2663892531341861e+05 1.1177945270533622e+17 8.5042808902694424e+28
1.4772281224970779e-14 1.0934983335749747e+06 2.2471935602154330e+05 1.1044457450148936e+17 8.6337232087223971e+28
1.4434911382852522e-14 1.0932477298034534e+06 2.2279242394355420e+05 1.0910772837039434e+17 8.7628760933199095e+28
1.4105246404230745e-14 1.0929668426111371e+06 2.2085874491443794e+05 1.0776953351212594e+17 8.8917531240478404e+28
1.3783110325180794e-14 1.0926558099036340e+06 2.1891882404438904e+05 1.0643050650287048e+17 9.0199376716807275e+28
1.3468331200447878e-14 1.0923147553230540e+06 2.1697304712829686e+05 1.0509107427365515e+17 9.1481467355274303e+28
1.3160741011668400e-14 1.0919438329047242e+06 2.1502180648315646e+05 1.0375167152737083e+17 9.2752389360394810e+28
1.2860175577687812e-14 1.0915432672512082e+06 2.1306550585016530e+05 1.0241274873008022e+17 9.4016611315871531e+28
1.2566474466926146e-14 1.0911135087096081e+06 2.1110493715020063e+05 1.0107504829413934e+17 9.5276544441578547e+28
1.2279480911744954e-14 1.0906548896795318e+06 2.0914094533918978e+05 9.9739302525353376e+16 9.6526608833309469e+28
1.1999041724770400e-14 1.0901675851067316e+06 2.0717392704031229e+05 9.8405905885205696e+16 9.7769045039799989e+28
1.1725007217126900e-14 1.0896517718032391e+06 2.0520427661977225e+05 9.7075249684453488e+16 9.8997751163017350e+28
1.1457231118538169e-14 1.0891076802309882e+06 2.0323239486646440e+05 9.5747732151270128e+16 1.0021746672245681e+29
1.1195570499253468e-14 1.0885356445787284e+06 2.0125877878990929e+05 9.4423827164382000e+16 1.0142763004413271e+29
1.0939885693756198e-14 1.0879361318035743e+06 1.9928429218431376e+05 9.3104248952701264e+16 1.0262126243948446e+29
1.0690040226215535e-14 1.0873093760423523e+06 1.9730939312150527e+05 9.1789396377176352e+16 1.0380480737159533e+29
1.0445900737640148e-14 1.0866555629777487e+06 1.9533442406806865e+05 9.0479582188956816e+16 1.0497244071547949e+29
1.0207336914695582e-14 1.0859749027087574e+06 1.9335966429992113e+05 8.9175081391980368e+16 1.0612931721666301e+29
9.9742214201477500e-15 1.0852677218018086e+06 1.9138550568376135e+05 8.7876255537130256e+16 1.0726433999084415e+29
9.7464298248943204e-15 1.0845345803202770e+06 1.8941265082267736e+05 8.6583687077543488e+16 1.0838936380019549e+29
9.5238405415489943e-15 1.0837760123981221e+06 1.8744192183649715e+05 8.5298003320017728e+16 1.0948993444041535e+29
9.3063347595421789e-15 1.0829923108031568e+06 1.8547370620519822e+05 8.4019517644959312e+16 1.1058035566184508e+29
9.0937963817038467e-15 1.0821838841262634e+06 1.8350852454613434e+05 8.2748632663313568e+16 1.1165019277881693e+29
8.8861119622950472e-15 1.0813511001678910e+06 1.8154688780825314e+05 8.1485726691062640e+16 1.1270138879688074e+29
8.6831706464543330e-15 1.0804942523932434e+06 1.7958916264949791e+05 8.0231072234044464e+16 1.1373111667090248e+29
8.4848641110271021e-15 1.0796136211094861e+06 1.7763565597299469e+05 7.8984898545406544e+16 1.1474044836300476e+29
8.2910865067466053e-15 1.0787095299163423e+06 1.7568668179651423e+05 7.7747442994032880e+16 1.1573039477475383e+29
8.1017344017351153e-15 1.0777823942931932e+06 1.7374260504736734e+05 7.6518980625719984e+16 1.1669598810786197e+29
7.9167067262954120e-15 1.0768329007384656e+06 1.7180414442652627e+05 7.5300020399131744e+16 1.1764515000903283e+29
7.7359047189634282e-15 1.0758616083235431e+06 1.6987196547978904e+05 7.4091000641792064e+16 1.1856367765727434e+29
7.5592318737926421e-15 1.0748688613252870e+06 1.6794640669702989e+05 7.2892132200901280e+16 1.1947044082359937e+29
7.3865938888424051e-15 1.0738549827794870e+06 1.6602774227425241e+05 7.1703579868660376e+16 1.2034475397739876e+29
7.2178986158429975e-15 1.0728203249212250e+06 1.6411623355682811e+05 7.0525504712119464e+16 1.2119767678105425e+29
7.0530560110097832e-15 1.0717653319427087e+06 1.6221220812604189e+05 6.9358112162478888e+16 1.2202605026602508e+29
6.8919780869811397e-15 1.0706907119417426e+06 1.6031624592157415e+05 6.8201774320390064e+16 1.2282928462467382e+29
6.7345788658535760e-15 1.0695972279213758e+06 1.5842916040092797e+05 6.7056978077037560e+16 1.2360833047288188e+29
6.5807743332898606e-15 1.0684852646637659e+06 1.5655126816867982e+05 6.5923874123262528e+16 1.2435907673677025e+29
6.4304823936749431e-15 1.0673551399739808e+06 1.5468281359482856e+05 6.4802560316843528e+16 1.2508610467886373e+29
6.2836228262960381e-15 1.0662070962150779e+06 1.5282388679765695e+05 6.3693041516002152e+16 1.2578836067795276e+29
6.1401172425237023e-15 1.0650415576383926e+06 1.5097474929099137e+05 6.2595435366075328e+16 1.2646156434478009e+29
5.9998890439705759e-15 1.0638590101689731e+06 1.4913569696321437e+05 6.1509880647290488e+16 1.2711009263011747e+29
5.8628633816057044e-15 1.0626601314551693e+06 1.4730724757214560e+05 6.0436646638683648e+16 1.2772986222135576e+29
5.7289671158028247e-15 1.0614454176083610e+06 1.4548974003073291e+05 5.9375875903739192e+16 1.2832343300617305e+29
5.5981287773008504e-15 1.0602153123193905e+06 1.4368342731987513e+05 5.8327654540695008e+16 1.2889148149394707e+29
5.4702785290559493e-15 1.0589703066814200e+06 1.4188859718468194e+05 5.7292086733326680e+16 1.2942826032844044e+29
5.3453481289650542e-15 1.0577108825251034e+06 1.4010553350820683e+05 5.6269267649766136e+16 1.2994035179242052e+29
5.2232708934404756e-15 1.0564374948315353e+06 1.3833446488896880e+05 5.5259254819023096e+16 1.3042013331791074e+29
5.1039816618164203e-15 1.0551505838225572e+06 1.3657560368845952e+05 5.4262092988422904e+16 1.3087984113625943e+29
4.9874167615685985e-15 1.0538505818810537e+06 1.3482912055984378e+05 5.3277800744163840e+16 1.3131080764893183e+29
4.8735139743278304e-15 1.0525379734615730e+06 1.3309521873494762e+05 5.2306416156555016e+16 1.3171052204288138e+29
4.7622125026701672e-15 1.0512132657694768e+06 1.3137409906074961e+05 5.1347974687229040e+16 1.3208273458837275e+29
4.6534529376651431e-15 1.0498771402315299e+06 1.2966611057837993e+05 5.0402596110227040e+16 1.3243097518245940e+29
4.5471772271654456e-15 1.0485301842942401e+06 1.2797155204991286e+05 4.9470358496885488e+16 1.3274898206590486e+29
4.4433286448206034e-15 1.0471728928343018e+06 1.2629059945138020e+05 4.8551265169816536e+16 1.3304464999344703e+29
4.3418517597983386e-15 1.0458057736623252e+06 1.2462343467767671e+05 4.7645321547682600e+16 1.3330748951415688e+29
4.2426924071975897e-15 1.0444294079777553e+06 1.2297029506531043e+05 4.6752560491247920e+16 1.3354501421898606e+29
4.1457976591370770e-15 1.0430442985437571e+06 1.2133134603444462e+05 4.5872969635148888e+16 1.3375645113298553e+29
4.0511157965041552e-15 1.0416509423295402e+06 1.1970673277544268e+05 4.5006523541799912e+16 1.3394256211357996e+29
3.9585962813490184e-15 1.0402498803323522e+06 1.1809662402226367e+05 4.4153208710507440e+16 1.3410535584283783e+29
3.8681897299092095e-15 1.0388416609115648e+06 1.1650120033846553e+05 4.3313013899610704e+16 1.3423927722263301e+29
3.7798478862502085e-15 1.0374267881157687e+06 1.1492058523516860e+05 4.2485894041506976e+16 1.3434593005230985e+29
3.6935235965081540e-15 1.0360057634040131e+06 1.1335489707385497e+05 4.1671800875044792e+16 1.3443154581841072e+29
3.6091707837206704e-15 1.0345792313793423e+06 1.1180435871975098e+05 4.0870740503913272e+16 1.3448982498746815e+29
3.5267444232325131e-15 1.0331477341241909e+06 1.1026913622976714e+05 4.0082680415321472e+16 1.3452660065018397e+29
3.4462005186630304e-15 1.0317117325148123e+06 1.0874932152497745e+05 3.9307545240791664e+16 1.3453919273427684e+29
3.3674960784223519e-15 1.0302716476110343e+06 1.0724498710797681e+05 3.8545246416610712e+16 1.3452448146623915e+29
3.2905890927639030e-15 1.0288277966431812e+06 1.0575607735631957e+05 3.7795628386773400e+16 1.3449208478975836e+29
3.2154385113611301e-15 1.0273805800023166e+06 1.0428262540991489e+05 3.7058586216800760e+16 1.3443275671939208e+29
3.1420042213961282e-15 1.0259304628809347e+06 1.0282469620110505e+05 3.6334030290125432e+16 1.3435092243304235e+29
3.0702470261488918e-15 1.0244778394871796e+06 1.0138231705276849e+05 3.5621848289307300e+16 1.3424935702182644e+29
3.0001286240753394e-15 1.0230229181576624e+06 9.9955335929267996e+04 3.4921839479758852e+16 1.3412490865712265e+29
2.9316115883633456e-15 1.0215661389526569e+06 9.8543760662567758e+04 3.4233891164138340e+16 1.3397841502115410e+29
2.8646593469555428e-15 1.0201079876281649e+06 9.7147632646460246e+04 3.3557907492349392e+16 1.3381327788163261e+29
2.7992361630283719e-15 1.0186489333549296e+06 9.5766979977644005e+04 3.2893785058153532e+16 1.3362520743578116e+29
2.7353071159170559e-15 1.0171894052637207e+06 9.4401788398095188e+04 3.2241399921797280e+16 1.3341824450255290e+29
2.6728380824761013e-15 1.0157298830899529e+06 9.3052074591529512e+04 3.1600644788525476e+16 1.3319147147468152e+29
2.6117957188654957e-15 1.0142708567738754e+06 9.1717857563066282e+04 3.0971413645492040e+16 1.3294584607739204e+29
2.5521474427529691e-15 1.0128128406078987e+06 9.0399164834606039e+04 3.0353605264442308e+16 1.3268219119367603e+29
2.4938614159226217e-15 1.0113564444475755e+06 8.9096104713806810e+04 2.9747155424359856e+16 1.3240294909653885e+29
2.4369065272807395e-15 1.0099021326295367e+06 8.7808698817732526e+04 2.9151953770606408e+16 1.3210677471128324e+29
2.3812523762498158e-15 1.0084503261017130e+06 8.6536942505759740e+04 2.8567875819148364e+16 1.3179230491973680e+29
2.3268692565417277e-15 1.0070013604700215e+06 8.5280802333474960e+04 2.7994780271757052e+16 1.3146102731920301e+29
2.2737281403015041e-15 1.0055551321221382e+06 8.4039910859120893e+04 2.7432370769817688e+16 1.3111398987032598e+29
2.2218006626133126e-15 1.0041119655324054e+06 8.2814136881092403e+04 2.6880477317786236e+16 1.3075503586597689e+29
2.1710591063601611e-15 1.0026723356412192e+06 8.1603460820806329e+04 2.6338983402860632e+16 1.3037568192894873e+29
2.1214763874295099e-15 1.0012367176351366e+06 8.0407859429722725e+04 2.5807771427200412e+16 1.2998275701743978e+29
2.0730260402566669e-15 9.9980564596090117e+05 7.9227345406954119e+04 2.5286740778107748e+16 1.2958268942445912e+29
2.0256822036983470e-15 9.9837960537581518e+05 7.8061913854205341e+04 2.4775780809729128e+16 1.2916107711616514e+29
1.9794196072289361e-15 9.9695903027262783e+05 7.6911527987926762e+04 2.4274765967491032e+16 1.2873051495249591e+29
1.9342135574518784e-15 9.9554433606788551e+05 7.5776146953156975e+04 2.3783568473222000e+16 1.2828953999554282e+29
1.8900399249192402e-15 9.9413580871344928e+05 7.4655660023593387e+04 2.3302028291591016e+16 1.2783489941491759e+29
1.8468751312522100e-15 9.9273366260376864e+05 7.3549881533753258e+04 2.2829957333126080e+16 1.2737069200642480e+29
1.8046961365557400e-15 9.9133831635044119e+05 7.2458757191202545e+04 2.2367228921258888e+16 1.2689412430028331e+29
1.7634804271206827e-15 9.8995017974059074e+05 7.1382233645789209e+04 2.1913716822404664e+16 1.2640981408574263e+29
1.7232060034067163e-15 9.8856961193225358e+05 7.0320240379344454e+04 2.1469286521105304e+16 1.2591692205766311e+29
1.6838513682997199e-15 9.8719676914332737e+05 6.9272572666646243e+04 2.1033747424302312e+16 1.2541077085105908e+29
1.6453955156373893e-15 9.8583200247181300e+05 6.8239130272327777e+04 2.0606959245439256e+16 1.2489715048870469e+29
1.6078179189968424e-15 9.8447570819963759e+05 6.7219849543030999e+04 2.0188798001625108e+16 1.2437461092081198e+29
1.5710985207382948e-15 9.8312825277725665e+05 6.6214663411785339e+04 1.9779137748260188e+16 1.2384776355293389e+29
1.5352177212990160e-15 9.8178981385619740e+05 6.5223406560840318e+04 1.9377810416168404e+16 1.2330953009051961e+29
1.5001563687317299e-15 9.8046052882001735e+05 6.4245856550358978e+04 1.8984630311237800e+16 1.2276585052810600e+29
1.4658957484819409e-15 9.7914077805730887e+05 6.3281939916879681e+04 1.8599476932961884e+16 1.2221882270454714e+29
1.4324175733987857e-15 9.7783090910354629e+05 6.2331581198643602e+04 1.8222228300060180e+16 1.2166331396369272e+29
1.3997039739739272e-15 9.7653118565610761e+05 6.1394685372436921e+04 1.7852752523726302e+16 1.2110404958846475e+29
1.3677374888034679e-15 9.7524130591987795e+05 6.0470815461099395e+04 1.7490780850472078e+16 1.2053506996764028e+29
1.3365010552676013e-15 9.7396148143924389e+05 5.9559759269460519e+04 1.7136149654716398e+16 1.1996262007740013e+29
1.3059780004232072e-15 9.7269214143883844e+05 5.8661438963806890e+04 1.6788751629208880e+16 1.1938815170508653e+29
1.2761520321043861e-15 9.7143371450090141e+05 5.7775776137904351e+04 1.6448480060465668e+16 1.1880725012589088e+29
1.2470072302262402e-15 9.7018660531678831e+05 5.6902683097719506e+04 1.6115225065922366e+16 1.1822417805927974e+29
1.2185280382873081e-15 9.6895116649398173e+05 5.6042043771593002e+04 1.5788866694034470e+16 1.1763263533003221e+29
1.1906992550660171e-15 9.6772781205942493e+05 5.5193771708069522e+04 1.5469298388661918e+16 1.1704638285314973e+29
1.1635060265067758e-15 9.6651694733036321e+05 5.4357782386058476e+04 1.5156414864103408e+16 1.1645709340600753e+29
1.1369338377914151e-15 9.6531895896335633e+05 5.3533989829441016e+04 1.4850110619248748e+16 1.1585831819742189e+29
1.1109685055916584e-15 9.6413415694516641e+05 5.2722275373154422e+04 1.4550267699971336e+16 1.1526462328338513e+29
1.0855961704985305e-15 9.6296279979813506e+05 5.1922482810337526e+04 1.4256756312525184e+16 1.1466925368057812e+29
1.0608032896247057e-15 9.6180526083965949e+05 5.1134521547144817e+04 1.3969473401689846e+16 1.1407328998113607e+29
1.0365766293757621e-15 9.6066188909293490e+05 5.0358302104597518e+04 1.3688316305989846e+16 1.1347616521629671e+29
1.0129032583865274e-15 9.5953298269473412e+05 4.9593733492319232e+04 1.3413180776676244e+16 1.1288102681050586e+29
9.8977054061878349e-16 9.5841839849901863e+05 4.8840519122626079e+04 1.3143884342901578e+16 1.1228580438981410e+29
9.6716612861656596e-16 9.5731795253317186e+05 4.8098237560798349e+04 1.2880210853146554e+16 1.1169227552971347e+29
9.4507795691550233e-16 9.5623211695337330e+05 4.7366797837241138e+04 1.2622072456880576e+16 1.1109994864240463e+29
9.2349423560270548e-16 9.5516137915872957e+05 4.6646113169923621e+04 1.2369383928897364e+16 1.1050836420822658e+29
9.0240344402369017e-16 9.5410624151351245e+05 4.5936096411269697e+04 1.2122061298870588e+16 1.0991857871040132e+29
8.8179432463306952e-16 9.5306733080384810e+05 4.5236718086704568e+04 1.1880042991251160e+16 1.0933113938898122e+29
8.6165587698563285e-16 9.5204529613658576e+05 4.4547995554879992e+04 1.1643281535061810e+16 1.0874778901519236e+29
8.4197735186470735e-16 9.5104055916509265e+05 4.3869839755570370e+04 1.1411690427489138e+16 1.0813990120963019e+29
8.2274824554458266e-16 9.5005351120407297e+05 4.3202140991033055e+04 1.1185176526060820e+16 1.0759312193325805e+29
8.0395829418396960e-16 9.4908453559154400e+05 4.2544799295329161e+04 1.0963651379124352e+16 1.0701987608789097e+29
