8.0395829418396959e-13 6.5043145817719866e+05 2.0879350599956056e+05 4.1614513526969624e+16 7.3253231079015637e+26
7.8559746834753246e-13 6.5229474767472572e+05 2.0895416286207145e+05 4.1808950112433864e+16 7.5584156589813637e+26
7.6765596765250801e-13 6.5420684511961078e+05 2.0911288050134570e+05 4.2007243863425432e+16 7.8047229500387853e+26
7.5012421553758558e-13 6.5617083087157877e+05 2.0927037567487874e+05 4.2210056355364088e+16 8.0655288079278348e+26
7.3299285415128468e-13 6.5818968400812044e+05 2.0942746783248553e+05 4.2418106409855296e+16 8.3424806168269486e+26
7.1625273935704306e-13 6.6026660098656197e+05 2.0958508347233679e+05 4.2632194536603584e+16 8.6358819794067956e+26
6.9989493585237990e-13 6.6240517056603380e+05 2.0974427158028106e+05 4.2853224453322648e+16 8.9430277964425656e+26
6.8391071239955609e-13 6.6460946815390396e+05 2.0990622803777456e+05 4.3082224559618896e+16 9.2801413611335314e+26
6.6829153716511489e-13 6.6688420969696797e+05 2.1007235125743967e+05 4.3320388764077488e+16 9.6347865041589192e+26
6.5302907316589952e-13 6.6923409389297792e+05 2.1024425712192882e+05 4.3569041655793696e+16 1.0011574226556684e+27
6.3811517381904706e-13 6.7166398798378475e+05 2.1042376349931082e+05 4.3829647682411536e+16 1.0415637357933540e+27
6.2354187859361313e-13 6.7417915600939840e+05 2.1061292655088069e+05 4.4103849208790992e+16 1.0847380510194066e+27
6.0930140876152718e-13 6.7678568299976503e+05 2.1081409068471228e+05 4.4393528244648352e+16 1.1309390698645687e+27
5.9538616324556484e-13 6.7949015162777097e+05 2.1102994714299438e+05 4.4700818587666720e+16 1.1799372011326573e+27
5.8178871456214496e-13 6.8229945078693307e+05 2.1126354785212802e+05 4.5028106716964752e+16 1.2339526619630307e+27
5.6850180485680912e-13 6.8522148659688234e+05 2.1151840317858648e+05 4.5378143744333296e+16 1.2911986833007574e+27
5.5551834203020698e-13 6.8826462887754710e+05 2.1179854530685119e+05 4.5754046771746072e+16 1.3529514379429833e+27
5.4283139595259256e-13 6.9143747923722898e+05 2.1210854472969781e+05 4.6159302876455056e+16 1.4196513050052574e+27
5.3043419476474946e-13 6.9474994609538512e+05 2.1245368207225605e+05 4.6597957026523944e+16 1.4915714840011751e+27
5.1832012126339740e-13 6.9821257970513322e+05 2.1284004649262151e+05 4.7074630758970256e+16 1.5695195538450460e+27
5.0648270936916735e-13 7.0183624934236088e+05 2.1327459914177342e+05 4.7594553647576448e+16 1.6539076567006701e+27
4.9491564067522283e-13 7.0563347789728828e+05 2.1376548222732663e+05 4.8163862667270608e+16 1.7452539411823964e+27
4.8361274107470329e-13 7.0961773002624046e+05 2.1432222216377247e+05 4.8789689787989416e+16 1.8433943295993711e+27
4.7256797746521049e-13 7.1380314955574321e+05 2.1495599582223804e+05 4.9480326923455048e+16 1.9523890182892370e+27
4.6177545452852868e-13 7.1820418123841449e+05 2.1567995972253449e+05 5.0245425060607672e+16 2.0695758015321154e+27
4.5122941158391827e-13 7.2283607927669375e+05 2.1650985599889065e+05 5.1096431754663016e+16 2.1953610124689819e+27
4.4092421951325472e-13 7.2771621280299395e+05 2.1746522492150543e+05 5.2047449145621696e+16 2.3352369062196968e+27
4.3085437775639206e-13 7.3286233251254016e+05 2.1857081475433439e+05 5.3115958486098360e+16 2.4846759014682955e+27
4.2101451137516242e-13 7.3829254404586053e+05 2.1985976608915345e+05 5.4324676636190656e+16 2.6464756822552314e+27
4.1139936818441155e-13 7.4402592260282591e+05 2.2138189999471523e+05 5.5706238229129208e+16 2.8187254442971878e+27
4.0200381594855675e-13 7.4979916929459397e+05 2.2314524707577412e+05 5.7242196627145832e+16 2.9906860231222742e+27
3.9282283964218600e-13 7.5331467103981483e+05 2.2440307755485552e+05 5.8287087495453504e+16 3.0897997017348027e+27
3.8385153877319545e-13 7.5519039259758324e+05 2.2513391321677776e+05 5.8880881638856480e+16 3.1409490904326459e+27
3.7508512476708503e-13 7.5702331293314148e+05 2.2584303164467824e+05 5.9462604641853648e+16 3.1913344684221651e+27
3.6651891841097572e-13 7.5887187754010840e+05 2.2655170260386466e+05 6.0049987765476728e+16 3.2441279759195462e+27
3.5814834735600098e-13 7.6073573233686935e+05 2.2725969361124266e+05 6.0642929783042152e+16 3.2978978994666051e+27
3.4996894367675177e-13 7.6261455655079510e+05 2.2796678526452364e+05 6.1241337315756704e+16 3.3533922818608593e+27
3.4197634148644563e-13 7.6450808419802133e+05 2.2867277587767370e+05 6.1845130132647608e+16 3.4109511586548936e+27
3.3416627460656126e-13 7.6641592374732788e+05 2.2937741837474654e+05 6.2454185883611264e+16 3.4697778561095440e+27
3.2653457428970620e-13 7.6833777260555886e+05 2.3008050222581284e+05 6.3068409235260968e+16 3.5308341527179630e+27
3.1907716699447724e-13 7.7027319443118060e+05 2.3078175640981738e+05 6.3687652789292952e+16 3.5935789447867045e+27
3.1179007221113923e-13 7.7222194551041105e+05 2.3148097563444689e+05 6.4311824931405304e+16 3.6578830060322385e+27
3.0466940033697372e-13 7.7418377277433744e+05 2.3217795331008793e+05 6.4940829732720120e+16 3.7245183990899833e+27
2.9771135060013152e-13 7.7615830628483149e+05 2.3287245067782226e+05 6.5574535889054576e+16 3.7931055898597936e+27
2.9091220903091890e-13 7.7814519900719461e+05 2.3356423075600521e+05 6.6212812628420536e+16 3.8635862474975053e+27
2.8426834647940371e-13 7.8014392971475131e+05 2.3425300656633085e+05 6.6855474997550200e+16 3.9360533283816985e+27
2.7777621667829500e-13 7.8215411366924341e+05 2.3493851930339183e+05 6.7502367114778464e+16 4.0110916312621425e+27
2.7143235435007391e-13 7.8417534265558037e+05 2.3562050716884667e+05 6.8153324314862120e+16 4.0881617520639308e+27
2.6523337335734285e-13 7.8620731371709192e+05 2.3629873290335093e+05 6.8808205944138248e+16 4.1676111348061358e+27
2.5917596489541772e-13 7.8824965373885538e+05 2.3697294303133545e+05 6.9466849353371088e+16 4.2494345992415117e+27
2.5325689572620839e-13 7.9030206429398234e+05 2.3764290912120728e+05 7.0129112602894104e+16 4.3332166457933563e+27
2.4747300645241784e-13 7.9236386919782253e+05 2.3830829285361597e+05 7.0794735119203360e+16 4.4199862809447021e+27
2.4182120983117104e-13 7.9443469543999678e+05 2.3896882677767632e+05 7.1463533362315240e+16 4.5089721609462996e+27
2.3629848912614671e-13 7.9651414106703992e+05 2.3962424060361463e+05 7.2135314035043616e+16 4.6010187891062079e+27
2.3090189649734352e-13 7.9860190454632277e+05 2.4027429033316998e+05 7.2809909401631968e+16 4.6954556576713450e+27
2.2562855142762949e-13 8.0069738840284583e+05 2.4091865654645412e+05 7.3487061450784592e+16 4.7928659515576848e+27
2.2047563918521709e-13 8.0280022350684821e+05 2.4155706763102367e+05 7.4166567909694256e+16 4.8925412792620984e+27
2.1544040932125280e-13 8.0490994206279807e+05 2.4218923207104520e+05 7.4848196275122496e+16 4.9956956036645988e+27
2.1052017420172673e-13 8.0702620862003369e+05 2.4281489342529906e+05 7.5531749675130400e+16 5.1016535200130890e+27
2.0571230757290243e-13 8.0914835782701941e+05 2.4343371513725579e+05 7.6216930483566480e+16 5.2111245143588041e+27
2.0101424315950971e-13 8.1127589456851175e+05 2.4404538686176189e+05 7.6903476327826192e+16 5.3237992519864832e+27
1.9642347329496030e-13 8.1340827611483436e+05 2.4464959560605232e+05 7.7591110868865952e+16 5.4387218466023391e+27
1.9193754758283432e-13 8.1554495973339281e+05 2.4524600786629179e+05 7.8279540275537984e+16 5.5578515742925803e+27
1.8755407158894795e-13 8.1768559522702708e+05 2.4583434237925502e+05 7.8968526976764944e+16 5.6802674463967327e+27
1.8327070556328355e-13 8.1982976559127215e+05 2.4641430329188885e+05 7.9657810324517824e+16 5.8062790505961397e+27
1.7908516319110873e-13 8.2197706992549601e+05 2.4698560983382849e+05 8.0347137199776368e+16 5.9356255968930229e+27
1.7499521037262478e-13 8.2412672680966067e+05 2.4754788818463933e+05 8.1036132108095168e+16 6.0688502158495614e+27
1.7099866403047436e-13 8.2627836412568484e+05 2.4810084997193099e+05 8.1724531840112992e+16 6.2060591309107283e+27
1.6709339094449448e-13 8.2843119836119283e+05 2.4864411940428478e+05 8.2411947918036448e+16 6.3470676865252370e+27
1.6327730661307397e-13 8.3058479529327212e+05 2.4917737945822987e+05 8.3098079149912240e+16 6.4923408412021154e+27
1.5954837414051565e-13 8.3273862489796570e+05 2.4970029955695593e+05 8.3782596106250176e+16 6.6409599694201742e+27
1.5590460314981504e-13 8.3489222437913530e+05 2.5021255746017297e+05 8.4465180914474560e+16 6.7968446292486072e+27
1.5234404872026269e-13 8.3704512902558723e+05 2.5071384847825841e+05 8.5145522258460576e+16 6.9518011293322517e+27
1.4886481034931015e-13 8.3919656003852817e+05 2.5120379367210632e+05 8.5823203878383280e+16 7.1169501493450265e+27
1.4546503093815020e-13 8.4134614074967499e+05 2.5168209634234983e+05 8.6497925142808544e+16 7.2817715735761402e+27
1.4214289580045901e-13 8.4349292963874096e+05 2.5214835783381661e+05 8.7169218204933680e+16 7.4527732011178151e+27
1.3889663169377659e-13 8.4563641266797588e+05 2.5260222852730594e+05 8.7836715060411984e+16 7.6284883046464016e+27
1.3572450587301461e-13 8.4777610921669507e+05 2.5304337282069770e+05 8.8500058908653840e+16 7.8104046672015274e+27
1.3262482516557153e-13 8.4991150264282862e+05 2.5347145369240895e+05 8.9158881251765072e+16 7.9963652106389310e+27
1.2959593506757878e-13 8.5204216737247142e+05 2.5388617408003652e+05 8.9812852538029760e+16 8.1876379356215374e+27
1.2663621886078123e-13 8.5416689162660798e+05 2.5428711099118137e+05 9.0461413728009536e+16 8.3843874361503159e+27
1.2374409674958667e-13 8.5628512059971772e+05 2.5467389199492167e+05 9.1104152928006816e+16 8.5869044933014327e+27
1.2091802501782780e-13 8.5839631683413731e+05 2.5504616723537588e+05 9.1740672306392000e+16 8.7945889839280282e+27
1.1815649520477777e-13 8.6049986792309547e+05 2.5540356185460900e+05 9.2370540459172864e+16 9.0083197390699820e+27
1.1545803329998362e-13 8.6259538383335201e+05 2.5574575227339118e+05 9.2993398166787312e+16 9.2281132299221518e+27
1.1282119895649331e-13 8.6468195451583643e+05 2.5607236478077446e+05 9.3608750749432048e+16 9.4529426150764024e+27
1.1024458472204377e-13 8.6675903737007140e+05 2.5638303808148779e+05 9.4216178640484992e+16 9.6838017778265122e+27
1.0772681528781416e-13 8.6882604481076845e+05 2.5667745099833465e+05 9.4815276701566544e+16 9.9212074412283361e+27
1.0526654675433147e-13 8.7088186024016445e+05 2.5695519783726794e+05 9.5405476577285296e+16 1.0166280529766280e+28
1.0286246591414157e-13 8.7292602418170497e+05 2.5721590924961687e+05 9.5986360582480160e+16 1.0416575349121977e+28
1.0051328955086642e-13 8.7495784450979333e+05 2.5745922909866532e+05 9.6557470710129872e+16 1.0673443892406973e+28
9.8217763754265583e-14 8.7697662540016009e+05 2.5768477220873008e+05 9.7118327127902976e+16 1.0937606404018531e+28
9.5974663250940560e-14 8.7898197092958586e+05 2.5789221468050996e+05 9.7668549349845664e+16 1.1208281505532992e+28
9.3782790750328011e-14 8.8097273519953398e+05 2.5808120908234877e+05 9.8207584417805152e+16 1.1485623625678441e+28
9.1640976305625656e-14 8.8294816412543075e+05 2.5825135416197780e+05 9.8734923339660608e+16 1.1771524760611367e+28
8.9548076689313450e-14 8.8490775932110869e+05 2.5840228859383633e+05 9.9250135393683392e+16 1.2064893340549505e+28
8.7502974782940347e-14 8.8685060990643944e+05 2.5853364992240054e+05 9.9752700270508816e+16 1.2364049674194696e+28
8.5504578980841602e-14 8.8877616291777627e+05 2.5864504758366276e+05 1.0024215574806939e+17 1.2671619373311757e+28
8.3551822607479450e-14 8.9068387153952010e+05 2.5873615581120268e+05 1.0071808298870397e+17 1.2986779035979513e+28
8.1643663348086941e-14 8.9257263951590995e+05 2.5880663600598689e+05 1.0117993487436542e+17 1.3309515231698103e+28
7.9779082692314898e-14 8.9444193469095952e+05 2.5885610273852802e+05 1.0162725686268872e+17 1.3642579696219227e+28
7.7957085390588123e-14 8.9629116346811783e+05 2.5888424748284070e+05 1.0205963246854323e+17 1.3982363292847065e+28
7.6176698922872544e-14 8.9811919997893402e+05 2.5889075447390857e+05 1.0247652176505030e+17 1.4330526647194710e+28
7.4436972979579387e-14 8.9992552765428717e+05 2.5887524601545846e+05 1.0287748217369776e+17 1.4685617335349651e+28
7.2736978954321352e-14 9.0170951050699328e+05 2.5883744322525666e+05 1.0326211086038486e+17 1.5052004260651175e+28
7.1075809448253324e-14 9.0346983612930577e+05 2.5877708097697198e+05 1.0362985935196784e+17 1.5425229217069418e+28
6.9452577785735583e-14 9.0520588646339078e+05 2.5869374882508058e+05 1.0398024622940208e+17 1.5808096424340671e+28
6.7866417541055714e-14 9.0691705883847317e+05 2.5858710585538001e+05 1.0431284203217805e+17 1.6199890326139104e+28
6.6316482075959181e-14 9.0860230674649915e+05 2.5845685725546296e+05 1.0462714591240512e+17 1.6601770449513830e+28
6.4801944087744509e-14 9.1026100843535503e+05 2.5830259388945648e+05 1.0492268656670614e+17 1.7011406163204968e+28
6.3321995167676364e-14 9.1189261821777967e+05 2.5812397173641139e+05 1.0519905778239091e+17 1.7428612357651563e+28
6.1875845369483762e-14 9.1349612762917811e+05 2.5792075887726073e+05 1.0545581851377330e+17 1.7858369583085056e+28
6.0462722787715319e-14 9.1507088792045973e+05 2.5769257851814409e+05 1.0569252621260098e+17 1.8297607341252748e+28
5.9081873145721601e-14 9.1661645045407850e+05 2.5743911066662124e+05 1.0590882948409112e+17 1.8744807085123936e+28
5.7732559393047217e-14 9.1813167892189836e+05 2.5716032264498030e+05 1.0610439701146235e+17 1.9201901562480180e+28
5.6414061312020209e-14 9.1961564355389588e+05 2.5685591556946406e+05 1.0627878290794933e+17 1.9668670204965185e+28
5.5125675133322412e-14 9.2106780717966147e+05 2.5652551443621179e+05 1.0643159660423062e+17 2.0146560559004179e+28
5.3866713160343085e-14 9.2248737543400121e+05 2.5616899489135502e+05 1.0656254910950973e+17 2.0633454613817600e+28
5.2636503402109189e-14 9.2387323052320455e+05 2.5578618391645639e+05 1.0667124548058336e+17 2.1131469149754475e+28
5.1434389214598862e-14 9.2522474298752332e+05 2.5537667862105582e+05 1.0675727589781822e+17 2.1636477581030700e+28
5.0259728950248755e-14 9.2654131865595817e+05 2.5494019935261566e+05 1.0682032613490514e+17 2.2153692215673733e+28
4.9111895615462751e-14 9.2782192381727276e+05 2.5447667897199007e+05 1.0686011040966544e+17 2.2681462193235861e+28
4.7990276535945624e-14 9.2906584380250785e+05 2.5398575712362333e+05 1.0687625019599442e+17 2.3217779216600576e+28
4.6894273029677714e-14 9.3027255085396126e+05 2.5346709396343274e+05 1.0686843838031195e+17 2.3765374177299211e+28
4.5823300087358381e-14 9.3144121826012409e+05 2.5292075926570731e+05 1.0683655275113246e+17 2.4322560325372968e+28
4.4776786060149089e-14 9.3257085395067662e+05 2.5234664080093900e+05 1.0678032392226912e+17 2.4886753506581279e+28
4.3754172354546191e-14 9.3366082808602985e+05 2.5174437061410610e+05 1.0669943049046139e+17 2.5464266547980925e+28
4.2754913134222209e-14 9.3471061119621806e+05 2.5111375130241746e+05 1.0659369338740688e+17 2.6053301493666483e+28
4.1778475028678120e-14 9.3571919910533773e+05 2.5045502848072635e+05 1.0646308653121042e+17 2.6649989151153907e+28
4.0824336848547811e-14 9.3668579600806464e+05 2.4976792156491001e+05 1.0630732980895848e+17 2.7256166278968114e+28
3.9891989307404462e-14 9.3760979063864134e+05 2.4905209753660642e+05 1.0612617371420624e+17 2.7873860308356763e+28
3.8980934749921996e-14 9.3849060027096281e+05 2.4830757124785942e+05 1.0591959663881570e+17 2.8496868858233936e+28
3.8090686886242321e-14 9.3932725821549015e+05 2.4753455883622347e+05 1.0568760334052054e+17 2.9134178119874212e+28
3.7220770532411519e-14 9.4011904920890997e+05 2.4673273011594353e+05 1.0542995350493774e+17 2.9780091122704890e+28
3.6370721356742348e-14 9.4086540121074615e+05 2.4590179755607207e+05 1.0514648571838107e+17 3.0429217224422482e+28
3.5540085631969392e-14 9.4156571735834912e+05 2.4504205295204779e+05 1.0483738224594662e+17 3.1090782166371840e+28
3.4728419993065977e-14 9.4221911884650704e+05 2.4415365548352466e+05 1.0450268091669579e+17 3.1760043107349699e+28
3.3935291200589816e-14 9.4282490943100350e+05 2.4323629399396351e+05 1.0414220985635515e+17 3.2442855564942236e+28
3.3160275909435640e-14 9.4338254794470884e+05 2.4228973572341781e+05 1.0375590072229894e+17 3.3126201971403604e+28
3.2402960442867525e-14 9.4389150357854448e+05 2.4131451767166780e+05 1.0334413734297925e+17 3.3820224270285856e+28
3.1662940571711986e-14 9.4435096769901807e+05 2.4031079563893189e+05 1.0290701988825256e+17 3.4524221493534387e+28
3.0939821298595029e-14 9.4476023071465280e+05 2.3927829077216442e+05 1.0244444480986552e+17 3.5233463445295377e+28
3.0233216647105607e-14 9.4511873886927741e+05 2.3821679822335058e+05 1.0195640937774102e+17 3.5950270787191259e+28
2.9542749455774224e-14 9.4542608138507162e+05 2.3712692701766672e+05 1.0144341168095406e+17 3.6672272858917581e+28
2.8868051176757726e-14 9.4568153450954845e+05 2.3600891756616635e+05 1.0090566827102614e+17 3.7403899947868668e+28
2.8208761679120653e-14 9.4588439252899587e+05 2.3486253051369451e+05 1.0034315254701259e+17 3.8135452179651211e+28
2.7564529056609296e-14 9.4603410265842604e+05 2.3368758884545593e+05 9.9755931199240112e+16 3.8874544030292508e+28
2.6935009439816838e-14 9.4613045560766535e+05 2.3248478010236376e+05 9.9144639228432752e+16 3.9619785381699042e+28
2.6319866812637211e-14 9.4617288987306540e+05 2.3125472423288348e+05 9.8509782047885824e+16 4.0369651419633325e+28
2.5718772832910860e-14 9.4616066821812384e+05 2.2999721632143410e+05 9.7851392001427680e+16 4.1122864830275492e+28
2.5131406657167638e-14 9.4609316358317970e+05 2.2871209324285953e+05 9.7169571332850752e+16 4.1875320587765217e+28
2.4557454769370657e-14 9.4597011129323230e+05 2.2739968754390636e+05 9.6464791666885504e+16 4.2634852284596837e+28
2.3996610813572847e-14 9.4579127202197525e+05 2.2606098745370432e+05 9.5737870172222096e+16 4.3394282316520410e+28
2.3448575430394285e-14 9.4555592300751992e+05 2.2469589389023869e+05 9.4988945255039632e+16 4.4154743367677301e+28
2.2913056097234067e-14 9.4526342267445812e+05 2.2330427857923126e+05 9.4218179171828368e+16 4.4911223930582314e+28
2.2389766972132404e-14 9.4491339543004788e+05 2.2188620002863932e+05 9.3425915669199056e+16 4.5675124729683761e+28
2.1878428741197178e-14 9.4450609978508577e+05 2.2044305295006867e+05 9.2613330776871440e+16 4.6440328138888381e+28
2.1378768469516348e-14 9.4404101268182416e+05 2.1897517013258452e+05 9.1780865583573408e+16 4.7197340762347389e+28
2.0890519455474319e-14 9.4351745931553550e+05 2.1748246069329392e+05 9.0928727085405888e+16 4.7951131048988048e+28
2.0413421088395478e-14 9.4293489119737537e+05 2.1596487565801619e+05 9.0057192502099744e+16 4.8705370877479067e+28
1.9947218709439593e-14 9.4229341461680061e+05 2.1442312421264363e+05 8.9167081779511728e+16 4.9463067595115664e+28
1.9491663475673367e-14 9.4159332908455096e+05 2.1285865359812762e+05 8.8259601898066144e+16 5.0207453816679907e+28
1.9046512227246311e-14 9.4083396317290619e+05 2.1127146636359769e+05 8.7335028719086032e+16 5.0953736871592493e+28
1.8611527357600804e-14 9.4001469005807990e+05 2.0966153488993889e+05 8.6393650695849216e+16 5.1689110471601416e+28
1.8186476686645556e-14 9.3913505267477571e+05 2.0802889150092940e+05 8.5435842449686464e+16 5.2408556689951462e+28
1.7771133336825583e-14 9.3819565741638048e+05 2.0637487778610704e+05 8.4462842117376064e+16 5.3142249828704247e+28
1.7365275612023216e-14 9.3719655198962684e+05 2.0470045630151138e+05 8.3475558620489824e+16 5.3845815034983670e+28
1.6968686879223694e-14 9.3613710298053944e+05 2.0300564124650761e+05 8.2474309597176288e+16 5.4556330663456353e+28
1.6581155452884349e-14 9.3501675014319853e+05 2.0129046640604801e+05 8.1459453634699728e+16 5.5245864309929774e+28
1.6202474481943860e-14 9.3383519662224548e+05 1.9955509024614590e+05 8.0431481047148336e+16 5.5930587736456124e+28
1.5832441839412017e-14 9.3259367916230229e+05 1.9780142059365241e+05 7.9391997545126960e+16 5.6604509068108579e+28
1.5470860014481690e-14 9.3129227873786842e+05 1.9603034401098912e+05 7.8341864421867776e+16 5.7255751340445869e+28
1.5117536007103770e-14 9.2993040192349290e+05 1.9424193016588825e+05 7.7281436585607008e+16 5.7906754088970089e+28
1.4772281224970779e-14 9.2850752931843081e+05 1.9243626723249498e+05 7.6211105545348912e+16 5.8539428138573486e+28
1.4434911382852522e-14 9.2702335199141875e+05 1.9061352622226794e+05 7.5131357152666416e+16 5.9151275022544991e+28
1.4105246404230745e-14 9.2547924052476895e+05 1.8877554306919806e+05 7.4043732960733232e+16 5.9747953327372193e+28
1.3783110325180794e-14 9.2387552148210036e+05 1.8692334217778375e+05 7.2949171676098992e+16 6.0331532195733049e+28
1.3468331200447878e-14 9.2221165692847804e+05 1.8505704206333481e+05 7.1848048610799432e+16 6.0889236478588800e+28
1.3160741011668400e-14 9.2048717019255145e+05 1.8317677329984822e+05 7.0740766392454632e+16 6.1433174164331424e+28
1.2860175577687812e-14 9.1870172560741741e+05 1.8128269927010973e+05 6.9627780420982728e+16 6.1955880471241860e+28
1.2566474466926146e-14 9.1685660424610064e+05 1.7937633287592180e+05 6.8510411238982432e+16 6.2459947715182053e+28
1.2279480911744954e-14 9.1495307781423861e+05 1.7745942133693665e+05 6.7390021278623576e+16 6.2940538506980430e+28
1.1999041724770400e-14 9.1299066420573753e+05 1.7553212776211937e+05 6.6266978739643360e+16 6.3402529326795076e+28
1.1725007217126900e-14 9.1096891502588522e+05 1.7359461520390370e+05 6.5141664819405960e+16 6.3827302983428354e+28
1.1457231118538169e-14 9.0888745626004657e+05 1.7164705836735855e+05 6.4014486428089096e+16 6.4249667947232745e+28
1.1195570499253468e-14 9.0674647912453325e+05 1.6968998460375451e+05 6.2886096800520280e+16 6.4633751836341358e+28
1.0939885693756198e-14 9.0454780456362944e+05 1.6772530504686286e+05 6.1757947693164744e+16 6.4997887741527881e+28
1.0690040226215535e-14 9.0229139340429462e+05 1.6575346908004911e+05 6.0630564889362024e+16 6.5333791886361290e+28
1.0445900737640148e-14 8.9997752370663197e+05 1.6377508438481094e+05 5.9504586322826928e+16 6.5647872842560319e+28
1.0207336914695582e-14 8.9760717915829970e+05 1.6179135430823656e+05 5.8380970931211136e+16 6.5917645245708890e+28
9.9742214201477500e-15 8.9518014755042584e+05 1.5980253830176490e+05 5.7260107183125024e+16 6.6186959747385512e+28
9.7464298248943204e-15 8.9269719390904042e+05 1.5780954444533784e+05 5.6142779118107144e+16 6.6411131800187516e+28
9.5238405415489943e-15 8.9015940029272030e+05 1.5581358591810425e+05 5.5029900168692464e+16 6.6621803815663808e+28
9.3063347595421789e-15 8.8756654803306563e+05 1.5381488863072591e+05 5.3921801512487808e+16 6.6770677669323104e+28
9.0937963817038467e-15 8.8491958241211402e+05 1.5181444143198489e+05 5.2819261839119504e+16 6.6923419709440773e+28
8.8861119622950472e-15 8.8221935544088134e+05 1.4981322697375307e+05 5.1723010549956432e+16 6.7038861901379353e+28
8.6831706464543330e-15 8.7946567598755891e+05 1.4781146224225138e+05 5.0633337101593880e+16 6.7122540437566021e+28
8.4848641110271021e-15 8.7665954968211043e+05 1.4581011817758204e+05 4.9550960945320216e+16 6.7164258260763730e+28
8.2910865067466053e-15 8.7380173868076131e+05 1.4381004645584972e+05 4.8476494192944448e+16 6.7196064937045732e+28
8.1017344017351153e-15 8.7089210323773080e+05 1.4181145860241583e+05 4.7410190816085896e+16 6.7188990745987570e+28
7.9167067262954120e-15 8.6793198236756225e+05 1.3981545509477929e+05 4.6352799170073872e+16 6.7150424704286875e+28
7.7359047189634282e-15 8.6492247912138526e+05 1.3782303948301857e+05 4.5304964531223176e+16 6.7082294517428644e+28
7.5592318737926421e-15 8.6186347423423151e+05 1.3583441261045210e+05 4.4266887068548144e+16 6.6982425671784377e+28
7.3865938888424051e-15 8.5875593435814639e+05 1.3385038367290914e+05 4.3239100176110968e+16 6.6842119290730247e+28
7.2178986158429975e-15 8.5560099770705460e+05 1.3187189680190853e+05 4.2222171885579616e+16 6.6694997087232922e+28
7.0530560110097832e-15 8.5239859243719676e+05 1.2989914048151308e+05 4.1216260263878640e+16 6.6507739455046402e+28
6.8919780869811397e-15 8.4914975181735412e+05 1.2793287848244866e+05 4.0221834566024712e+16 6.6283244966178555e+28
6.7345788658535760e-15 8.4585647541689221e+05 1.2597446342174464e+05 3.9239626695082584e+16 6.6035643577693591e+28
6.5807743332898606e-15 8.4251877056681283e+05 1.2402410053467513e+05 3.8269750910438560e+16 6.5750367397484714e+28
6.4304823936749431e-15 8.3913709766162059e+05 1.2208219529329176e+05 3.7312431652000152e+16 6.5448070985432947e+28
6.2836228262960381e-15 8.3571332957917731e+05 1.2014992504650789e+05 3.6368261005501592e+16 6.5114601075463249e+28
6.1401172425237023e-15 8.3224765268586820e+05 1.1822755358475442e+05 3.5437344609485856e+16 6.4749538090053815e+28
5.9998890439705759e-15 8.2874024986842950e+05 1.1631529720973295e+05 3.4519770911896892e+16 6.4366146295155411e+28
5.8628633816057044e-15 8.2519326468808530e+05 1.1441436507247825e+05 3.3616105640096268e+16 6.3925598354909843e+28
5.7289671158028247e-15 8.2160737785467377e+05 1.1252523133142444e+05 3.2726517287158332e+16 6.3493536682042101e+28
5.5981287773008504e-15 8.1798262577650975e+05 1.1064801072147940e+05 3.1850999663197396e+16 6.3021719799928595e+28
5.4702785290559493e-15 8.1432038765972934e+05 1.0878343805724035e+05 3.0989845013550364e+16 6.2537800875541928e+28
5.3453481289650542e-15 8.1062214502193441e+05 1.0693231685910345e+05 3.0143344606132648e+16 6.2020873412638321e+28
5.2232708934404756e-15 8.0688794561228727e+05 1.0509473497244193e+05 2.9311442714381392e+16 6.1473776017154860e+28
5.1039816618164203e-15 8.0311828524113155e+05 1.0327095450954209e+05 2.8494170562696236e+16 6.0898228458483027e+28
4.9874167615685985e-15 7.9931515950567776e+05 1.0146192683249367e+05 2.7691858964820172e+16 6.0294711041574021e+28
4.8735139743278304e-15 7.9547887600705447e+05 9.9667823038061309e+04 2.6904461863276776e+16 5.9696053437409785e+28
4.7622125026701672e-15 7.9160952981984324e+05 9.7888689973344503e+04 2.6131881376278260e+16 5.9069367654261183e+28
4.6534529376651431e-15 7.8770884646710358e+05 9.6125258752716094e+04 2.5374323355056724e+16 5.8419679033106842e+28
4.5471772271654456e-15 7.8377811698650487e+05 9.4378079861107748e+04 2.4631886261032456e+16 5.7740697516030771e+28
4.4433286448206034e-15 7.7981744238952384e+05 9.2647165889018899e+04 2.3904429305845728e+16 5.7047434093037711e+28
4.3418517597983386e-15 7.7582747548701044e+05 9.0932720674535114e+04 2.3191902132993700e+16 5.6342546965544542e+28
4.2426924071975897e-15 7.7181136497045122e+05 8.9235969526824338e+04 2.2494669778021932e+16 5.5625215050409241e+28
4.1457976591370770e-15 7.6776973484270216e+05 8.7557102896804092e+04 2.1812631250080260e+16 5.4882593756597148e+28
4.0511157965041552e-15 7.6370272192772711e+05 8.5896093207920465e+04 2.1145596839186328e+16 5.4126866648410250e+28
3.9585962813490184e-15 7.5961144279157091e+05 8.4253268120321998e+04 2.0493526751980124e+16 5.3372974197301850e+28
3.8681897299092095e-15 7.5549763346812443e+05 8.2629199433802132e+04 1.9856462847428028e+16 5.2588912508801021e+28
3.7798478862502085e-15 7.5136145863671822e+05 8.1023839741581658e+04 1.9234190379371484e+16 5.1808205216601115e+28
3.6935235965081540e-15 7.4720308645494410e+05 7.9437126110033729e+04 1.8626494195698924e+16 5.1004965719372746e+28
3.6091707837206704e-15 7.4302410135107895e+05 7.7869495654985309e+04 1.8033355453798420e+16 5.0212023788290941e+28
3.5267444232325131e-15 7.3882547908763785e+05 7.6321163246891942e+04 1.7454655346279014e+16 4.9381081244143930e+28
3.4462005186630304e-15 7.3460736295479664e+05 7.4792026447372235e+04 1.6890154463511524e+16 4.8565251872971466e+28
3.3674960784223519e-15 7.3037017697408982e+05 7.3282055027620401e+04 1.6339648983126742e+16 4.7740090541747497e+28
3.2905890927639030e-15 7.2611726050440478e+05 7.1792202427437165e+04 1.5803293559372266e+16 4.6891586777802283e+28
3.2154385113611301e-15 7.2184970462785417e+05 7.0322656870564126e+04 1.5280935992467962e+16 4.6060368659823719e+28
3.1420042213961282e-15 7.1756768173615285e+05 6.8873281992623699e+04 1.4772307097590430e+16 4.5218450151967360e+28
3.0702470261488918e-15 7.1327153031820094e+05 6.7443983396267649e+04 1.4277158882200086e+16 4.4370130339700054e+28
3.0001286240753394e-15 7.0896262326965900e+05 6.6034991948048497e+04 1.3795358100970858e+16 4.3523190926548689e+28
2.9316115883633456e-15 7.0464135175601952e+05 6.4646219676864792e+04 1.3326656399751564e+16 4.2676167616441878e+28
2.8646593469555428e-15 7.0030786059959512e+05 6.3277491194743641e+04 1.2870780582622204e+16 4.1823960381931400e+28
2.7992361630283719e-15 6.9596268503634504e+05 6.1928732079883579e+04 1.2427499407923596e+16 4.0969102032565144e+28
2.7353071159170559e-15 6.9160839007038041e+05 6.0600470466605861e+04 1.1996779006028152e+16 4.0125086480654259e+28
2.6728380824761013e-15 6.8724555688936717e+05 5.9292635875262225e+04 1.1578377303651030e+16 3.9273237967439933e+28
2.6117957188654957e-15 6.8287433483559999e+05 5.8005021892406177e+04 1.1172012758254708e+16 3.8437171684627692e+28
2.5521474427529691e-15 6.7849517388964549e+05 5.6737493842272153e+04 1.0777434545060572e+16 3.7589639712936546e+28
2.4938614159226217e-15 6.7411049785699672e+05 5.5490462845505885e+04 1.0394563157757152e+16 3.6759266571719481e+28
2.4369065272807395e-15 6.6972092866272223e+05 5.4263833915314688e+04 1.0023152797801560e+16 3.5930227020119209e+28
2.3812523762498158e-15 6.6532661478455353e+05 5.3057375254589257e+04 9.6629203387489320e+15 3.5104314289979275e+28
2.3268692565417277e-15 6.6092779180521693e+05 5.1870870990754345e+04 9.3135947519448180e+15 3.4282842152289258e+28
2.2737281403015041e-15 6.5652613037338539e+05 5.0704473181781723e+04 8.9750180795762480e+15 3.3471576517124510e+28
2.2218006626133126e-15 6.5212228968181205e+05 4.9558069165724126e+04 8.6469510186133150e+15 3.2661262229505735e+28
2.1710591063601611e-15 6.4771639309660834e+05 4.8431404120408195e+04 8.3291176793211940e+15 3.1872623934171184e+28
2.1214763874295099e-15 6.4330856857475534e+05 4.7324218164517959e+04 8.0212482108610170e+15 3.1076666569934136e+28
2.0730260402566669e-15 6.3890052636817587e+05 4.6236627658012418e+04 7.7231836334059040e+15 3.0295349476400717e+28
2.0256822036983470e-15 6.3449350101925933e+05 4.5168632900877652e+04 7.4347284026107030e+15 2.9524219234578513e+28
1.9794196072289361e-15 6.3008761025087442e+05 4.4119961452373725e+04 7.1556149873837920e+15 2.8754714066765547e+28
1.9342135574518784e-15 6.2568295172539051e+05 4.3090333881977662e+04 6.8855810200747960e+15 2.8006019996971303e+28
1.8900399249192402e-15 6.2128060526438337e+05 4.2079682868651122e+04 6.6244273300107870e+15 2.7260754517340363e+28
1.8468751312522100e-15 6.1688279279935220e+05 4.1088196659127338e+04 6.3720191468631310e+15 2.6532366528894471e+28
1.8046961365557400e-15 6.1248970623582392e+05 4.0115607121364701e+04 6.1281028069600730e+15 2.5809242097384508e+28
1.7634804271206827e-15 6.0810145014366671e+05 3.9161628288538050e+04 5.8924262722608420e+15 2.5100807975902321e+28
1.7232060034067163e-15 6.0371812343448598e+05 3.8225974320676207e+04 5.6647438656935840e+15 2.4398498023762344e+28
1.6838513682997199e-15 5.9933991674530704e+05 3.7308379794762237e+04 5.4448209833529830e+15 2.3712513341526722e+28
1.6453955156373893e-15 5.9496691398615809e+05 3.6408558476988088e+04 5.2324237602190660e+15 2.3034787199819640e+28
1.6078179189968424e-15 5.9059914321728365e+05 3.5526213092393729e+04 5.0273220458315950e+15 2.2375440747772746e+28
1.5710985207382948e-15 5.8623660449671792e+05 3.4661038178262977e+04 4.8292907885499000e+15 2.1723196137788344e+28
1.5352177212990160e-15 5.8188146485480468e+05 3.3813131006626034e+04 4.6382042613773500e+15 2.1087245168928698e+28
1.5001563687317299e-15 5.7753727911635232e+05 3.2982851721404310e+04 4.4539897482875035e+15 2.0450977584031248e+28
1.4658957484819409e-15 5.7320419498432090e+05 3.2169908349842928e+04 4.2764250412524630e+15 1.9841567875124268e+28
1.4324175733987857e-15 5.6888229991631629e+05 3.1374001127176536e+04 4.1052920153253755e+15 1.9239901095688654e+28
1.3997039739739272e-15 5.6457166092029354e+05 3.0594830515356047e+04 3.9403783392586070e+15 1.8651925720623206e+28
1.3677374888034679e-15 5.6027221230058756e+05 2.9832077654209326e+04 3.7814733199556195e+15 1.8076221195268521e+28
1.3365010552676013e-15 5.5598394278047071e+05 2.9085437435830707e+04 3.6283751109490300e+15 1.7507319192046537e+28
1.3059780004232072e-15 5.5170687180225877e+05 2.8354613834718057e+04 3.4808892957062795e+15 1.6956503381113137e+28
1.2761520321043861e-15 5.4744100029917585e+05 2.7639311389158276e+04 3.3388269629922290e+15 1.6420836038412011e+28
1.2470072302262402e-15 5.4318640673092892e+05 2.6939250109057662e+04 3.2020076322072605e+15 1.5894801995580901e+28
1.2185280382873081e-15 5.3894349980117322e+05 2.6254205919155203e+04 3.0702663883514415e+15 1.5380435621745993e+28
1.1906992550660171e-15 5.3471228690578986e+05 2.5583893245384410e+04 2.9434305109477200e+15 1.4880072504396832e+28
1.1635060265067758e-15 5.3049269752792001e+05 2.4928016975105806e+04 2.8213305574121540e+15 1.4390672480823315e+28
1.1369338377914151e-15 5.2628462487900828e+05 2.4286277461283735e+04 2.7038016862656870e+15 1.3912560351554437e+28
1.1109685055916584e-15 5.2208981339917996e+05 2.3658640813756359e+04 2.5907333400963510e+15 1.3444704166461617e+28
1.0855961704985305e-15 5.1791234625937341e+05 2.3045413159538686e+04 2.4820738299041310e+15 1.2989952581269129e+28
1.0608032896247057e-15 5.1375238803995005e+05 2.2446324787616126e+04 2.3776660113212575e+15 1.2548043164296770e+28
1.0365766293757621e-15 5.0960995205808058e+05 2.1861088277778246e+04 2.2773541467675520e+15 1.2118770698170003e+28
1.0129032583865274e-15 5.0548503915958561e+05 2.1289419559120652e+04 2.1809876092589970e+15 1.1701713107775540e+28
9.8977054061878349e-16 5.0137757754421281e+05 2.0731029980107080e+04 2.0884194115569482e+15 1.1296000264894485e+28
9.6716612861656596e-16 4.9728744007859117e+05 2.0185628615598638e+04 1.9995066677412475e+15 1.0900325611358095e+28
9.4507795691550233e-16 4.9321458262620994e+05 1.9652940727967783e+04 1.9141134687878872e+15 1.0517264167385379e+28
9.2349423560270548e-16 4.8915894776520209e+05 1.9132694703073659e+04 1.8321084761927810e+15 1.0146442538685496e+28
9.0240344402369017e-16 4.8512046113446442e+05 1.8624621396874569e+04 1.7533647321276675e+15 9.7827447852321927e+27
8.8179432463306952e-16 4.8109931348789006e+05 1.8128487645056382e+04 1.6777647395229810e+15 9.4314996786375686e+27
8.6165587698563285e-16 4.7709594066840562e+05 1.7644093904153891e+04 1.6051991356981922e+15 9.0898726076710465e+27
8.4197735186470735e-16 4.7311026646971039e+05 1.7171182578150820e+04 1.5355528081656710e+15 8.7577874356957290e+27
8.2274824554458266e-16 4.6914239512398996e+05 1.6709521262899460e+04 1.4687178333448048e+15 8.4387316689077389e+27
8.0395829418396960e-16 4.6519230403014232e+05 1.6258867431300345e+04 1.4045879184207442e+15 8.1274942312761624e+27
