8.0395829418396959e-13 6.0811722582722758e+05 1.9313185846833247e+05 3.3076061645033244e+16 5.2492642049001488e+26
7.8559746834753246e-13 6.0991910016762535e+05 1.9312860743859300e+05 3.3173462343417304e+16 5.4377709317444124e+26
7.6765596765250801e-13 6.1177734924016660e+05 1.9312014695229731e+05 3.3273152227668152e+16 5.6390743186153170e+26
7.5012421553758558e-13 6.1369625326252251e+05 1.9310729273442915e+05 3.3375823451336784e+16 5.8535329100097635e+26
7.3299285415128468e-13 6.1568014143405191e+05 1.9309103002744526e+05 3.3482255640266280e+16 6.0825907995510899e+26
7.1625273935704306e-13 6.1773371178136941e+05 1.9307249808290173e+05 3.3593329449463116e+16 6.3283859464358405e+26
6.9989493585237990e-13 6.1986220828452113e+05 1.9305299143233144e+05 3.3710040255104116e+16 6.5919764122385693e+26
6.8391071239955609e-13 6.2207155709395534e+05 1.9303399645593768e+05 3.3833524469102280e+16 6.8755640952207330e+26
6.6829153716511489e-13 6.2436854066268855e+05 1.9301724738549578e+05 3.3965097327366616e+16 7.1804141717738855e+26
6.5302907316589952e-13 6.2676017578612629e+05 1.9300481334312528e+05 3.4106255309570908e+16 7.5094736475682097e+26
6.3811517381904706e-13 6.2925390733919095e+05 1.9299907928763781e+05 3.4258685021005864e+16 7.8653191225104320e+26
6.2354187859361313e-13 6.3185785605175397e+05 1.9300277998701637e+05 3.4424298511206208e+16 8.2502249045634538e+26
6.0930140876152718e-13 6.3458130934955110e+05 1.9301904872319559e+05 3.4605292500108532e+16 8.6678650986096590e+26
5.9538616324556484e-13 6.3743441541325476e+05 1.9305152546728635e+05 3.4804184076564956e+16 9.1221173104605949e+26
5.8178871456214496e-13 6.4042802356170234e+05 1.9310441785471013e+05 3.5023837277658828e+16 9.6179220361460896e+26
5.6850180485680912e-13 6.4357447818231594e+05 1.9318259173551953e+05 3.5267568166274880e+16 1.0158578418341193e+27
5.5551834203020698e-13 6.4688707330950804e+05 1.9329171571175740e+05 3.5539187785316300e+16 1.0750841967723182e+27
5.4283139595259256e-13 6.5037982861727115e+05 1.9343834118486458e+05 3.5843042645453856e+16 1.1399852247582071e+27
5.3043419476474946e-13 6.5406870411804493e+05 1.9363007918571832e+05 3.6184202062986600e+16 1.2115242780315369e+27
5.1832012126339740e-13 6.5797090697004006e+05 1.9387580956045073e+05 3.6568535770902632e+16 1.2901975084693552e+27
5.0648270936916735e-13 6.6210454520821327e+05 1.9418584739043057e+05 3.7002805228276472e+16 1.3772390720465427e+27
4.9491564067522283e-13 6.6649014189183258e+05 1.9457230652543524e+05 3.7494988228742464e+16 1.4735203873897240e+27
4.8361274107470329e-13 6.7114984146082855e+05 1.9504947808511657e+05 3.8054461748025056e+16 1.5802967083175021e+27
4.7256797746521049e-13 6.7610702643586264e+05 1.9563425933165223e+05 3.8692255869895472e+16 1.6988599081436652e+27
4.6177545452852868e-13 6.8138574887476175e+05 1.9634669336701353e+05 3.9421367057307536e+16 1.8306118362395183e+27
4.5122941158391827e-13 6.8701102077305899e+05 1.9721081235213121e+05 4.0257308375145472e+16 1.9771381723695536e+27
4.4092421951325472e-13 6.9301003004321235e+05 1.9825626835307045e+05 4.1219140143584536e+16 2.1398012555995221e+27
4.3085437775639206e-13 6.9940932897388493e+05 1.9952035962975910e+05 4.2330424824222808e+16 2.3202209168860688e+27
4.2101451137516242e-13 7.0623348498742364e+05 2.0105237596150339e+05 4.3621420866761656e+16 2.5189464153455818e+27
4.1139936818441155e-13 7.1350399605061056e+05 2.0292511486747526e+05 4.5134665627186008e+16 2.7354463604683017e+27
4.0200381594855675e-13 7.2081858867728827e+05 2.0514600633043415e+05 4.6843643631448040e+16 2.9523426038383587e+27
3.9282283964218600e-13 7.2481437963159638e+05 2.0659690365125256e+05 4.7900972584263264e+16 3.0643475874913890e+27
3.8385153877319545e-13 7.2658985633056331e+05 2.0731115162395764e+05 4.8406718867543384e+16 3.1115736155229973e+27
3.7508512476708503e-13 7.2830885605247249e+05 2.0799842010473774e+05 4.8898019219722176e+16 3.1580792519778385e+27
3.6651891841097572e-13 7.3004473011804803e+05 2.0868642830739261e+05 4.9394981038207920e+16 3.2062748980655079e+27
3.5814834735600098e-13 7.3179718689444661e+05 2.0937497686825914e+05 4.9897551176390648e+16 3.2557385658074848e+27
3.4996894367675177e-13 7.3356592610675935e+05 2.1006386421563930e+05 5.0405672348518928e+16 3.3066329141305454e+27
3.4197634148644563e-13 7.3535070433432644e+05 2.1075290961212237e+05 5.0919300973452528e+16 3.3592952865926036e+27
3.3416627460656126e-13 7.3715117207994859e+05 2.1144189069529765e+05 5.1438360552581856e+16 3.4134136430683170e+27
3.2653457428970620e-13 7.3896706153051578e+05 2.1213061406845029e+05 5.1962794582328336e+16 3.4691768715207107e+27
3.1907716699447724e-13 7.4079800426492561e+05 2.1281884975702030e+05 5.2492515803662624e+16 3.5269545737427718e+27
3.1179007221113923e-13 7.4264374294787284e+05 2.1350640176913500e+05 5.3027462929338592e+16 3.5860712839797994e+27
3.0466940033697372e-13 7.4450399299832596e+05 2.1419306600032729e+05 5.3567565441854256e+16 3.6471573893122150e+27
2.9771135060013152e-13 7.4637841385147418e+05 2.1487862217822275e+05 5.4112736184855184e+16 3.7100851289400678e+27
2.9091220903091890e-13 7.4826668928828300e+05 2.1556285315745571e+05 5.4662889518524856e+16 3.7748158424838203e+27
2.8426834647940371e-13 7.5016839345953532e+05 2.1624550749118539e+05 5.5217907455487632e+16 3.8413682383784334e+27
2.7777621667829500e-13 7.5208319344991073e+05 2.1692635786350159e+05 5.5777691354181456e+16 3.9103946582566313e+27
2.7143235435007391e-13 7.5401069794228137e+05 2.1760515764263275e+05 5.6342123006789024e+16 3.9811433428252425e+27
2.6523337335734285e-13 7.5595060971079010e+05 2.1828168966053784e+05 5.6911106916554184e+16 4.0540083655140108e+27
2.5917596489541772e-13 7.5790253536486370e+05 2.1895570401988924e+05 5.7484516631156376e+16 4.1289568570524917e+27
2.5325689572620839e-13 7.5986617633077351e+05 2.1962698125516210e+05 5.8062249187657848e+16 4.2062377799335326e+27
2.4747300645241784e-13 7.6184099451829924e+05 2.2029522875751535e+05 5.8644131859149632e+16 4.2858538602664690e+27
2.4182120983117104e-13 7.6382665300246072e+05 2.2096020598590912e+05 5.9230039158712984e+16 4.3677233810341796e+27
2.3629848912614671e-13 7.6582272067578451e+05 2.2162164547784982e+05 5.9819816591570544e+16 4.4516703140329608e+27
2.3090189649734352e-13 7.6782889195443655e+05 2.2227931784191466e+05 6.0413341188282896e+16 4.5385104018040405e+27
2.2562855142762949e-13 7.6984463416730333e+05 2.2293292457958809e+05 6.1010421942666552e+16 4.6279686594174690e+27
2.2047563918521709e-13 7.7186959980338998e+05 2.2358221622363004e+05 6.1610912728843032e+16 4.7197299268409778e+27
2.1544040932125280e-13 7.7390331116576737e+05 2.2422690876111572e+05 6.2214628632586832e+16 4.8140182785424187e+27
2.1052017420172673e-13 7.7594541872586496e+05 2.2486674990670220e+05 6.2821414129280560e+16 4.9108927896742131e+27
2.0571230757290243e-13 7.7799535360493441e+05 2.2550143166752064e+05 6.3431050993199728e+16 5.0115781854684206e+27
2.0101424315950971e-13 7.8005267521459586e+05 2.2613066951701810e+05 6.4043346004218208e+16 5.1144978905509876e+27
1.9642347329496030e-13 7.8211687675445830e+05 2.2675416650088737e+05 6.4658085756127992e+16 5.2207016356983033e+27
1.9193754758283432e-13 7.8418746515589848e+05 2.2737161727403654e+05 6.5275049591385184e+16 5.3293258087716957e+27
1.8755407158894795e-13 7.8626404415969818e+05 2.2798274533670096e+05 6.5894041431444024e+16 5.4416111378488538e+27
1.8327070556328355e-13 7.8834613184312580e+05 2.2858725184119699e+05 6.6514836679538000e+16 5.5569113382127317e+27
1.7908516319110873e-13 7.9043332580188755e+05 2.2918485935391011e+05 6.7137229424697856e+16 5.6756447792996255e+27
1.7499521037262478e-13 7.9252493302413379e+05 2.2977521433579014e+05 6.7760925895675128e+16 5.7978206244051286e+27
1.7099866403047436e-13 7.9462058539112599e+05 2.3035803849540593e+05 6.8385715283439032e+16 5.9228948403735926e+27
1.6709339094449448e-13 7.9671957715689065e+05 2.3093297985245514e+05 6.9011291973699616e+16 6.0522741630575145e+27
1.6327730661307397e-13 7.9882148494265566e+05 2.3149973450117558e+05 6.9637413557025848e+16 6.1853473022162032e+27
1.5954837414051565e-13 8.0092573723942740e+05 2.3205797287636224e+05 7.0263796706531856e+16 6.3212958908568461e+27
1.5590460314981504e-13 8.0303182807730755e+05 2.3260737182759144e+05 7.0890166510992072e+16 6.4620069517864935e+27
1.5234404872026269e-13 8.0513929272647284e+05 2.3314763143290795e+05 7.1516262605026176e+16 6.6059713225050051e+27
1.4886481034931015e-13 8.0724738200639060e+05 2.3367837108226932e+05 7.2141730905586912e+16 6.7548029229542890e+27
1.4546503093815020e-13 8.0935572325012286e+05 2.3419930815887105e+05 7.2766325100606208e+16 6.9071132556339568e+27
1.4214289580045901e-13 8.1146345770939649e+05 2.3471004408602041e+05 7.3389652790536304e+16 7.0635681774403749e+27
1.3889663169377659e-13 8.1357009378033923e+05 2.3521024299544204e+05 7.4011409524405232e+16 7.2248083937052291e+27
1.3572450587301461e-13 8.1567509744190809e+05 2.3569957769012856e+05 7.4631284082506640e+16 7.3900232595713709e+27
1.3262482516557153e-13 8.1777782824386365e+05 2.3617768361771735e+05 7.5248922492847920e+16 7.5602508532533645e+27
1.2959593506757878e-13 8.1987785654331662e+05 2.3664425635999528e+05 7.5864034671869664e+16 7.7350896869470994e+27
1.2663621886078123e-13 8.2197415931737435e+05 2.3709887544142132e+05 7.6476160431661904e+16 7.9144811773266604e+27
1.2374409674958667e-13 8.2406622414762224e+05 2.3754118926856850e+05 7.7084959081963360e+16 8.0995305218521137e+27
1.2091802501782780e-13 8.2615344438913325e+05 2.3797084621499313e+05 7.7690069426931200e+16 8.2888213796072176e+27
1.1815649520477777e-13 8.2823510724244313e+05 2.3838745822541532e+05 7.8291086684282656e+16 8.4840401002892361e+27
1.1545803329998362e-13 8.3031079425092123e+05 2.3879069950719387e+05 7.8887688570812688e+16 8.6838873523508118e+27
1.1282119895649331e-13 8.3237958565837354e+05 2.3918017417512543e+05 7.9479419995004736e+16 8.8891316626014076e+27
1.1024458472204377e-13 8.3444091521248722e+05 2.3955551395207245e+05 8.0065899797424352e+16 9.1005651768590196e+27
1.0772681528781416e-13 8.3649418562385486e+05 2.3991637796876073e+05 8.0646753121649072e+16 9.3166688553249136e+27
1.0526654675433147e-13 8.3853836036961805e+05 2.4026234393873590e+05 8.1221473634144960e+16 9.5392878034073209e+27
1.0286246591414157e-13 8.4057296750963153e+05 2.4059304669436548e+05 8.1789687323101984e+16 9.7673174519266292e+27
1.0051328955086642e-13 8.4259723860630800e+05 2.4090811682823842e+05 8.2350958963242048e+16 1.0001529257298700e+28
9.8217763754265583e-14 8.4461039512051630e+05 2.4120714989903258e+05 8.2904827640381840e+16 1.0241851214446849e+28
9.5974663250940560e-14 8.4661198771428713e+05 2.4148979987304666e+05 8.3450925285741360e+16 1.0489156248610413e+28
9.3782790750328011e-14 8.4860092721080885e+05 2.4175567750350633e+05 8.3988733023020896e+16 1.0741619566702726e+28
9.1640976305625656e-14 8.5057648234494042e+05 2.4200437366800132e+05 8.4517785618811824e+16 1.1001949640764878e+28
8.9548076689313450e-14 8.5253812315630179e+05 2.4223552584190227e+05 8.5037681605280384e+16 1.1268028937579374e+28
8.7502974782940347e-14 8.5448481236505660e+05 2.4244873679520172e+05 8.5547896912608448e+16 1.1540584090153263e+28
8.5504578980841602e-14 8.5641595321993646e+05 2.4264360653074310e+05 8.6047990587952592e+16 1.1820700838572464e+28
8.3551822607479450e-14 8.5833094623817515e+05 2.4281978354095633e+05 8.6537547969218256e+16 1.2107506492356410e+28
8.1643663348086941e-14 8.6022864442578901e+05 2.4297687691599061e+05 8.7016018568236224e+16 1.2401434922057481e+28
7.9779082692314898e-14 8.6210847023674869e+05 2.4311448390850821e+05 8.7482959179694864e+16 1.2702274842616501e+28
7.7957085390588123e-14 8.6396977241163189e+05 2.4323226025671305e+05 8.7937944869134704e+16 1.3011890383578673e+28
7.6176698922872544e-14 8.6581137046739738e+05 2.4332982856979023e+05 8.8380420255095856e+16 1.3327622759190075e+28
7.4436972979579387e-14 8.6763268779306975e+05 2.4340678274458417e+05 8.8809938616279856e+16 1.3651933141878344e+28
7.2736978954321352e-14 8.6943304367481230e+05 2.4346279143176781e+05 8.9226075058229200e+16 1.3983385801009211e+28
7.1075809448253324e-14 8.7121114585020649e+05 2.4349750677939673e+05 8.9628264233738720e+16 1.4323606004083129e+28
6.9452577785735583e-14 8.7296635516392253e+05 2.4351049975000240e+05 9.0016033717796880e+16 1.4671213337659317e+28
6.7866417541055714e-14 8.7469802098617237e+05 2.4350141521883485e+05 9.0388952903949888e+16 1.5025787440711808e+28
6.6316482075959181e-14 8.7640495310257724e+05 2.4346991636742870e+05 9.0746484963246256e+16 1.5390211874795755e+28
6.4801944087744509e-14 8.7808647987431346e+05 2.4341557308794363e+05 9.1088154426510480e+16 1.5761246254111978e+28
6.3321995167676364e-14 8.7974199886483047e+05 2.4333801999027299e+05 9.1413541650924064e+16 1.6142062653912793e+28
6.1875845369483762e-14 8.8137033392981032e+05 2.4323697874842296e+05 9.1722150680923552e+16 1.6531622545622671e+28
6.0462722787715319e-14 8.8297073539021390e+05 2.4311202986638402e+05 9.2013503531870256e+16 1.6928529736108522e+28
5.9081873145721601e-14 8.8454266477205791e+05 2.4296280354369691e+05 9.2287202595860112e+16 1.7334220380050944e+28
5.7732559393047217e-14 8.8608492155532574e+05 2.4278912887485218e+05 9.2542816292518656e+16 1.7749036800193151e+28
5.6414061312020209e-14 8.8759652964211162e+05 2.4259063456830429e+05 9.2779853481021808e+16 1.8172227458138677e+28
5.5125675133322412e-14 8.8907689034152671e+05 2.4236690815007090e+05 9.2997891954520464e+16 1.8604687264226123e+28
5.3866713160343085e-14 8.9052511502009118e+05 2.4211774755452643e+05 9.3196566960426336e+16 1.9044953846037339e+28
5.2636503402109189e-14 8.9193999573733029e+05 2.4184289537863317e+05 9.3375412170799184e+16 1.9496536623394267e+28
5.1434389214598862e-14 8.9332085266286123e+05 2.4154191350952856e+05 9.3533989535483264e+16 1.9954408011249691e+28
5.0259728950248755e-14 8.9466702699814388e+05 2.4121449080419089e+05 9.3671945222042800e+16 2.0421059398992451e+28
4.9111895615462751e-14 8.9597730338641745e+05 2.4086051347010705e+05 9.3788909663883408e+16 2.0898490812993289e+28
4.7990276535945624e-14 8.9725087703957735e+05 2.4047957522181427e+05 9.3884454928438944e+16 2.1382566801676997e+28
4.6894273029677714e-14 8.9848713325809687e+05 2.4007128203254601e+05 9.3958215290141872e+16 2.1878834308735117e+28
4.5823300087358381e-14 8.9968511796128470e+05 2.3963560698922054e+05 9.4009954646753440e+16 2.2381239660545743e+28
4.4776786060149089e-14 9.0084372122868360e+05 2.3917234864928131e+05 9.4039309908449328e+16 2.2894009765462523e+28
4.3754172354546191e-14 9.0196222957382281e+05 2.3868108390532574e+05 9.4045902416835776e+16 2.3414768996643911e+28
4.2754913134222209e-14 9.0304001926576998e+05 2.3816155200397951e+05 9.4029475920673088e+16 2.3943666458061437e+28
4.1778475028678120e-14 9.0407593479844299e+05 2.3761389278264882e+05 9.3989870274253984e+16 2.4482549066807643e+28
4.0824336848547811e-14 9.0506908077357814e+05 2.3703775681994946e+05 9.3926732888904544e+16 2.5028200808362683e+28
3.9891989307404462e-14 9.0601876007359521e+05 2.3643275146380090e+05 9.3839750099259520e+16 2.5583664925484190e+28
3.8980934749921996e-14 9.0692428216362395e+05 2.3579882836774405e+05 9.3728807176630368e+16 2.6147688367310117e+28
3.8090686886242321e-14 9.0778452225514955e+05 2.3513612463090892e+05 9.3593789179428672e+16 2.6718351583984311e+28
3.7220770532411519e-14 9.0859866694380855e+05 2.3444424449412062e+05 9.3434387050132928e+16 2.7298203037037604e+28
3.6370721356742348e-14 9.0936604754252429e+05 2.3372283277193911e+05 9.3250364989789040e+16 2.7885315505952948e+28
3.5540085631969392e-14 9.1008594098704366e+05 2.3297211691161434e+05 9.3041792628747648e+16 2.8480484890775852e+28
3.4728419993065977e-14 9.1075732183476165e+05 2.3219218095535718e+05 9.2808597256991264e+16 2.9083055639617385e+28
3.3935291200589816e-14 9.1137938217600633e+05 2.3138263948682437e+05 9.2550530882623536e+16 2.9691993539744087e+28
3.3160275909435640e-14 9.1195147652838670e+05 2.3054318766571072e+05 9.2267445552033664e+16 3.0306798984918426e+28
3.2402960442867525e-14 9.1247294406776584e+05 2.2967429337233483e+05 9.1959598520447072e+16 3.0930020678772920e+28
3.1662940571711986e-14 9.1294283873494656e+05 2.2877603430798350e+05 9.1626984185527744e+16 3.1559445369514993e+28
3.0939821298595029e-14 9.1336033395884384e+05 2.2784805279015881e+05 9.1269422047357680e+16 3.2192949844994217e+28
3.0233216647105607e-14 9.1372477092855901e+05 2.2689007050787122e+05 9.0886833143058352e+16 3.2836316573147449e+28
2.9542749455774224e-14 9.1403563795049919e+05 2.2590267756219360e+05 9.0479622501999616e+16 3.3480761625159395e+28
2.8868051176757726e-14 9.1429207256006787e+05 2.2488606270169796e+05 9.0047914397913472e+16 3.4129978474559838e+28
2.8208761679120653e-14 9.1449323292615660e+05 2.2383990067822198e+05 8.9591600957154880e+16 3.4782603990079994e+28
2.7564529056609296e-14 9.1463843589052721e+05 2.2276393027653170e+05 8.9110666164791168e+16 3.5438960045572443e+28
2.6935009439816838e-14 9.1472736739659496e+05 2.2165877973823852e+05 8.8605632872322336e+16 3.6103348919317688e+28
2.6319866812637211e-14 9.1475934127126762e+05 2.2052500291456981e+05 8.8076897776939984e+16 3.6768659397643748e+28
2.5718772832910860e-14 9.1473348127745127e+05 2.1936230667345115e+05 8.7524418511573520e+16 3.7433169019066136e+28
2.5131406657167638e-14 9.1464903241089906e+05 2.1817044368528182e+05 8.6948226036339632e+16 3.8098754907667800e+28
2.4557454769370657e-14 9.1450566372413584e+05 2.1694972426025217e+05 8.6348737453726448e+16 3.8773171703708480e+28
2.3996610813572847e-14 9.1430308830252674e+05 2.1570119520281928e+05 8.5726726333009632e+16 3.9440095452972620e+28
2.3448575430394285e-14 9.1404043505341327e+05 2.1442467540092650e+05 8.5082260626191952e+16 4.0110713992010463e+28
2.2913056097234067e-14 9.1371691001270991e+05 2.1311994652889826e+05 8.4415430948780880e+16 4.0780860488462920e+28
2.2389766972132404e-14 9.1333201913705643e+05 2.1178699630042628e+05 8.3726516877294640e+16 4.1448602461784121e+28
2.1878428741197178e-14 9.1288603940768191e+05 2.1042729086277468e+05 8.3016656603631232e+16 4.2115563863173210e+28
2.1378768469516348e-14 9.1237832410717814e+05 2.0904111789169710e+05 8.2286231254742384e+16 4.2779187944899516e+28
2.0890519455474319e-14 9.1180802939886041e+05 2.0762829314890114e+05 8.1535381102596784e+16 4.3440133068650627e+28
2.0413421088395478e-14 9.1117445113806915e+05 2.0618868028791650e+05 8.0764322533856288e+16 4.4095934951504223e+28
1.9947218709439593e-14 9.1047764927461941e+05 2.0472297692387376e+05 7.9973832588722304e+16 4.4744182459827180e+28
1.9491663475673367e-14 9.0971794876242324e+05 2.0323269574290406e+05 7.9165091483630896e+16 4.5389411276451400e+28
1.9046512227246311e-14 9.0889451284877292e+05 2.0171775480533502e+05 7.8338321605083488e+16 4.6032237077232335e+28
1.8611527357600804e-14 9.0800654789717379e+05 2.0017803760723487e+05 7.7493760374145232e+16 4.6663731264948444e+28
1.8186476686645556e-14 9.0705345356860361e+05 1.9861349581166383e+05 7.6631739604388976e+16 4.7289355120019271e+28
1.7771133336825583e-14 9.0603598905905744e+05 1.9702563007697405e+05 7.5753552085355328e+16 4.7901369870324694e+28
1.7365275612023216e-14 9.0495423418625304e+05 1.9541549466432427e+05 7.4860129420437136e+16 4.8508507393457182e+28
1.6968686879223694e-14 9.0380736730986985e+05 1.9378301519090447e+05 7.3951741641655872e+16 4.9095981093225023e+28
1.6581155452884349e-14 9.0259465506491321e+05 1.9212814233618142e+05 7.3028707403861344e+16 4.9682985988500682e+28
1.6202474481943860e-14 9.0131565374213096e+05 1.9045096301512333e+05 7.2091483164655648e+16 5.0253097464666603e+28
1.5832441839412017e-14 8.9997182815932925e+05 1.8875356466023525e+05 7.1141730060958448e+16 5.0816736108690399e+28
1.5470860014481690e-14 8.9856325197018322e+05 1.8703687174350282e+05 7.0180315479225288e+16 5.1359711810985846e+28
1.5117536007103770e-14 8.9708915012505278e+05 1.8530087420604209e+05 6.9207563016310872e+16 5.1888779689343031e+28
1.4772281224970779e-14 8.9554882457992190e+05 1.8354558036768093e+05 6.8223835875140392e+16 5.2400614046250763e+28
1.4434911382852522e-14 8.9394182782560005e+05 1.8177109717361807e+05 6.7229604358423336e+16 5.2894975230244157e+28
1.4105246404230745e-14 8.9226992622172763e+05 1.7997955768975810e+05 6.6226552686074192e+16 5.3370873087897937e+28
1.3783110325180794e-14 8.9053355280432268e+05 1.7817211294998557e+05 6.5215680302682320e+16 5.3839120760859460e+28
1.3468331200447878e-14 8.8873198356765916e+05 1.7634880915532945e+05 6.4197338578267352e+16 5.4281404645024219e+28
1.3160741011668400e-14 8.8686455732871220e+05 1.7450970465453702e+05 6.3171909032038840e+16 5.4700394957615130e+28
1.2860175577687812e-14 8.8493076537862769e+05 1.7265489291990083e+05 6.2139830225671360e+16 5.5102001129557353e+28
1.2566474466926146e-14 8.8293215491752629e+05 1.7078606660267577e+05 6.1102509575601672e+16 5.5484129378583493e+28
1.2279480911744954e-14 8.8087032351670344e+05 1.6890520550615949e+05 6.0061412371472704e+16 5.5840706412510132e+28
1.1999041724770400e-14 8.7874460452200961e+05 1.6701240861924127e+05 5.9016890219612464e+16 5.6178130086774002e+28
1.1725007217126900e-14 8.7655436548812501e+05 1.6510777479491028e+05 5.7969310649716304e+16 5.6489178730597370e+28
1.1457231118538169e-14 8.7429904520519648e+05 1.6319141192929790e+05 5.6919067648758648e+16 5.6774661747820322e+28
1.1195570499253468e-14 8.7197878554099600e+05 1.6126384781427478e+05 5.5866832617157848e+16 5.7039989960316056e+28
1.0939885693756198e-14 8.6959586540689098e+05 1.5932727229343954e+05 5.4814185716472600e+16 5.7278871677339374e+28
1.0690040226215535e-14 8.6715016895742144e+05 1.5738212781654324e+05 5.3761664863215184e+16 5.7488808731599896e+28
1.0445900737640148e-14 8.6464203953864076e+05 1.5542909165410092e+05 5.2709961301771024e+16 5.7673366300502567e+28
1.0207336914695582e-14 8.6207284423048713e+05 1.5346962970611115e+05 5.1660169112466912e+16 5.7832969272597560e+28
9.9742214201477500e-15 8.5944222380236420e+05 1.5150396326375942e+05 5.0612671379021696e+16 5.7965559156934759e+28
9.7464298248943204e-15 8.5675100837534282e+05 1.4953305275856348e+05 4.9568276741274480e+16 5.8074663345470004e+28
9.5238405415489943e-15 8.5400045487060572e+05 1.4755821695171265e+05 4.8527941063591696e+16 5.8147424045356867e+28
9.3063347595421789e-15 8.5119018444290676e+05 1.4557963251105521e+05 4.7491986637297040e+16 5.8196621499315818e+28
9.0937963817038467e-15 8.4832135420911119e+05 1.4359841700982832e+05 4.6461255680312504e+16 5.8213750892330149e+28
8.8861119622950472e-15 8.4539502552760160e+05 1.4161568639777030e+05 4.5436538895260048e+16 5.8207424493425553e+28
8.6831706464543330e-15 8.4241085431186436e+05 1.3963161081749728e+05 4.4418116062643376e+16 5.8169339867968944e+28
8.4848641110271021e-15 8.3937017584042507e+05 1.3764734982659473e+05 4.3406797278410672e+16 5.8099674322286921e+28
8.2910865067466053e-15 8.3627400123710011e+05 1.3566391220755540e+05 4.2403264526797088e+16 5.8004333283640175e+28
8.1017344017351153e-15 8.3312203306349402e+05 1.3368146379734555e+05 4.1407755315582560e+16 5.7880813115186074e+28
7.9167067262954120e-15 8.2991582398458174e+05 1.3170120764915622e+05 4.0421048697403224e+16 5.7733680621002461e+28
7.7359047189634282e-15 8.2665666205158271e+05 1.2972423986276473e+05 3.9443816229563216e+16 5.7546710415065750e+28
7.5592318737926421e-15 8.2334428111192002e+05 1.2775071699367155e+05 3.8476241683361344e+16 5.7343568669834958e+28
7.3865938888424051e-15 8.1997994247701962e+05 1.2578159784839589e+05 3.7518920100394752e+16 5.7103888200813221e+28
7.2178986158429975e-15 8.1656517411874130e+05 1.2381802595221595e+05 3.6572493691216376e+16 5.6831527518083740e+28
7.0530560110097832e-15 8.1309975907153310e+05 1.2186014704921564e+05 3.5637097223660416e+16 5.6539939858876134e+28
6.8919780869811397e-15 8.0958483498061053e+05 1.1990876917457271e+05 3.4713199974387828e+16 5.6216621337918196e+28
6.7345788658535760e-15 8.0602278370644560e+05 1.1796538914505695e+05 3.3801560387757004e+16 5.5876288079012154e+28
6.5807743332898606e-15 8.0241349481600802e+05 1.1603017458381920e+05 3.2902269836592384e+16 5.5495270932116248e+28
6.4304823936749431e-15 7.9875750344701624e+05 1.1410356819110899e+05 3.2015560393471332e+16 5.5098765483525482e+28
6.2836228262960381e-15 7.9505741347482021e+05 1.1218705720283475e+05 3.1142128248788160e+16 5.4672816188433657e+28
6.1401172425237023e-15 7.9131338572106604e+05 1.1028090400569767e+05 3.0282062619971740e+16 5.4226867557045528e+28
5.9998890439705759e-15 7.8752551769462472e+05 1.0838529482807037e+05 2.9435424342771248e+16 5.3760418925084449e+28
5.8628633816057044e-15 7.8369648084289581e+05 1.0650162262220985e+05 2.8602813231674072e+16 5.3258474947135100e+28
5.7289671158028247e-15 7.7982705318105116e+05 1.0463039387304313e+05 2.7784385204082900e+16 5.2745159094778771e+28
5.5981287773008504e-15 7.7591715100616682e+05 1.0277167736432965e+05 2.6980099228497332e+16 5.2197863048326644e+28
5.4702785290559493e-15 7.7196849708710273e+05 1.0092632039433187e+05 2.6190260942063196e+16 5.1636266607225543e+28
5.3453481289650542e-15 7.6798298549209710e+05 9.9095263792190468e+04 2.5415179005762500e+16 5.1056622042568764e+28
5.2232708934404756e-15 7.6396055446511833e+05 9.7278549431322652e+04 2.4654759495342716e+16 5.0451647349573966e+28
5.1039816618164203e-15 7.5990174105058413e+05 9.5476441570229479e+04 2.3909010918118136e+16 4.9833564111338636e+28
4.9874167615685985e-15 7.5580917881887360e+05 9.3690094114281950e+04 2.3178298637949656e+16 4.9197206593319921e+28
4.8735139743278304e-15 7.5168316881974891e+05 9.1919663384745683e+04 2.2462544586050048e+16 4.8543282596236239e+28
4.7622125026701672e-15 7.4752369302663743e+05 9.0165145371379171e+04 2.1761609104827900e+16 4.7875745205126428e+28
4.6534529376651431e-15 7.4333283289265225e+05 8.8427354272674856e+04 2.1075686045536028e+16 4.7192982612027963e+28
4.5471772271654456e-15 7.3911213367452240e+05 8.6706893372314502e+04 2.0404854354400124e+16 4.6493986905375244e+28
4.4433286448206034e-15 7.3486158779501612e+05 8.5003721642508055e+04 1.9748930888828820e+16 4.5784029140927904e+28
4.3418517597983386e-15 7.3058189704068832e+05 8.3318031925049567e+04 1.9107833773837764e+16 4.5064288019871530e+28
4.2426924071975897e-15 7.2627713548294117e+05 8.1651287047526333e+04 1.8481953161461108e+16 4.4338741117571058e+28
4.1457976591370770e-15 7.2194801600452967e+05 8.0003673649688542e+04 1.7871155089240646e+16 4.3588073461205069e+28
4.0511157965041552e-15 7.1759458286231232e+05 7.8375108196821137e+04 1.7275205898351446e+16 4.2840475211110635e+28
3.9585962813490184e-15 7.1321815106935252e+05 7.6765937205188835e+04 1.6694037349426990e+16 4.2083053186605669e+28
3.8681897299092095e-15 7.0882088035253354e+05 7.5176809026438685e+04 1.6127674124358254e+16 4.1316102697522045e+28
3.7798478862502085e-15 7.0440285782958625e+05 7.3607621713840184e+04 1.5575859271016226e+16 4.0542710573792524e+28
3.6935235965081540e-15 6.9996415740420041e+05 7.2058253774077588e+04 1.5038335894535928e+16 3.9770448315561079e+28
3.6091707837206704e-15 6.9550663020021166e+05 7.0529163445563259e+04 1.4515053638865840e+16 3.8990110938611692e+28
3.5267444232325131e-15 6.9103137838646339e+05 6.9020554674657047e+04 1.4005859719414678e+16 3.8207568498893650e+28
3.4462005186630304e-15 6.8653844173193385e+05 6.7532262014287422e+04 1.3510475760942866e+16 3.7424560261990796e+28
3.3674960784223519e-15 6.8202822012242058e+05 6.6064209598178044e+04 1.3028663760962544e+16 3.6638545906480281e+28
3.2905890927639030e-15 6.7750510586146871e+05 6.4617559320215623e+04 1.2560590956473672e+16 3.5848425320476993e+28
3.2154385113611301e-15 6.7297046949326037e+05 6.3192520343553726e+04 1.2106082088929642e+16 3.5064339004745236e+28
3.1420042213961282e-15 6.6842440974080248e+05 6.1788893280431927e+04 1.1664830382767996e+16 3.4277656331012123e+28
3.0702470261488918e-15 6.6386725118463999e+05 6.0406534529314311e+04 1.1236554730570158e+16 3.3496642429390861e+28
3.0001286240753394e-15 6.5930079177062388e+05 5.9045726543295699e+04 1.0821108680863964e+16 3.2720233078615129e+28
2.9316115883633456e-15 6.5472544614862674e+05 5.7706340475917626e+04 1.0418213780290266e+16 3.1942497438644219e+28
2.8646593469555428e-15 6.5014127421914844e+05 5.6388136316293858e+04 1.0027564093704430e+16 3.1173227051466751e+28
2.7992361630283719e-15 6.4554882084150182e+05 5.5090992874254844e+04 9.6488984843170740e+15 3.0404359365818273e+28
2.7353071159170559e-15 6.4095130749681150e+05 5.3815513698308401e+04 9.2821671444970060e+15 2.9645387866609183e+28
2.6728380824761013e-15 6.3634937411333562e+05 5.2561589062228042e+04 8.9271011079356970e+15 2.8892595116492442e+28
2.6117957188654957e-15 6.3174308879707369e+05 5.1328947420421813e+04 8.5833909209816180e+15 2.8145741561475932e+28
2.5521474427529691e-15 6.2713287090901739e+05 5.0117396742696546e+04 8.2507586038407490e+15 2.7406971200255618e+28
2.4938614159226217e-15 6.2252157248368452e+05 4.8927358163999867e+04 7.9290968150634920e+15 2.6673746216280889e+28
2.4369065272807395e-15 6.1790985167769494e+05 4.7758688585236254e+04 7.6181363659777360e+15 2.5948968632478651e+28
2.3812523762498158e-15 6.1329777668389026e+05 4.6611091619706516e+04 7.3175728304172830e+15 2.5237178852335756e+28
2.3268692565417277e-15 6.0868553212907165e+05 4.5484292862411210e+04 7.0271163818219070e+15 2.4534762691123608e+28
2.2737281403015041e-15 6.0407538987959025e+05 4.4378505913402580e+04 6.7466083658471850e+15 2.3835842642334634e+28
2.2218006626133126e-15 5.9946817696791817e+05 4.3293599128933434e+04 6.4757975818174130e+15 2.3152466965025386e+28
2.1710591063601611e-15 5.9486394341677742e+05 4.2229255426630101e+04 6.2143915179518250e+15 2.2482203995631229e+28
2.1214763874295099e-15 5.9026272471185704e+05 4.1185151590650254e+04 5.9621047085658140e+15 2.1815362456180826e+28
2.0730260402566669e-15 5.8566645122491440e+05 4.0161373929807218e+04 5.7187578253533060e+15 2.1164863955039433e+28
2.0256822036983470e-15 5.8107650239375373e+05 3.9157885341505382e+04 5.4841390692222240e+15 2.0525923907663653e+28
1.9794196072289361e-15 5.7649291722210485e+05 3.8174353398352781e+04 5.2579706307213310e+15 1.9894540460113348e+28
1.9342135574518784e-15 5.7191570100739039e+05 3.7210438247405298e+04 5.0399811576411560e+15 1.9282125330867429e+28
1.8900399249192402e-15 5.6734610258181370e+05 3.6266045643765334e+04 4.8299631680068400e+15 1.8675254052016462e+28
1.8468751312522100e-15 5.6278686723476881e+05 3.5341381664904729e+04 4.6277750722366920e+15 1.8083237260412926e+28
1.8046961365557400e-15 5.5823814514846692e+05 3.4436124783741543e+04 4.4331580886324065e+15 1.7502565306832092e+28
1.7634804271206827e-15 5.5369997356493631e+05 3.3549934293081678e+04 4.2458564300417575e+15 1.6933578295631523e+28
1.7232060034067163e-15 5.4917237534140970e+05 3.2682470018661174e+04 4.0656217005917045e+15 1.6382055762333437e+28
1.6838513682997199e-15 5.4465543529200042e+05 3.1833406877524165e+04 3.8922156989212460e+15 1.5838261317147345e+28
1.6453955156373893e-15 5.4014913990209985e+05 3.1002404625511153e+04 3.7254039084676675e+15 1.5309267766113042e+28
1.6078179189968424e-15 5.3565341306862526e+05 3.0189114095765177e+04 3.5649571653862470e+15 1.4788764942301479e+28
1.5710985207382948e-15 5.3116812597018341e+05 2.9393176378609922e+04 3.4106520556203610e+15 1.4284719957164446e+28
1.5352177212990160e-15 5.2669586952385702e+05 2.8614689079188498e+04 3.2623609775668210e+15 1.3791381782793100e+28
1.5001563687317299e-15 5.2224105003738147e+05 2.7854053444252855e+04 3.1200086719631465e+15 1.3310163627741040e+28
1.4658957484819409e-15 5.1780377080851834e+05 2.7110930869915373e+04 2.9833774404322710e+15 1.2843047354267314e+28
1.4324175733987857e-15 5.1338406057071936e+05 2.6384975223847890e+04 2.8522547022657940e+15 1.2387064003964903e+28
1.3997039739739272e-15 5.0898193024772743e+05 2.5675842888339215e+04 2.7264347606752720e+15 1.1944337979885189e+28
1.3677374888034679e-15 5.0459736808264791e+05 2.4983192055665979e+04 2.6057185113267080e+15 1.1515306058851629e+28
1.3365010552676013e-15 5.0023034443276149e+05 2.4306683780188509e+04 2.4899134513973160e+15 1.1096727420990117e+28
1.3059780004232072e-15 4.9588081312970532e+05 2.3645982044597295e+04 2.3788335368930625e+15 1.0690286535541495e+28
1.2761520321043861e-15 4.9154870491763623e+05 2.3000752908707836e+04 2.2722988791842615e+15 1.0295703661451035e+28
1.2470072302262402e-15 4.8723399276570149e+05 2.2370673523589190e+04 2.1701371189488730e+15 9.9104429011302517e+27
1.2185280382873081e-15 4.8293686491487111e+05 2.1755456565723158e+04 2.0721868827667810e+15 9.5394240931731935e+27
1.1906992550660171e-15 4.7865722170864348e+05 2.1154778474878585e+04 1.9782858853711882e+15 9.1786122334620732e+27
1.1635060265067758e-15 4.7439489148434193e+05 2.0568310218046219e+04 1.8882763492786538e+15 8.8281305131997032e+27
1.1369338377914151e-15 4.7014964675790869e+05 1.9995718228617570e+04 1.8020053807687822e+15 8.4884536884313045e+27
1.1109685055916584e-15 4.6592342592870834e+05 1.9436947170871932e+04 1.7193674512733552e+15 8.1607969706761541e+27
1.0855961704985305e-15 4.6172098793191789e+05 1.8892302426386927e+04 1.6403088232990130e+15 7.8412170209596757e+27
1.0608032896247057e-15 4.5754246735264792e+05 1.8361485859519602e+04 1.5646858242870575e+15 7.5334768410953161e+27
1.0365766293757621e-15 4.5338781710119720e+05 1.7844181729752385e+04 1.4923569387857032e+15 7.2367429148185439e+27
1.0129032583865274e-15 4.4925697726054181e+05 1.7340079016754207e+04 1.4231859986562530e+15 6.9491926748865002e+27
9.8977054061878349e-16 4.4514987718708097e+05 1.6848871577623668e+04 1.3570420384431518e+15 6.6720191559541379e+27
9.6716612861656596e-16 4.4106642946699820e+05 1.6370257667017000e+04 1.2937990470845900e+15 6.4033588243897555e+27
9.4507795691550233e-16 4.3700653676195676e+05 1.5903940515101693e+04 1.2333359011478550e+15 6.1446261594048517e+27
9.2349423560270548e-16 4.3297008577264805e+05 1.5449627751270489e+04 1.1755361226390615e+15 5.8946790311032369e+27
9.0240344402369017e-16 4.2895694803860673e+05 1.5007031320135628e+04 1.1202877338447325e+15 5.6543959128739792e+27
8.8179432463306952e-16 4.2496712470300414e+05 1.4575882625137752e+04 1.0674849924389841e+15 5.4205454494924279e+27
8.6165587698563285e-16 4.2100073436730955e+05 1.4155931111637939e+04 1.0170277514020795e+15 5.1961557661678058e+27
8.4197735186470735e-16 4.1705762851708481e+05 1.3746903226398141e+04 9.6881639554328000e+14 4.9806119397790305e+27
8.2274824554458266e-16 4.1313774842928356e+05 1.3348540360828509e+04 9.2275646236663438e+14 4.7717280007544950e+27
8.0395829418396960e-16 4.0924095919313096e+05 1.2960581814968369e+04 8.7875642526558725e+14 4.5712665256671353e+27
