8.0395829418396959e-13 8.2722770179882960e+05 2.8654420298418013e+05 1.0328505342080106e+17 1.8687538604787840e+27
7.8559746834753246e-13 8.2877884540519898e+05 2.8712709086051123e+05 1.0395574142726494e+17 1.8949918810761697e+27
7.6765596765250801e-13 8.3034680649717560e+05 2.8770993428281741e+05 1.0463143214543467e+17 1.9221549189342335e+27
7.5012421553758558e-13 8.3193170157591836e+05 2.8829268553497660e+05 1.0531215218667072e+17 1.9501518921910165e+27
7.3299285415128468e-13 8.3353337341393624e+05 2.8887521569076180e+05 1.0599782760576962e+17 1.9790750726501410e+27
7.1625273935704306e-13 8.3515164697269490e+05 2.8945738640362537e+05 1.0668837337395058e+17 2.0089604457433774e+27
6.9989493585237990e-13 8.3678644391466747e+05 2.9003907595944882e+05 1.0738372888837907e+17 2.0397764768891434e+27
6.8391071239955609e-13 8.3843783757017041e+05 2.9062020503133349e+05 1.0808388775538253e+17 2.0716057901159527e+27
6.6829153716511489e-13 8.4010612017696677e+05 2.9120077613294113e+05 1.0878894183876402e+17 2.1045513561069542e+27
6.5302907316589952e-13 8.4179130205488636e+05 2.9178073604144104e+05 1.0949890306743358e+17 2.1385290868866074e+27
6.3811517381904706e-13 8.4349325272497500e+05 2.9235998404030968e+05 1.1021372468731899e+17 2.1735968087401527e+27
6.2354187859361313e-13 8.4521184002545220e+05 2.9293841507910518e+05 1.1093335574116485e+17 2.2097790425909168e+27
6.0930140876152718e-13 8.4694719238671311e+05 2.9351599610627868e+05 1.1165784067586194e+17 2.2471805785351257e+27
5.9538616324556484e-13 8.4869944683595921e+05 2.9409271720891289e+05 1.1238724702136426e+17 2.2858144721984677e+27
5.8178871456214496e-13 8.5046859040713357e+05 2.9466852679824381e+05 1.1312158836617706e+17 2.3256804565735635e+27
5.6850180485680912e-13 8.5225489989869844e+05 2.9524346445175365e+05 1.1386099715059830e+17 2.3668649003592260e+27
5.5551834203020698e-13 8.5405855273946025e+05 2.9581757739232644e+05 1.1460560337480715e+17 2.4094385328887512e+27
5.4283139595259256e-13 8.5587948033382965e+05 2.9639084712400334e+05 1.1535544913396494e+17 2.4533160327515652e+27
5.3043419476474946e-13 8.5771797683438810e+05 2.9696336794374505e+05 1.1611072637179368e+17 2.4987163700848495e+27
5.1832012126339740e-13 8.5957427374083223e+05 2.9753525903150445e+05 1.1687164602236595e+17 2.5455947947011644e+27
5.0648270936916735e-13 8.6144836925158522e+05 2.9810658722720470e+05 1.1763834427798054e+17 2.5939874169688624e+27
4.9491564067522283e-13 8.6334070560410875e+05 2.9867756408410054e+05 1.1841115155218725e+17 2.6440062204826171e+27
4.8361274107470329e-13 8.6525177240525244e+05 2.9924847288999776e+05 1.1919047682835968e+17 2.6956126171423905e+27
4.7256797746521049e-13 8.6718197798049962e+05 2.9981964598618704e+05 1.1997677111923178e+17 2.7487535751796203e+27
4.6177545452852868e-13 8.6913154466796841e+05 3.0039145500857622e+05 1.2077050407878525e+17 2.8039875357146334e+27
4.5122941158391827e-13 8.7110078814892250e+05 3.0096435169308347e+05 1.2157224002794797e+17 2.8610164114092141e+27
4.4092421951325472e-13 8.7309075517677993e+05 3.0153911756733269e+05 1.2238296147581411e+17 2.9197771505643267e+27
4.3085437775639206e-13 8.7510260948705766e+05 3.0211682437049068e+05 1.2320395532074280e+17 2.9803959496115187e+27
4.2101451137516242e-13 8.7713783514265285e+05 3.0269904476110748e+05 1.2403704519667739e+17 3.0430509454836956e+27
4.1139936818441155e-13 8.7919811843917158e+05 3.0328826978875487e+05 1.2488497688622360e+17 3.1077110461243148e+27
4.0200381594855675e-13 8.8127458015103091e+05 3.0388687370668462e+05 1.2574889283976032e+17 3.1739160055717237e+27
3.9282283964218600e-13 8.8327125978945743e+05 3.0447189080320258e+05 1.2659315457975894e+17 3.2381669636997333e+27
3.8385153877319545e-13 8.8519201051820430e+05 3.0503425891017891e+05 1.2740929158659072e+17 3.3011000884039186e+27
3.7508512476708503e-13 8.8711807703797147e+05 3.0558986408922676e+05 1.2822408280863224e+17 3.3657777684809445e+27
3.6651891841097572e-13 8.8905271974719677e+05 3.0613941006123356e+05 1.2903867548206533e+17 3.4324237550808861e+27
3.5814834735600098e-13 8.9099545115756220e+05 3.0668260258875403e+05 1.2985271762953950e+17 3.5009841592628262e+27
3.4996894367675177e-13 8.9294603827321169e+05 3.0721920673349593e+05 1.3066594895944965e+17 3.5716867760924980e+27
3.4197634148644563e-13 8.9490427816526196e+05 3.0774899850669235e+05 1.3147812178066744e+17 3.6445057404758965e+27
3.3416627460656126e-13 8.9686977896711137e+05 3.0827171231424017e+05 1.3228891665783483e+17 3.7194233105961078e+27
3.2653457428970620e-13 8.9884223864715989e+05 3.0878710418984503e+05 1.3309804564688245e+17 3.7966824654219078e+27
3.1907716699447724e-13 9.0082111936404661e+05 3.0929485395263374e+05 1.3390510643941062e+17 3.8763192950937961e+27
3.1179007221113923e-13 9.0280634364484157e+05 3.0979471846297191e+05 1.3470984092166781e+17 3.9581994113199698e+27
3.0466940033697372e-13 9.0479795410678291e+05 3.1028650736700709e+05 1.3551206116905845e+17 4.0425252566893433e+27
2.9771135060013152e-13 9.0679564560409787e+05 3.1076999014718411e+05 1.3631148250029622e+17 4.1295378003250325e+27
2.9091220903091890e-13 9.0879913465444651e+05 3.1124493798894587e+05 1.3710782336361957e+17 4.2190517254527685e+27
2.8426834647940371e-13 9.1080775290088460e+05 3.1171106460782781e+05 1.3790067888518866e+17 4.3113004641854649e+27
2.7777621667829500e-13 9.1282102742390917e+05 3.1216806340285437e+05 1.3868965235055051e+17 4.4061647008576418e+27
2.7143235435007391e-13 9.1483867738018860e+05 3.1261566154235910e+05 1.3947440935434712e+17 4.5040906080902413e+27
2.6523337335734285e-13 9.1686049258693121e+05 3.1305359025189525e+05 1.4025462944743365e+17 4.6048288263857430e+27
2.5917596489541772e-13 9.1888638225199899e+05 3.1348161828102707e+05 1.4103004870309557e+17 4.7086771519730960e+27
2.5325689572620839e-13 9.2091620565365849e+05 3.1389954728018423e+05 1.4180042630098986e+17 4.8154820275411170e+27
2.4747300645241784e-13 9.2294903657689318e+05 3.1430706405227032e+05 1.4256526699178715e+17 4.9255605949332685e+27
2.4182120983117104e-13 9.2498444313248526e+05 3.1470384554293798e+05 1.4332414823090974e+17 5.0388650086525616e+27
2.3629848912614671e-13 9.2702233575368300e+05 3.1508962966708746e+05 1.4407676743026971e+17 5.1556829126062980e+27
2.3090189649734352e-13 9.2906257253967412e+05 3.1546417975690437e+05 1.4482283734501904e+17 5.2757507779618963e+27
2.2562855142762949e-13 9.3110455192904582e+05 3.1582721268923930e+05 1.4556193891451898e+17 5.3998106517461885e+27
2.2047563918521709e-13 9.3314793695908494e+05 3.1617843714805751e+05 1.4629369070842227e+17 5.5273881205098540e+27
2.1544040932125280e-13 9.3519252662229387e+05 3.1651759124331817e+05 1.4701776470902224e+17 5.6586177160645520e+27
2.1052017420172673e-13 9.3723817472018732e+05 3.1684445055158657e+05 1.4773388070794298e+17 5.7940281120067395e+27
2.0571230757290243e-13 9.3928415019373596e+05 3.1715876502813271e+05 1.4844161976633997e+17 5.9333021612187075e+27
2.0101424315950971e-13 9.4132989632825030e+05 3.1746022882591456e+05 1.4914053741336566e+17 6.0765832363446901e+27
1.9642347329496030e-13 9.4337492231471278e+05 3.1774855313460837e+05 1.4983021574121622e+17 6.2244296978322280e+27
1.9193754758283432e-13 9.4541868456520094e+05 3.1802339156259672e+05 1.5051016685100237e+17 6.3763357340837229e+27
1.8755407158894795e-13 9.4746104644382966e+05 3.1828440692708018e+05 1.5117999017165133e+17 6.5329303926477936e+27
1.8327070556328355e-13 9.4950209374420356e+05 3.1853133168355474e+05 1.5183940110387958e+17 6.6941076718232734e+27
1.7908516319110873e-13 9.5154155839256535e+05 3.1876395535732486e+05 1.5248810369228477e+17 6.8600089849460611e+27
1.7499521037262478e-13 9.5357863445567084e+05 3.1898200979244785e+05 1.5312563262612851e+17 7.0309024831170533e+27
1.7099866403047436e-13 9.5561303416416363e+05 3.1918523072220432e+05 1.5375163067397859e+17 7.2067808412484182e+27
1.6709339094449448e-13 9.5764401530447719e+05 3.1937333972190449e+05 1.5436563158398390e+17 7.3879337637904560e+27
1.6327730661307397e-13 9.5967114903012069e+05 3.1954600169791194e+05 1.5496717462210067e+17 7.5742609546987023e+27
1.5954837414051565e-13 9.6169424837451207e+05 3.1970288774378417e+05 1.5555585669258326e+17 7.7663103133256204e+27
1.5590460314981504e-13 9.6371316695858748e+05 3.1984370940418850e+05 1.5613132613804816e+17 7.9635830492540701e+27
1.5234404872026269e-13 9.6572761093360023e+05 3.1996823838953505e+05 1.5669326134900250e+17 8.1668324948326011e+27
1.4886481034931015e-13 9.6773697558680805e+05 3.2007622743310157e+05 1.5724125527265766e+17 8.3755710811244502e+27
1.4546503093815020e-13 9.6974101982453617e+05 3.2016744350815803e+05 1.5777499424533594e+17 8.5912042549836853e+27
1.4214289580045901e-13 9.7173880910170707e+05 3.2024167744242959e+05 1.5829403604663715e+17 8.8128622381280360e+27
1.3889663169377659e-13 9.7372980703544943e+05 3.2029858911004727e+05 1.5879789229484426e+17 9.0405487577597207e+27
1.3572450587301461e-13 9.7571388009006681e+05 3.2033780293715798e+05 1.5928612975859530e+17 9.2751027729150498e+27
1.3262482516557153e-13 9.7769112240712275e+05 3.2035903184004611e+05 1.5975846045659818e+17 9.5164911955115099e+27
1.2959593506757878e-13 9.7966132251228683e+05 3.2036215356318286e+05 1.6021469776285606e+17 9.7649399479902359e+27
1.2663621886078123e-13 9.8162301520277699e+05 3.2034710923134274e+05 1.6065442933298096e+17 1.0020321941717805e+28
1.2374409674958667e-13 9.8357554397308675e+05 3.2031354928857082e+05 1.6107713296613021e+17 1.0282648898162454e+28
1.2091802501782780e-13 9.8551867596332228e+05 3.2026104787222896e+05 1.6148230975238864e+17 1.0552358938897483e+28
1.1815649520477777e-13 9.8745236946145294e+05 3.2018924837960332e+05 1.6186957960423507e+17 1.0830358559883102e+28
1.1545803329998362e-13 9.8937638674874289e+05 3.2009789076937857e+05 1.6223861830854403e+17 1.1116179811865563e+28
1.1282119895649331e-13 9.9129017362919322e+05 3.1998679233962903e+05 1.6258910575831926e+17 1.1409096217779384e+28
1.1024458472204377e-13 9.9319340358574421e+05 3.1985570596224320e+05 1.6292071472280291e+17 1.1710927417261526e+28
1.0772681528781416e-13 9.9508567560612806e+05 3.1970450288257358e+05 1.6323322149624192e+17 1.2020848817156871e+28
1.0526654675433147e-13 9.9696595545921125e+05 3.1953306826330593e+05 1.6352626128487059e+17 1.2339855539662164e+28
1.0286246591414157e-13 9.9883380926027813e+05 3.1934106557969505e+05 1.6379939600662989e+17 1.2667353419175308e+28
1.0051328955086642e-13 1.0006889636908809e+06 3.1912813888487680e+05 1.6405221193577098e+17 1.3003967862291407e+28
9.8217763754265583e-14 1.0025312268587474e+06 3.1889398817107046e+05 1.6428437669806080e+17 1.3349694206328552e+28
9.5974663250940560e-14 1.0043603974615829e+06 3.1863842404895101e+05 1.6449567182060224e+17 1.3704888619065681e+28
9.3782790750328011e-14 1.0061755152474706e+06 3.1836149889864598e+05 1.6468592813955866e+17 1.4069503037291255e+28
9.1640976305625656e-14 1.0079758873270126e+06 3.1806296835198626e+05 1.6485475005393261e+17 1.4444481420311123e+28
8.9548076689313450e-14 1.0097611131549791e+06 3.1774249156384548e+05 1.6500172477915088e+17 1.4828731329763408e+28
8.7502974782940347e-14 1.0115309082183576e+06 3.1739971949514351e+05 1.6512646774343578e+17 1.5224000902169379e+28
8.5504578980841602e-14 1.0132849964504606e+06 3.1703437486389279e+05 1.6522867298607370e+17 1.5629150642677682e+28
8.3551822607479450e-14 1.0150230643704943e+06 3.1664627228110208e+05 1.6530812196801024e+17 1.6044934669405641e+28
8.1643663348086941e-14 1.0167445016641379e+06 3.1623532485001796e+05 1.6536461761508272e+17 1.6471857708266714e+28
7.9779082692314898e-14 1.0184489955664934e+06 3.1580129784601275e+05 1.6539790163737261e+17 1.6910363250970249e+28
7.7957085390588123e-14 1.0201362378695372e+06 3.1534407012099394e+05 1.6540783402433718e+17 1.7359716867579921e+28
7.6176698922872544e-14 1.0218056019610809e+06 3.1486362765807525e+05 1.6539429663853315e+17 1.7820283928292586e+28
7.4436972979579387e-14 1.0234568027280936e+06 3.1435976973267482e+05 1.6535708730521574e+17 1.8293504262303437e+28
7.2736978954321352e-14 1.0250895029855116e+06 3.1383253544870700e+05 1.6529622631491722e+17 1.8778229689174029e+28
7.1075809448253324e-14 1.0267026173627587e+06 3.1328214857948024e+05 1.6521170902037459e+17 1.9275370885323698e+28
6.9452577785735583e-14 1.0282956044276662e+06 3.1270834726828121e+05 1.6510321279355613e+17 1.9783958851934641e+28
6.7866417541055714e-14 1.0298680008939441e+06 3.1211083255651355e+05 1.6497040685601197e+17 2.0305558186498022e+28
6.6316482075959181e-14 1.0314194103401536e+06 3.1148928806884098e+05 1.6481297059864122e+17 2.0839444216148014e+28
6.4801944087744509e-14 1.0329494386836662e+06 3.1084345831816632e+05 1.6463064958720717e+17 2.1386106310770638e+28
6.3321995167676364e-14 1.0344577067180076e+06 3.1017308892580349e+05 1.6442320253978576e+17 2.1946162745721879e+28
6.1875845369483762e-14 1.0359439526949252e+06 3.0947792721788317e+05 1.6419043055106752e+17 2.2518982021723743e+28
6.0462722787715319e-14 1.0374079675304124e+06 3.0875780375109613e+05 1.6393223785543094e+17 2.3106147648498053e+28
5.9081873145721601e-14 1.0388496712444561e+06 3.0801267730724363e+05 1.6364869373994922e+17 2.3706913319021905e+28
5.7732559393047217e-14 1.0402683645837193e+06 3.0724313842656626e+05 1.6334028372451984e+17 2.4322137399132001e+28
5.6414061312020209e-14 1.0416633998039245e+06 3.0644927162343805e+05 1.6300703404127885e+17 2.4951672941813645e+28
5.5125675133322412e-14 1.0430344612455083e+06 3.0563093205136200e+05 1.6264885796104221e+17 2.5593570600321968e+28
5.3866713160343085e-14 1.0443811099064625e+06 3.0478824893966661e+05 1.6226589220123050e+17 2.6250351231502546e+28
5.2636503402109189e-14 1.0457026656442451e+06 3.0392133777734905e+05 1.6185819305479818e+17 2.6921938081047157e+28
5.1434389214598862e-14 1.0469986804913250e+06 3.0303002014636406e+05 1.6142561889016035e+17 2.7607852603712486e+28
5.0259728950248755e-14 1.0482687274598728e+06 3.0211411782256106e+05 1.6096804296847840e+17 2.8308585488491191e+28
4.9111895615462751e-14 1.0495124480428831e+06 3.0117344694542669e+05 1.6048536109322477e+17 2.9023820546312792e+28
4.7990276535945624e-14 1.0507295229433805e+06 3.0020788381250761e+05 1.5997754397819590e+17 2.9753271260343733e+28
4.6894273029677714e-14 1.0519197193718515e+06 2.9921735815000447e+05 1.5944464392145350e+17 3.0500000134900908e+28
4.5823300087358381e-14 1.0530826641685483e+06 2.9820219982291933e+05 1.5888703469519338e+17 3.1258510970387345e+28
4.4776786060149089e-14 1.0542178418384604e+06 2.9716259345448512e+05 1.5830492021099498e+17 3.2034957353669975e+28
4.3754172354546191e-14 1.0553249459229987e+06 2.9609846739748755e+05 1.5769834185860608e+17 3.2825445082930838e+28
4.2754913134222209e-14 1.0564037408494272e+06 2.9500988014986459e+05 1.5706748490516346e+17 3.3631604159749671e+28
4.1778475028678120e-14 1.0574537361936087e+06 2.9389726892105909e+05 1.5641279307960262e+17 3.4453311406271781e+28
4.0824336848547811e-14 1.0584745226398543e+06 2.9276065353640902e+05 1.5573437069830666e+17 3.5290151616544542e+28
3.9891989307404462e-14 1.0594657853605025e+06 2.9159999963983684e+05 1.5503231009176662e+17 3.6140678237267484e+28
3.8980934749921996e-14 1.0604272437039446e+06 2.9041546316089161e+05 1.5430688215513130e+17 3.7009065973931351e+28
3.8090686886242321e-14 1.0613584532635889e+06 2.8920732996439416e+05 1.5355842503357702e+17 3.7891682117379638e+28
3.7220770532411519e-14 1.0622590813938165e+06 2.8797559452350839e+05 1.5278706302387843e+17 3.8788424343693542e+28
3.6370721356742348e-14 1.0631288699875644e+06 2.8672027710154525e+05 1.5199297177103968e+17 3.9700270756382986e+28
3.5540085631969392e-14 1.0639675494607622e+06 2.8544171546901629e+05 1.5117659551809504e+17 4.0628022516967014e+28
3.4728419993065977e-14 1.0647747321768564e+06 2.8414019499717047e+05 1.5033829848759360e+17 4.1570020681238847e+28
3.3935291200589816e-14 1.0655501307207397e+06 2.8281575263953791e+05 1.4947827154496605e+17 4.2527669145109211e+28
3.3160275909435640e-14 1.0662935402727083e+06 2.8146847108817345e+05 1.4859677436358688e+17 4.3500427944184725e+28
3.2402960442867525e-14 1.0670047322667546e+06 2.8009890386916767e+05 1.4769444747269251e+17 4.4486347362898659e+28
3.1662940571711986e-14 1.0676833389520582e+06 2.7870738717944856e+05 1.4677170898222630e+17 4.5486353557144115e+28
3.0939821298595029e-14 1.0683290649935927e+06 2.7729399355890066e+05 1.4582878651172285e+17 4.6502131094263286e+28
3.0233216647105607e-14 1.0689416808606766e+06 2.7585882921900792e+05 1.4486595992041482e+17 4.7532207480762977e+28
2.9542749455774224e-14 1.0695209769828219e+06 2.7440229921732296e+05 1.4388375648901614e+17 4.8574556356559278e+28
2.8868051176757726e-14 1.0700666753970145e+06 2.7292469298013503e+05 1.4288258982016357e+17 4.9630340320434738e+28
2.8208761679120653e-14 1.0705785539344419e+06 2.7142613818117836e+05 1.4186276452117170e+17 5.0700236015215288e+28
2.7564529056609296e-14 1.0710564870533752e+06 2.6990680530423939e+05 1.4082465161388309e+17 5.1782508309634993e+28
2.6935009439816838e-14 1.0715004384615517e+06 2.6836740826647542e+05 1.3976907173839037e+17 5.2877006508120958e+28
2.6319866812637211e-14 1.0719101569613931e+06 2.6680862863055797e+05 1.3869674478381976e+17 5.3982586355626504e+28
2.5718772832910860e-14 1.0722853731098583e+06 2.6523062316322984e+05 1.3760797997603800e+17 5.5100785103347630e+28
2.5131406657167638e-14 1.0726258622219372e+06 2.6363356738077098e+05 1.3650311707646459e+17 5.6230212341101076e+28
2.4557454769370657e-14 1.0729314829040577e+06 2.6201776369581046e+05 1.3538261581555773e+17 5.7370982571444664e+28
2.3996610813572847e-14 1.0732020484327967e+06 2.6038367978170866e+05 1.3424704852973690e+17 5.8521891796031644e+28
2.3448575430394285e-14 1.0734373633541767e+06 2.5873153287446161e+05 1.3309679399726760e+17 5.9682631677701098e+28
2.2913056097234067e-14 1.0736372795226884e+06 2.5706154349002632e+05 1.3193224959561202e+17 6.0853884507883050e+28
2.2389766972132404e-14 1.0738017572522184e+06 2.5537401525407977e+05 1.3075390640303654e+17 6.2033830158737293e+28
2.1878428741197178e-14 1.0739308396623470e+06 2.5366980439740387e+05 1.2956267617434787e+17 6.3220300212238317e+28
2.1378768469516348e-14 1.0740243867088358e+06 2.5194933585877245e+05 1.2835909513669150e+17 6.4417265546833373e+28
2.0890519455474319e-14 1.0740822729953311e+06 2.5021286739971297e+05 1.2714358196020866e+17 6.5620542263428816e+28
2.0413421088395478e-14 1.0741044441977225e+06 2.4846068241153657e+05 1.2591659424395858e+17 6.6829695854777429e+28
1.9947218709439593e-14 1.0740910388594023e+06 2.4669342183090310e+05 1.2467889310403181e+17 6.8047037648954046e+28
1.9491663475673367e-14 1.0740421294670014e+06 2.4491207464668527e+05 1.2343145047708480e+17 6.9268932737573979e+28
1.9046512227246311e-14 1.0739575711347628e+06 2.4311694714035737e+05 1.2217469107122026e+17 7.0496198044629612e+28
1.8611527357600804e-14 1.0738372540072985e+06 2.4130833424094124e+05 1.2090904023056235e+17 7.1726148586874217e+28
1.8186476686645556e-14 1.0736811253301646e+06 2.3948654998986446e+05 1.1963495061017304e+17 7.2960940825018147e+28
1.7771133336825583e-14 1.0734892569618297e+06 2.3765219453241202e+05 1.1835309930603147e+17 7.4196526728535406e+28
1.7365275612023216e-14 1.0732616346104662e+06 2.3580578891976841e+05 1.1706407710884958e+17 7.5438229858927547e+28
1.6968686879223694e-14 1.0729982090635411e+06 2.3394765656930010e+05 1.1576832792372227e+17 7.6675080554363526e+28
1.6581155452884349e-14 1.0726989810899128e+06 2.3207813491967405e+05 1.1446631616898515e+17 7.7918312929902636e+28
1.6202474481943860e-14 1.0723640626983570e+06 2.3019761733677474e+05 1.1315857019382590e+17 7.9155682782306649e+28
1.5832441839412017e-14 1.0719938658393919e+06 2.2830721860605758e+05 1.1184615492212275e+17 8.0396151052018649e+28
1.5470860014481690e-14 1.0715884749726476e+06 2.2640762479436831e+05 1.1052975137646563e+17 8.1634094115256941e+28
1.5117536007103770e-14 1.0711478614060024e+06 2.2449918526421612e+05 1.0920978588989259e+17 8.2867691231845087e+28
1.4772281224970779e-14 1.0706720264550613e+06 2.2258225622857368e+05 1.0788669377825186e+17 8.4097323124269642e+28
1.4434911382852522e-14 1.0701610309762328e+06 2.2065721421241094e+05 1.0656093410466784e+17 8.5324629296238313e+28
1.4105246404230745e-14 1.0696151090568178e+06 2.1872475674897531e+05 1.0523320247684773e+17 8.6549874029834954e+28
1.3783110325180794e-14 1.0690343642362747e+06 2.1678542351838574e+05 1.0390405103612394e+17 8.7761245859579629e+28
1.3468331200447878e-14 1.0684188454507312e+06 2.1483958274600943e+05 1.0257390510619629e+17 8.8969765561452141e+28
1.3160741011668400e-14 1.0677686393590986e+06 2.1288760933188480e+05 1.0124319898147643e+17 9.0157446297109115e+28
1.2860175577687812e-14 1.0670839028161741e+06 2.1092989314776513e+05 9.9912387978212560e+16 9.1364404824517116e+28
1.2566474466926146e-14 1.0663651032772989e+06 2.0896727197981722e+05 9.8582261034227440e+16 9.2546594792316139e+28
1.2279480911744954e-14 1.0656126191408124e+06 2.0700065142644936e+05 9.7253603835480752e+16 9.3718634069164923e+28
1.1999041724770400e-14 1.0648265343907741e+06 2.0503041043173548e+05 9.5926808112664688e+16 9.4883263599676188e+28
1.1725007217126900e-14 1.0640069651048153e+06 2.0305692984779991e+05 9.4602267863178720e+16 9.6032364966748702e+28
1.1457231118538169e-14 1.0631540677448944e+06 2.0108059570885857e+05 9.3280383805446192e+16 9.7168447076362631e+28
1.1195570499253468e-14 1.0622681351721599e+06 1.9910190691466833e+05 9.1961645749368640e+16 9.8291431979790915e+28
1.0939885693756198e-14 1.0613497004276160e+06 1.9712179699595200e+05 9.0646829692106912e+16 9.9396938602163026e+28
1.0690040226215535e-14 1.0603989384594969e+06 1.9514072032676369e+05 8.9336342901170624e+16 1.0049398035940498e+29
1.0445900737640148e-14 1.0594159908921947e+06 1.9315903644609172e+05 8.8030525037226048e+16 1.0156945940948391e+29
1.0207336914695582e-14 1.0584010286172016e+06 1.9117708126815778e+05 8.6729703058441728e+16 1.0263127080113952e+29
9.9742214201477500e-15 1.0573542979514527e+06 1.8919523630863262e+05 8.5434240319032496e+16 1.0367442991692389e+29
9.7464298248943204e-15 1.0562763537799788e+06 1.8721421797120720e+05 8.4144738076332160e+16 1.0470022241772658e+29
9.5238405415489943e-15 1.0551677499006274e+06 1.8523487205746569e+05 8.2861846876113040e+16 1.0570549380533996e+29
9.3063347595421789e-15 1.0540287194511155e+06 1.8325757608650616e+05 8.1585883847638688e+16 1.0669305237327832e+29
9.0937963817038467e-15 1.0528596583866479e+06 1.8128288076821269e+05 8.0317283102875488e+16 1.0765963827568266e+29
8.8861119622950472e-15 1.0516609161522537e+06 1.7931132340327560e+05 7.9056448710779680e+16 1.0860255254668787e+29
8.6831706464543330e-15 1.0504327252250789e+06 1.7734326234732757e+05 7.7803657719165776e+16 1.0952608534558502e+29
8.4848641110271021e-15 1.0491753297894867e+06 1.7537904364312923e+05 7.6559176541602944e+16 1.1042717186739341e+29
8.2910865067466053e-15 1.0478890057967051e+06 1.7341901241322703e+05 7.5323270740105392e+16 1.1130130177653475e+29
8.1017344017351153e-15 1.0465740906586281e+06 1.7146352364792759e+05 7.4096215868082480e+16 1.1215651862928269e+29
7.9167067262954120e-15 1.0452312913202723e+06 1.6951331978325569e+05 7.2878541989874848e+16 1.1298756541993911e+29
7.7359047189634282e-15 1.0438611825672444e+06 1.6756908698517247e+05 7.1670705779104120e+16 1.1378908460717362e+29
7.5592318737926421e-15 1.0424640463764956e+06 1.6563115564127587e+05 7.0472920213826752e+16 1.1457089023729418e+29
7.3865938888424051e-15 1.0410401633537381e+06 1.6369983201968120e+05 6.9285379827255544e+16 1.1532288209469399e+29
7.2178986158429975e-15 1.0395898443311044e+06 1.6177541549041460e+05 6.8108275229871984e+16 1.1605166655341222e+29
7.0530560110097832e-15 1.0381134614977010e+06 1.5985822590281456e+05 6.6941811900955056e+16 1.1674955937854292e+29
6.8919780869811397e-15 1.0366117128957832e+06 1.5794885480834128e+05 6.5786372799172184e+16 1.1742168081757571e+29
6.7345788658535760e-15 1.0350854477662647e+06 1.5604815011286788e+05 6.4642468327286600e+16 1.1806851674242962e+29
6.5807743332898606e-15 1.0335349867572427e+06 1.5415642121374648e+05 6.3510249073988264e+16 1.1868808426532382e+29
6.4304823936749431e-15 1.0319606011911192e+06 1.5227392261283295e+05 6.2389825877798496e+16 1.1927657541113170e+29
6.2836228262960381e-15 1.0303625045834767e+06 1.5040080979125985e+05 6.1281250235538096e+16 1.1984009149414261e+29
6.1401172425237023e-15 1.0287410429086316e+06 1.4853734102818102e+05 6.0184639062086536e+16 1.2037782744709342e+29
5.9998890439705759e-15 1.0270966450655892e+06 1.4668380964135801e+05 5.9100132855291024e+16 1.2087753118754415e+29
5.8628633816057044e-15 1.0254300309364097e+06 1.4484077666729220e+05 5.8028028138323448e+16 1.2135895223037971e+29
5.7289671158028247e-15 1.0237416589666496e+06 1.4300858779221785e+05 5.6968471776369616e+16 1.2179848971544237e+29
5.5981287773008504e-15 1.0220319026122022e+06 1.4118748745588565e+05 5.5921546268006920e+16 1.2221729298648172e+29
5.4702785290559493e-15 1.0203012510725551e+06 1.3937779459250439e+05 5.4887377274518504e+16 1.2260276300043585e+29
5.3453481289650542e-15 1.0185501690532441e+06 1.3757982178760899e+05 5.3866076256724120e+16 1.2296696194471579e+29
5.2232708934404756e-15 1.0167790364970608e+06 1.3579379008653178e+05 5.2857696513943088e+16 1.2329464467432222e+29
5.1039816618164203e-15 1.0149882506757174e+06 1.3401991589513607e+05 5.1862286482921984e+16 1.2359406759065725e+29
4.9874167615685985e-15 1.0131782239665884e+06 1.3225841828102589e+05 5.0879893246031104e+16 1.2386745653654371e+29
4.8735139743278304e-15 1.0113493716622234e+06 1.3050949733687987e+05 4.9910551188953744e+16 1.2410279307460171e+29
4.7622125026701672e-15 1.0095021331939072e+06 1.2877334617688385e+05 4.8954290586817256e+16 1.2431666877813386e+29
4.6534529376651431e-15 1.0076371936332991e+06 1.2705033880546303e+05 4.8011243227234008e+16 1.2450119923302103e+29
4.5471772271654456e-15 1.0057551443818115e+06 1.2534079168757416e+05 4.7081494622766416e+16 1.2465401523647462e+29
4.4433286448206034e-15 1.0038564043384426e+06 1.2364487084578478e+05 4.6165040604190072e+16 1.2477921567510031e+29
4.3418517597983386e-15 1.0019414483012742e+06 1.2196276201722948e+05 4.5261888165563712e+16 1.2487328275738632e+29
4.2426924071975897e-15 1.0000109028865029e+06 1.2029476640990021e+05 4.4372103294619496e+16 1.2494284499599587e+29
4.1457976591370770e-15 9.9806521987883188e+05 1.1864105142501884e+05 4.3495670787057280e+16 1.2497956128782231e+29
4.0511157965041552e-15 9.9610482876538741e+05 1.1700175241242029e+05 4.2632556576446632e+16 1.2499406855277837e+29
3.9585962813490184e-15 9.9413024401717086e+05 1.1537705063498442e+05 4.1782751055413584e+16 1.2498407782312922e+29
3.8681897299092095e-15 9.9214201158086152e+05 1.1376715370116907e+05 4.0946253160491824e+16 1.2494113702491081e+29
3.7798478862502085e-15 9.9014056309161137e+05 1.1217217528640195e+05 4.0123008392338112e+16 1.2486955008590221e+29
3.6935235965081540e-15 9.8812634262928751e+05 1.1059222306952994e+05 3.9312958991336024e+16 1.2477514251378399e+29
3.6091707837206704e-15 9.8610000874488940e+05 1.0902753918468309e+05 3.8516117235026848e+16 1.2465313577648483e+29
3.5267444232325131e-15 9.8406209184441762e+05 1.0747829577980618e+05 3.7732449284031280e+16 1.2450551305285584e+29
3.4462005186630304e-15 9.8201299016891734e+05 1.0594457284115166e+05 3.6961869765311776e+16 1.2433369908300181e+29
3.3674960784223519e-15 9.7995310005433648e+05 1.0442644047311784e+05 3.6204287298276712e+16 1.2413404580618205e+29
3.2905890927639030e-15 9.7788273846894107e+05 1.0292391312464571e+05 3.5459581126727300e+16 1.2391781999146312e+29
3.2154385113611301e-15 9.7580228327443614e+05 1.0143703555179895e+05 3.4727647134991644e+16 1.2367253020280129e+29
3.1420042213961282e-15 9.7371212888335204e+05 9.9965860734267408e+04 3.4008384445676524e+16 1.2340303016885444e+29
3.0702470261488918e-15 9.7161261636538012e+05 9.8510411345781264e+04 3.3301674840053836e+16 1.2311382174359308e+29
3.0001286240753394e-15 9.6950387183823169e+05 9.7070564853688498e+04 3.2607329610957692e+16 1.2279764257667002e+29
2.9316115883633456e-15 9.6738625861622253e+05 9.5646324637859478e+04 3.1925228516557420e+16 1.2246323254386224e+29
2.8646593469555428e-15 9.6526019068878458e+05 9.4237719058888557e+04 3.1255263962289136e+16 1.2209984391757024e+29
2.7992361630283719e-15 9.6312609150073351e+05 9.2844773802932687e+04 3.0597327374785892e+16 1.2172388933288367e+29
2.7353071159170559e-15 9.6098439416873280e+05 9.1467517332944728e+04 2.9951310948554408e+16 1.2132208134797981e+29
2.6728380824761013e-15 9.5883551845140976e+05 9.0105963284964368e+04 2.9317099888254848e+16 1.2090154281712104e+29
2.6117957188654957e-15 9.5667987848623807e+05 8.8760116249312166e+04 2.8694575272048064e+16 1.2046118660471144e+29
2.5521474427529691e-15 9.5451794036792417e+05 8.7429996617164856e+04 2.8083627364616524e+16 1.2000379402852549e+29
2.4938614159226217e-15 9.5235037630247779e+05 8.6115743108641749e+04 2.7484200029932976e+16 1.1952667989806327e+29
2.4369065272807395e-15 9.5017761784988828e+05 8.4817373032990639e+04 2.6896174939731144e+16 1.1903184641378641e+29
2.3812523762498158e-15 9.4800002453710011e+05 8.3534867990231505e+04 2.6319415994963128e+16 1.1852094277025135e+29
2.3268692565417277e-15 9.4581788958816382e+05 8.2268184887618583e+04 2.5753773728335868e+16 1.1799224358881213e+29
2.2737281403015041e-15 9.4363098023354274e+05 8.1017001516746896e+04 2.5198973164703608e+16 1.1744512909849637e+29
2.2218006626133126e-15 9.4143950139957399e+05 7.9781188798301577e+04 2.4654839678596212e+16 1.1688402479766735e+29
2.1710591063601611e-15 9.3924384861980937e+05 7.8560712488973833e+04 2.4121244049084288e+16 1.1630519654412310e+29
2.1214763874295099e-15 9.3704442459442269e+05 7.7355534836365638e+04 2.3598056746651336e+16 1.1571731556877222e+29
2.0730260402566669e-15 9.3484177723127557e+05 7.6165685862554179e+04 2.3085179203926236e+16 1.1511059321550312e+29
2.0256822036983470e-15 9.3263638453766739e+05 7.4991168373074761e+04 2.2582498105814224e+16 1.1448592373850873e+29
1.9794196072289361e-15 9.3042860542614711e+05 7.3831929959394591e+04 2.2089875313111064e+16 1.1385738883288760e+29
1.9342135574518784e-15 9.2821879625247361e+05 7.2687914907469851e+04 2.1607171772003756e+16 1.1321323783018886e+29
1.8900399249192402e-15 9.2600720645991585e+05 7.1559023369074377e+04 2.1134229352042948e+16 1.1256431624250852e+29
1.8468751312522100e-15 9.2379399854465632e+05 7.0445106894210767e+04 2.0670872389604596e+16 1.1189139274319381e+29
1.8046961365557400e-15 9.2157951668554591e+05 6.9346096932214059e+04 2.0216962156400940e+16 1.1121167511055645e+29
1.7634804271206827e-15 9.1936409797038662e+05 6.8261924538297812e+04 1.9772360347809280e+16 1.1052744847751378e+29
1.7232060034067163e-15 9.1714803604968544e+05 6.7192506089084854e+04 1.9336922515230460e+16 1.0982821440661135e+29
1.6838513682997199e-15 9.1493136196199118e+05 6.6137642363592560e+04 1.8910457763214032e+16 1.0911684040219211e+29
1.6453955156373893e-15 9.1271433741544816e+05 6.5097223335433780e+04 1.8492817409526920e+16 1.0840097745793806e+29
1.6078179189968424e-15 9.1049729008809815e+05 6.4071169390916562e+04 1.8083866535841740e+16 1.0767357618016402e+29
1.5710985207382948e-15 9.0828053262625646e+05 6.3059398259086738e+04 1.7683469675564854e+16 1.0694003678451655e+29
1.5352177212990160e-15 9.0606423969175632e+05 6.2061776097890659e+04 1.7291470711125298e+16 1.0619890876526679e+29
1.5001563687317299e-15 9.0384852910576877e+05 6.1078138446177567e+04 1.6907704813644200e+16 1.0545395829502752e+29
1.4658957484819409e-15 9.0163369905367715e+05 6.0108395910326937e+04 1.6532039460120444e+16 1.0469564072781717e+29
1.4324175733987857e-15 8.9942002888818621e+05 5.9152457816274320e+04 1.6164341863457956e+16 1.0393840839216940e+29
1.3997039739739272e-15 8.9720770948950527e+05 5.8210214690513785e+04 1.5804470648242290e+16 1.0317027009772614e+29
1.3677374888034679e-15 8.9499613735729433e+05 5.7281249205257001e+04 1.5452166389958152e+16 1.0239959908992414e+29
1.3365010552676013e-15 8.9278530777161138e+05 5.6365343894130965e+04 1.5107259659323176e+16 1.0161724508432192e+29
1.3059780004232072e-15 8.9057553990463552e+05 5.5462404625883129e+04 1.4769631685017088e+16 1.0083262624410447e+29
1.2761520321043861e-15 8.8836714910471707e+05 5.4572335614230877e+04 1.4439164207346944e+16 1.0004815944280480e+29
1.2470072302262402e-15 8.8616043817393784e+05 5.3695036778674556e+04 1.4115738371321860e+16 9.9247199617618246e+28
1.2185280382873081e-15 8.8395568185116327e+05 5.2830397419111978e+04 1.3799232632966748e+16 9.8462923272058543e+28
1.1906992550660171e-15 8.8175318281875120e+05 5.1978316071419722e+04 1.3489530402082452e+16 9.7660237347657858e+28
1.1635060265067758e-15 8.7955324275713693e+05 5.1138691277534264e+04 1.3186516251184620e+16 9.6862583474038011e+28
1.1369338377914151e-15 8.7735615702381043e+05 5.0311420267497284e+04 1.2890075377270970e+16 9.6060415400090183e+28
1.1109685055916584e-15 8.7516222692885052e+05 4.9496402780869270e+04 1.2600095036292180e+16 9.5254776514742990e+28
1.0855961704985305e-15 8.7297175441772689e+05 4.8693541683538584e+04 1.2316464414221428e+16 9.4450670419609231e+28
1.0608032896247057e-15 8.7078500620857126e+05 4.7902731362311722e+04 1.2039070325472588e+16 9.3643315905706306e+28
1.0365766293757621e-15 8.6860222987614584e+05 4.7123865242174099e+04 1.1767799838618390e+16 9.2833846864694265e+28
1.0129032583865274e-15 8.6642364211335860e+05 4.6356836165739202e+04 1.1502539657847216e+16 9.2026292492607796e+28
9.8977054061878349e-16 8.6424883056431264e+05 4.5601354734757770e+04 1.1243111010462272e+16 9.1220400888667722e+28
9.6716612861656596e-16 8.6207713645088673e+05 4.4857018662287650e+04 1.0989305622038588e+16 9.0412201049605861e+28
9.4507795691550233e-16 8.5990885215006082e+05 4.4123718867417876e+04 1.0741024283389032e+16 8.9604112706779202e+28
9.2349423560270548e-16 8.5774429026985262e+05 4.3401350186279844e+04 1.0498170570391516e+16 8.8793745596655819e+28
9.0240344402369017e-16 8.5558377271458379e+05 4.2689806733320613e+04 1.0260649419283334e+16 8.7992381312384416e+28
8.8179432463306952e-16 8.5342785402643820e+05 4.1989045114881723e+04 1.0028389095031656e+16 8.7183351611959632e+28
8.6165587698563285e-16 8.5127722100995993e+05 4.1299073986206946e+04 9.8013335286229940e+15 8.6382827820154384e+28
8.4197735186470735e-16 8.4913216123688186e+05 4.0619787018654555e+04 9.5793869012570740e+15 8.5581182426021202e+28
8.2274824554458266e-16 8.4699292678707966e+05 3.9951068973954621e+04 9.3624514827654140e+15 8.4782833006458739e+28
8.0395829418396960e-16 8.4485978383957280e+05 3.9292808348537212e+04 9.1504321103704760e+15 8.3985898089017866e+28
