8.0395829418396959e-13 8.1379622996657970e+05 2.8034582889608655e+05 9.7065010162563552e+16 1.7817319273406864e+27
7.8559746834753246e-13 8.1537763938480429e+05 2.8090947526844882e+05 9.7696720851747536e+16 1.8085775836295764e+27
7.6765596765250801e-13 8.1697741760173545e+05 2.8147319078826410e+05 9.8333523850668016e+16 1.8363478593780915e+27
7.5012421553758558e-13 8.1859578689139173e+05 2.8203697138386557e+05 9.8975500972929472e+16 1.8650479667386949e+27
7.3299285415128468e-13 8.2023270512148202e+05 2.8260074333387148e+05 9.9622648927698800e+16 1.8947340055195622e+27
7.1625273935704306e-13 8.2188811311497120e+05 2.8316442483090120e+05 1.0027495633192373e+17 1.9253924064381592e+27
6.9989493585237990e-13 8.2356206245958491e+05 2.8372795802263787e+05 1.0093244434543493e+17 1.9571333592668726e+27
6.8391071239955609e-13 8.2525476596073352e+05 2.8429132903370698e+05 1.0159519029314118e+17 1.9899692140797152e+27
6.6829153716511489e-13 8.2696667232310202e+05 2.8485461154339701e+05 1.0226337424295384e+17 2.0238910552626402e+27
6.5302907316589952e-13 8.2869795265764766e+05 2.8541783538729372e+05 1.0293711131077958e+17 2.0590210576732241e+27
6.3811517381904706e-13 8.3044863588005025e+05 2.8598098854630970e+05 1.0361646727125459e+17 2.0953042589060463e+27
6.2354187859361313e-13 8.3221876839639840e+05 2.8654406728715455e+05 1.0430151835515165e+17 2.1328832397943485e+27
6.0930140876152718e-13 8.3400867597852205e+05 2.8710714699597104e+05 1.0499244339103350e+17 2.1717461221426381e+27
5.9538616324556484e-13 8.3581870069163654e+05 2.8767033409754955e+05 1.0568945354650528e+17 2.2118932376248171e+27
5.8178871456214496e-13 8.3764905584693816e+05 2.8823371245121490e+05 1.0639272942872835e+17 2.2535469012795160e+27
5.6850180485680912e-13 8.3950026085581782e+05 2.8879746783944208e+05 1.0710258073248254e+17 2.2964833211202475e+27
5.5551834203020698e-13 8.4137275643650233e+05 2.8936181140643550e+05 1.0781933528919614e+17 2.3410792614365430e+27
5.4283139595259256e-13 8.4326674577924493e+05 2.8992691000433447e+05 1.0854325970065882e+17 2.3870319664428532e+27
5.3043419476474946e-13 8.4518282989647100e+05 2.9049306231601629e+05 1.0927478988682821e+17 2.4346579000935767e+27
5.1832012126339740e-13 8.4712157502499258e+05 2.9106062317783409e+05 1.1001441469034264e+17 2.4840895088061306e+27
5.0648270936916735e-13 8.4908332802934258e+05 2.9162992450952582e+05 1.1076258388469106e+17 2.5351061335380456e+27
4.9491564067522283e-13 8.5106893513508444e+05 2.9220148073308193e+05 1.1151997990493155e+17 2.5881020611178980e+27
4.8361274107470329e-13 8.5307932994040963e+05 2.9277592744118324e+05 1.1228741613950434e+17 2.6427546424835287e+27
4.7256797746521049e-13 8.5511540869539336e+05 2.9335400809968880e+05 1.1306581095008758e+17 2.6994404179515761e+27
4.6177545452852868e-13 8.5717792584335664e+05 2.9393658232104569e+05 1.1385618274720346e+17 2.7580796102269269e+27
4.5122941158391827e-13 8.5926780482079787e+05 2.9452469028900634e+05 1.1465975040945227e+17 2.8187780249236437e+27
4.4092421951325472e-13 8.6138683359865530e+05 2.9511985320974962e+05 1.1547830087424989e+17 2.8815979027308578e+27
4.3085437775639206e-13 8.6353706041149015e+05 2.9572410153299163e+05 1.1631414437571541e+17 2.9467174974433313e+27
4.2101451137516242e-13 8.6572108073950559e+05 2.9634034183285857e+05 1.1717049459354672e+17 3.0138176257822482e+27
4.1139936818441155e-13 8.6794211670423276e+05 2.9697314754475374e+05 1.1805221032823658e+17 3.0833574727187003e+27
4.0200381594855675e-13 8.7018386421729391e+05 2.9762646421283501e+05 1.1896086642955166e+17 3.1540743313476341e+27
3.9282283964218600e-13 8.7227156377221388e+05 2.9825654715804994e+05 1.1983180456243573e+17 3.2200236211909368e+27
3.8385153877319545e-13 8.7421476840521698e+05 2.9884808780046360e+05 1.2065164068442867e+17 3.2822276249719322e+27
3.7508512476708503e-13 8.7616068671155022e+05 2.9943236520851409e+05 1.2146972046423333e+17 3.3461621292404312e+27
3.6651891841097572e-13 8.7811553915116447e+05 3.0001092371216347e+05 1.2228835031759120e+17 3.4118764225561957e+27
3.5814834735600098e-13 8.8007883335677010e+05 3.0058346848921658e+05 1.2310719233246784e+17 3.4796797683252535e+27
3.4996894367675177e-13 8.8205032221230376e+05 3.0114976353189518e+05 1.2392599520110786e+17 3.5494158270886416e+27
3.4197634148644563e-13 8.8402978393866110e+05 3.0170957994093420e+05 1.2474451537694070e+17 3.6213870715500779e+27
3.3416627460656126e-13 8.8601681302528968e+05 3.0226264905379299e+05 1.2556244159144818e+17 3.6953991101082278e+27
3.2653457428970620e-13 8.8801109576519602e+05 3.0280872293214436e+05 1.2637949226279618e+17 3.7715212879785274e+27
3.1907716699447724e-13 8.9001208848208527e+05 3.0334747962525213e+05 1.2719527743461440e+17 3.8501715718971239e+27
3.1179007221113923e-13 8.9201969342173217e+05 3.0387867791026039e+05 1.2800954862399720e+17 3.9310954807133349e+27
3.0466940033697372e-13 8.9403392586915381e+05 3.0440212852863362e+05 1.2882212274826130e+17 4.0143584220926412e+27
2.9771135060013152e-13 8.9605446170258208e+05 3.0491759408284182e+05 1.2963271579850251e+17 4.1002496607324744e+27
2.9091220903091890e-13 8.9808099912834715e+05 3.0542483964076702e+05 1.3044104728170246e+17 4.1882696996481979e+27
2.8426834647940371e-13 9.0011286087124923e+05 3.0592356699210050e+05 1.3124671178623749e+17 4.2797720522728002e+27
2.7777621667829500e-13 9.0214956792843237e+05 3.0641346690910793e+05 1.3204932176898584e+17 4.3735801445103163e+27
2.7143235435007391e-13 9.0419081915168092e+05 3.0689426447456930e+05 1.3284854767300838e+17 4.4701952446715282e+27
2.6523337335734285e-13 9.0623639077895216e+05 3.0736569291467487e+05 1.3364407856951389e+17 4.5692684235379717e+27
2.5917596489541772e-13 9.0828616017445200e+05 3.0782751745806960e+05 1.3443564935622054e+17 4.6720295127807589e+27
2.5325689572620839e-13 9.1033996739298443e+05 3.0827953549500782e+05 1.3522301813078560e+17 4.7775718501478601e+27
2.4747300645241784e-13 9.1239687650223658e+05 3.0872141405957995e+05 1.3600568084123744e+17 4.8863487240142261e+27
2.4182120983117104e-13 9.1445645333166805e+05 3.0915283297240909e+05 1.3678322812555925e+17 4.9983176309960899e+27
2.3629848912614671e-13 9.1651857627994008e+05 3.0957352858983027e+05 1.3755535745076144e+17 5.1135340877243034e+27
2.3090189649734352e-13 9.1858308684999531e+05 3.0998326371893601e+05 1.3832178430001259e+17 5.2322648939083194e+27
2.2562855142762949e-13 9.2064936237304518e+05 3.1038174284445768e+05 1.3908208239372973e+17 5.3545858895615725e+27
2.2047563918521709e-13 9.2271705663218745e+05 3.1076867256373283e+05 1.3983587435770995e+17 5.4804066381825725e+27
2.1544040932125280e-13 9.2478593881708768e+05 3.1114378912668064e+05 1.4058283090992813e+17 5.6100498399288728e+27
2.1052017420172673e-13 9.2685584081275342e+05 3.1150686119557120e+05 1.4132266502949406e+17 5.7436074557248175e+27
2.0571230757290243e-13 9.2892601448811789e+05 3.1185762333653681e+05 1.4205494583816347e+17 5.8811814051026118e+27
2.0101424315950971e-13 9.3099589428813627e+05 3.1219575779296085e+05 1.4277922252463603e+17 6.0226282172864123e+27
1.9642347329496030e-13 9.3306497434351488e+05 3.1252097306013037e+05 1.4349507788747750e+17 6.1684706881843975e+27
1.9193754758283432e-13 9.3513270192595734e+05 3.1283291784807708e+05 1.4420202469910058e+17 6.3186270958432178e+27
1.8755407158894795e-13 9.3719892374210444e+05 3.1313126398982876e+05 1.4489967441718358e+17 6.4728965140546250e+27
1.8327070556328355e-13 9.3926367879640625e+05 3.1341574484305887e+05 1.4558773714849325e+17 6.6318095859431688e+27
1.7908516319110873e-13 9.4132668224608211e+05 3.1368613900911697e+05 1.4626590340514883e+17 6.7957565665553227e+27
1.7499521037262478e-13 9.4338710853910481e+05 3.1394216206268873e+05 1.4693369222976461e+17 6.9644450537450726e+27
1.7099866403047436e-13 9.4544466042952228e+05 3.1418354431910045e+05 1.4759074125915466e+17 7.1379721775083456e+27
1.6709339094449448e-13 9.4749857394452998e+05 3.1440999313702836e+05 1.4823656889980163e+17 7.3166276148274479e+27
1.6327730661307397e-13 9.4954841094766092e+05 3.1462116908508318e+05 1.4887071269835622e+17 7.5004107443746599e+27
1.5954837414051565e-13 9.5159395343401004e+05 3.1481674674643145e+05 1.4949276942757584e+17 7.6899165425943360e+27
1.5590460314981504e-13 9.5363503053596977e+05 3.1499643919086730e+05 1.5010238444420787e+17 7.8845099484051415e+27
1.5234404872026269e-13 9.5567132834591239e+05 3.1516000863111083e+05 1.5069922176284973e+17 8.0850012900799443e+27
1.4886481034931015e-13 9.5770220572676824e+05 3.1530718855459179e+05 1.5128284757424067e+17 8.2913816998774762e+27
1.4546503093815020e-13 9.5972741271798871e+05 3.1543774125885678e+05 1.5185293989205552e+17 8.5038985445471800e+27
1.4214289580045901e-13 9.6174599103036115e+05 3.1555143243321567e+05 1.5240902512165043e+17 8.7223789887621621e+27
1.3889663169377659e-13 9.6375740245029284e+05 3.1564791684814682e+05 1.5295061097417619e+17 8.9470473202269196e+27
1.3572450587301461e-13 9.6576148686404922e+05 3.1572682882888848e+05 1.5347726996557091e+17 9.1782508802879498e+27
1.3262482516557153e-13 9.6775828154730191e+05 3.1578788049209141e+05 1.5398869862659818e+17 9.4157304895075238e+27
1.2959593506757878e-13 9.6974756607049552e+05 3.1583093691097415e+05 1.5448468786116627e+17 9.6608361592851710e+27
1.2663621886078123e-13 9.7172785550398193e+05 3.1585588969016296e+05 1.5496476613363658e+17 9.9129392685517310e+27
1.2374409674958667e-13 9.7369849783034646e+05 3.1586238075959828e+05 1.5542840418348394e+17 1.0171546639605310e+28
1.2091802501782780e-13 9.7565924108320044e+05 3.1584999900506833e+05 1.5587511459327594e+17 1.0437532767830138e+28
1.1815649520477777e-13 9.7760999525058630e+05 3.1581839407866623e+05 1.5630451132859728e+17 1.0711536092213361e+28
1.1545803329998362e-13 9.7955051219942817e+05 3.1576729891240579e+05 1.5671625628705645e+17 1.0992480431544900e+28
1.1282119895649331e-13 9.8148019635857665e+05 3.1569651651721535e+05 1.5710999972483920e+17 1.1282120256053618e+28
1.1024458472204377e-13 9.8339870120400842e+05 3.1560578798164253e+05 1.5748539288149181e+17 1.1579350593914551e+28
1.0772681528781416e-13 9.8530560652899975e+05 3.1549496655713720e+05 1.5784218137994182e+17 1.1884745033487243e+28
1.0526654675433147e-13 9.8719985313853493e+05 3.1536390723465814e+05 1.5817995681827043e+17 1.2199225905247703e+28
1.0286246591414157e-13 9.8908100778430281e+05 3.1521227003759693e+05 1.5849827559133251e+17 1.2522207565503470e+28
1.0051328955086642e-13 9.9094876356645254e+05 3.1503970605565963e+05 1.5879671996561542e+17 1.2854082158502886e+28
9.8217763754265583e-14 9.9280288484234794e+05 3.1484591323624569e+05 1.5907494039048221e+17 1.3194248501630101e+28
9.5974663250940560e-14 9.9464315693267772e+05 3.1463068945783982e+05 1.5933269436284355e+17 1.3544131950949702e+28
9.3782790750328011e-14 9.9646859111431101e+05 3.1439405232811958e+05 1.5956975833775696e+17 1.3903721847624923e+28
9.1640976305625656e-14 9.9827848456957436e+05 3.1413574082858860e+05 1.5978571249252102e+17 1.4272568577899887e+28
8.9548076689313450e-14 1.0000724304658126e+06 3.1385541283532773e+05 1.5998013816293782e+17 1.4651495380399173e+28
8.7502974782940347e-14 1.0018500967409571e+06 3.1355273221669497e+05 1.6015264710879837e+17 1.5040236755472384e+28
8.5504578980841602e-14 1.0036111780631208e+06 3.1322740855007782e+05 1.6030290796388288e+17 1.5439166559276611e+28
8.3551822607479450e-14 1.0053553493927376e+06 3.1287924887458282e+05 1.6043068299315904e+17 1.5848896156909757e+28
8.1643663348086941e-14 1.0070819539702582e+06 3.1250815181451995e+05 1.6053573897123123e+17 1.6269837323984511e+28
7.9779082692314898e-14 1.0087906608301915e+06 3.1211386857174622e+05 1.6061779246337910e+17 1.6700897911739557e+28
7.7957085390588123e-14 1.0104811377214759e+06 3.1169626242691616e+05 1.6067667224984448e+17 1.7143117969315063e+28
7.6176698922872544e-14 1.0121527156059783e+06 3.1125530263222067e+05 1.6071222092745734e+17 1.7596797915758418e+28
7.4436972979579387e-14 1.0138050966031157e+06 3.1079077485939872e+05 1.6072421195522381e+17 1.8062694519091960e+28
7.2736978954321352e-14 1.0154379105190741e+06 3.1030268855967151e+05 1.6071261593124442e+17 1.8539552271865662e+28
7.1075809448253324e-14 1.0170500561450035e+06 3.0979123430747906e+05 1.6067737510545642e+17 1.9028408209533661e+28
6.9452577785735583e-14 1.0186409853074659e+06 3.0925613476798136e+05 1.6061814594004448e+17 1.9529397631459794e+28
6.7866417541055714e-14 1.0202102230015994e+06 3.0869708947362949e+05 1.6053459012992118e+17 2.0041487002346105e+28
6.6316482075959181e-14 1.0217573294277369e+06 3.0811380243567919e+05 1.6042639072142522e+17 2.0567264859167913e+28
6.4801944087744509e-14 1.0232818839306738e+06 3.0750600019570132e+05 1.6029326475853216e+17 2.1105092196126885e+28
6.3321995167676364e-14 1.0247835005637564e+06 3.0687342523465242e+05 1.6013496166371882e+17 2.1655863090369205e+28
6.1875845369483762e-14 1.0262618643543205e+06 3.0621584503115003e+05 1.5995128180222365e+17 2.2219954584226436e+28
6.0462722787715319e-14 1.0277167242532328e+06 3.0553307174834277e+05 1.5974209415905430e+17 2.2795838320119177e+28
5.9081873145721601e-14 1.0291479759239148e+06 3.0482504271031142e+05 1.5950743168876637e+17 2.3388287716041860e+28
5.7732559393047217e-14 1.0305548885591471e+06 3.0409230496642331e+05 1.5924770716760470e+17 2.3992917049380699e+28
5.6414061312020209e-14 1.0319367961909323e+06 3.0333491606368648e+05 1.5896290623123840e+17 2.4610238039995881e+28
5.5125675133322412e-14 1.0332933655642772e+06 3.0255271010971797e+05 1.5865291346688874e+17 2.5242009344070602e+28
5.3866713160343085e-14 1.0346241363906747e+06 3.0174580514479737e+05 1.5831783881321712e+17 2.5888781640035712e+28
5.2636503402109189e-14 1.0359283992089273e+06 3.0091430362275400e+05 1.5795770840727075e+17 2.6547903007366663e+28
5.1434389214598862e-14 1.0372056890624554e+06 3.0005800658250955e+05 1.5757235577834384e+17 2.7221864721740619e+28
5.0259728950248755e-14 1.0384555713822263e+06 2.9917673147856427e+05 1.5716164620837165e+17 2.7909487899681457e+28
4.9111895615462751e-14 1.0396776350318117e+06 2.9827032054576697e+05 1.5672548236786419e+17 2.8611993539776182e+28
4.7990276535945624e-14 1.0408715346179761e+06 2.9733863684062677e+05 1.5626381334626979e+17 2.9329859770905703e+28
4.6894273029677714e-14 1.0420370086923840e+06 2.9638158394824766e+05 1.5577665725004854e+17 3.0061141537664135e+28
4.5823300087358381e-14 1.0431736593624150e+06 2.9539948429302225e+05 1.5526436218090970e+17 3.0807207798783847e+28
4.4776786060149089e-14 1.0442809415350353e+06 2.9439250839754264e+05 1.5472710271949907e+17 3.1564779177581169e+28
4.3754172354546191e-14 1.0453585223668288e+06 2.9336056063015503e+05 1.5416489154120528e+17 3.2345753371300055e+28
4.2754913134222209e-14 1.0464061443133381e+06 2.9230368159052398e+05 1.5357788941014429e+17 3.3136591058593355e+28
4.1778475028678120e-14 1.0474232877208147e+06 2.9122230934988795e+05 1.5296652045171270e+17 3.3942286494447347e+28
4.0824336848547811e-14 1.0484095238908901e+06 2.9011644718363375e+05 1.5233086801143379e+17 3.4762561938970072e+28
3.9891989307404462e-14 1.0493645059701977e+06 2.8898603180196002e+05 1.5167099195471155e+17 3.5597670640060236e+28
3.8980934749921996e-14 1.0502879382996887e+06 2.8783121962210082e+05 1.5098715809957430e+17 3.6447795015489633e+28
3.8090686886242321e-14 1.0511793439016200e+06 2.8665230417495972e+05 1.5027969522130358e+17 3.7312499443987533e+28
3.7220770532411519e-14 1.0520383582469802e+06 2.8544925428633852e+05 1.4954870007593536e+17 3.8191420401814362e+28
3.6370721356742348e-14 1.0528647059262805e+06 2.8422207139310701e+05 1.4879433100066592e+17 3.9086548157209007e+28
3.5540085631969392e-14 1.0536580947609488e+06 2.8297109744965716e+05 1.4801702535510003e+17 3.9994276615493084e+28
3.4728419993065977e-14 1.0544181053450645e+06 2.8169662025529164e+05 1.4721713854166352e+17 4.0917542950398190e+28
3.3935291200589816e-14 1.0551444186357921e+06 2.8039865001875395e+05 1.4639483512386570e+17 4.1855539770917539e+28
3.3160275909435640e-14 1.0558368090282632e+06 2.7907724776215747e+05 1.4555035596088758e+17 4.2805267878738271e+28
3.2402960442867525e-14 1.0564950291893310e+06 2.7773297785457032e+05 1.4468434055015741e+17 4.3771476885082867e+28
3.1662940571711986e-14 1.0571186868525287e+06 2.7636617170783691e+05 1.4379719565818197e+17 4.4746948154402738e+28
3.0939821298595029e-14 1.0577074542420914e+06 2.7497687603272410e+05 1.4288912679358410e+17 4.5744845146204010e+28
3.0233216647105607e-14 1.0582610807868540e+06 2.7356517574360990e+05 1.4196039863366234e+17 4.6751154114017780e+28
2.9542749455774224e-14 1.0587793437011382e+06 2.7213150264457020e+05 1.4101155718442725e+17 4.7767564405558559e+28
2.8868051176757726e-14 1.0592619306911260e+06 2.7067614953147928e+05 1.4004301334584613e+17 4.8800782069297120e+28
2.8208761679120653e-14 1.0597085841267800e+06 2.6919921857086843e+05 1.3905505100059659e+17 4.9845155253569989e+28
2.7564529056609296e-14 1.0601191480132572e+06 2.6770085618249158e+05 1.3804802349153533e+17 5.0901740326257324e+28
2.6935009439816838e-14 1.0604935850994673e+06 2.6618178447710804e+05 1.3702275510761896e+17 5.1969721225132626e+28
2.6319866812637211e-14 1.0608316245139234e+06 2.6464268876753299e+05 1.3597996276701522e+17 5.3049369966509247e+28
2.5718772832910860e-14 1.0611329651491151e+06 2.6308370045597822e+05 1.3491993895271213e+17 5.4138373701835136e+28
2.5131406657167638e-14 1.0613973622113031e+06 2.6150497621672796e+05 1.3384301576005274e+17 5.5240916327185559e+28
2.4557454769370657e-14 1.0616246488847125e+06 2.5990682009536566e+05 1.3274965955974550e+17 5.6352782681374482e+28
2.3996610813572847e-14 1.0618146379338522e+06 2.5828974994819224e+05 1.3164048447104717e+17 5.7471587654890452e+28
2.3448575430394285e-14 1.0619670905191840e+06 2.5665396069631851e+05 1.3051585405657437e+17 5.8602370085648397e+28
2.2913056097234067e-14 1.0620818245462992e+06 2.5499965044561744e+05 1.2937615409693238e+17 5.9740030680756236e+28
2.2389766972132404e-14 1.0621587754263501e+06 2.5332710731212626e+05 1.2822187104013939e+17 6.0886675866364438e+28
2.1878428741197178e-14 1.0621980000420678e+06 2.5163723393567943e+05 1.2705395458234818e+17 6.2041808916346262e+28
2.1378768469516348e-14 1.0621993285524868e+06 2.4993045258336887e+05 1.2587294176710294e+17 6.3202620591963429e+28
2.0890519455474319e-14 1.0621625971862925e+06 2.4820699796331333e+05 1.2467923971894342e+17 6.4371598086053762e+28
2.0413421088395478e-14 1.0620877172358884e+06 2.4646713218517663e+05 1.2347329784930850e+17 6.5546213984224676e+28
1.9947218709439593e-14 1.0619748265258244e+06 2.4471150558723361e+05 1.2225589263988814e+17 6.6723850680188356e+28
1.9491663475673367e-14 1.0618240063603215e+06 2.4294114218359967e+05 1.2102802349802261e+17 6.7908990129942301e+28
1.9046512227246311e-14 1.0616350833231125e+06 2.4115633320089133e+05 1.1979011320378179e+17 6.9095283090743031e+28
1.8611527357600804e-14 1.0614079094672743e+06 2.3935735094655424e+05 1.1854257899314787e+17 7.0286929631939412e+28
1.8186476686645556e-14 1.0611424032096323e+06 2.3754449195449494e+05 1.1728587257521773e+17 7.1477576029525963e+28
1.7771133336825583e-14 1.0608386549635506e+06 2.3571840964579710e+05 1.1602072333869182e+17 7.2670624391161622e+28
1.7365275612023216e-14 1.0604966422462028e+06 2.3387965783963187e+05 1.1474775389352146e+17 7.3867354811351746e+28
1.6968686879223694e-14 1.0601162717266893e+06 2.3202853970472646e+05 1.1346740134073216e+17 7.5062928396343005e+28
1.6581155452884349e-14 1.0596975050935559e+06 2.3016537344482349e+05 1.1218012574846286e+17 7.6257368942138211e+28
1.6202474481943860e-14 1.0592404262271989e+06 2.2829053871498932e+05 1.1088645750457294e+17 7.7450603708567350e+28
1.5832441839412017e-14 1.0587454910235801e+06 2.2640520489233307e+05 1.0958750991380282e+17 7.8640485655809344e+28
1.5470860014481690e-14 1.0582127823303400e+06 2.2451007364058515e+05 1.0828398333786030e+17 7.9827023125900640e+28
1.5117536007103770e-14 1.0576422279845707e+06 2.2260547584806674e+05 1.0697630037178984e+17 8.1013627035078407e+28
1.4772281224970779e-14 1.0570338013820613e+06 2.2069175394945213e+05 1.0566489940309410e+17 8.2191032651395248e+28
1.4434911382852522e-14 1.0563875297678490e+06 2.1876926947583308e+05 1.0435024166263173e+17 8.3365619359910495e+28
1.4105246404230745e-14 1.0557036941948365e+06 2.1683879487840593e+05 1.0303309151727595e+17 8.4530320495674884e+28
1.3783110325180794e-14 1.0549823909332075e+06 2.1490090036995031e+05 1.0171403173517070e+17 8.5689603238704994e+28
1.3468331200447878e-14 1.0542236265365451e+06 2.1295593860524832e+05 1.0039348602701909e+17 8.6843434314389393e+28
1.3160741011668400e-14 1.0534274469827535e+06 2.1100426954325257e+05 9.9071888698522960e+16 8.7983627856312933e+28
1.2860175577687812e-14 1.0525939749691300e+06 2.0904626958145545e+05 9.7749697830068448e+16 8.9116330658064515e+28
1.2566474466926146e-14 1.0517237150791020e+06 2.0708281961600765e+05 9.6427745081372176e+16 9.0237194558226789e+28
1.2279480911744954e-14 1.0508170812177327e+06 2.0511487687507851e+05 9.5106859913517920e+16 9.1346123147194440e+28
1.1999041724770400e-14 1.0498741190468539e+06 2.0314280785617928e+05 9.3787434909626976e+16 9.2444405288278038e+28
1.1725007217126900e-14 1.0488949028828656e+06 2.0116697953960154e+05 9.2469864353726608e+16 9.3528021773566611e+28
1.1457231118538169e-14 1.0478795529146098e+06 1.9918776561882638e+05 9.1154551800948704e+16 9.4597010299737313e+28
1.1195570499253468e-14 1.0468283514220272e+06 1.9720566850104782e+05 8.9842002558504928e+16 9.5648942059755011e+28
1.0939885693756198e-14 1.0457418847399404e+06 1.9522167841120437e+05 8.8533040589370864e+16 9.6689687847669219e+28
1.0690040226215535e-14 1.0446203141984176e+06 1.9323625279716056e+05 8.7228086829949904e+16 9.7711940547356572e+28
1.0445900737640148e-14 1.0434637722240805e+06 1.9124976576442018e+05 8.5927503702417056e+16 9.8713675612850126e+28
1.0207336914695582e-14 1.0422724278637663e+06 1.8926260153588245e+05 8.4631660701668960e+16 9.9702548999232554e+28
9.9742214201477500e-15 1.0410464968040209e+06 1.8727513621831831e+05 8.3340926771132272e+16 1.0066657533069658e+29
9.7464298248943204e-15 1.0397865376595359e+06 1.8528809697836154e+05 8.2055917534921408e+16 1.0161712345503581e+29
9.5238405415489943e-15 1.0384931358128977e+06 1.8330235248182135e+05 8.0777305456313824e+16 1.0254076279164035e+29
9.3063347595421789e-15 1.0371664873181219e+06 1.8131827078291058e+05 7.9505409837421824e+16 1.0344544235577942e+29
9.0937963817038467e-15 1.0358070046470575e+06 1.7933642798519769e+05 7.8240690779005312e+16 1.0432934266948303e+29
8.8861119622950472e-15 1.0344150486265227e+06 1.7735738813698283e+05 7.6983577602289360e+16 1.0518906277975537e+29
8.6831706464543330e-15 1.0329908213616585e+06 1.7538150154155816e+05 7.5734350447858976e+16 1.0602583692632814e+29
8.4848641110271021e-15 1.0315345779631044e+06 1.7340915006788383e+05 7.4493308717338352e+16 1.0683818781916242e+29
8.2910865067466053e-15 1.0300465899332265e+06 1.7144070742760075e+05 7.3260743168196944e+16 1.0762300729404783e+29
8.1017344017351153e-15 1.0285271564728881e+06 1.6947651992452913e+05 7.2036929601020200e+16 1.0839004692886281e+29
7.9167067262954120e-15 1.0269770146238864e+06 1.6751735135416203e+05 7.0822416269242856e+16 1.0912770808730031e+29
7.7359047189634282e-15 1.0253967661456008e+06 1.6556390692325620e+05 6.9617676081488752e+16 1.0983592357860327e+29
7.5592318737926421e-15 1.0237866618385137e+06 1.6361650944208784e+05 6.8422923252132152e+16 1.1052182380742001e+29
7.3865938888424051e-15 1.0221469946125231e+06 1.6167549549484713e+05 6.7238379320675192e+16 1.1118111070477873e+29
7.2178986158429975e-15 1.0204780779877111e+06 1.5974119929691116e+05 6.6064261241311768e+16 1.1180342899896784e+29
7.0530560110097832e-15 1.0187802519681408e+06 1.5781393386467118e+05 6.4900774229512472e+16 1.1240669239997747e+29
6.8919780869811397e-15 1.0170542263770555e+06 1.5589430110537735e+05 6.3748310226293032e+16 1.1298700947119770e+29
6.7345788658535760e-15 1.0153009194584149e+06 1.5398317974168499e+05 6.2607399619419408e+16 1.1352165134085879e+29
6.5807743332898606e-15 1.0135206281471541e+06 1.5208087374311438e+05 6.1478193428159224e+16 1.1403086689123982e+29
6.4304823936749431e-15 1.0117136202648231e+06 1.5018764734779805e+05 6.0360813988870576e+16 1.1452331828185242e+29
6.2836228262960381e-15 1.0098801368613299e+06 1.4830371305483533e+05 5.9255351667306288e+16 1.1497756886902155e+29
6.1401172425237023e-15 1.0080205036291415e+06 1.4642933134256507e+05 5.8161926924799320e+16 1.1540644387848271e+29
5.9998890439705759e-15 1.0061351244923372e+06 1.4456479068425280e+05 5.7080678883236224e+16 1.1580351963903139e+29
5.8628633816057044e-15 1.0042247748065322e+06 1.4271068977734962e+05 5.6011926429933784e+16 1.1616668509196972e+29
5.7289671158028247e-15 1.0022899170312023e+06 1.4086738385725318e+05 5.4955822642915192e+16 1.1650022628618970e+29
5.5981287773008504e-15 1.0003308999488330e+06 1.3903511060739341e+05 5.3912447088684712e+16 1.1680504450029726e+29
5.4702785290559493e-15 9.9834823020225612e+05 1.3721421193420715e+05 5.2881939523210360e+16 1.1708151337870170e+29
5.3453481289650542e-15 9.9634240615728137e+05 1.3540503194469033e+05 5.1864429786092192e+16 1.1732249168288659e+29
5.2232708934404756e-15 9.9431378192406567e+05 1.3360778448594059e+05 5.0859966746163848e+16 1.1754124810698432e+29
5.1039816618164203e-15 9.9226273914329347e+05 1.3182268789881410e+05 4.9868599967038592e+16 1.1771747994385935e+29
4.9874167615685985e-15 9.9018973836106982e+05 1.3005000678136520e+05 4.8890402683734696e+16 1.1787199937729366e+29
4.8735139743278304e-15 9.8809517141209694e+05 1.2828993980178855e+05 4.7925406521218024e+16 1.1799609208042650e+29
4.7622125026701672e-15 9.8597944439860003e+05 1.2654267113473358e+05 4.6973635073880616e+16 1.1808041698581548e+29
4.6534529376651431e-15 9.8384329067916609e+05 1.2480859941884367e+05 4.6035231859852272e+16 1.1814743088125252e+29
4.5471772271654456e-15 9.8168732257518300e+05 1.2308805578613935e+05 4.5110287219478720e+16 1.1814654038174566e+29
4.4433286448206034e-15 9.7951193695343949e+05 1.2138119904480057e+05 4.4198791301713768e+16 1.1818327547797687e+29
4.3418517597983386e-15 9.7731760306492343e+05 1.1968821683809880e+05 4.3300750533422400e+16 1.1815968590690075e+29
4.2426924071975897e-15 9.7510504823852738e+05 1.1800946941852482e+05 4.2416260464556848e+16 1.1809879968716752e+29
4.1457976591370770e-15 9.7287471458210796e+05 1.1634512620252503e+05 4.1545302966276184e+16 1.1801480155821101e+29
4.0511157965041552e-15 9.7062700630071387e+05 1.1469531364350389e+05 4.0687835830530904e+16 1.1790147698950750e+29
3.9585962813490184e-15 9.6836245287185465e+05 1.1306022404686101e+05 3.9843851967085712e+16 1.1776251025094429e+29
3.8681897299092095e-15 9.6608164751740929e+05 1.1144009110862049e+05 3.9013360085105888e+16 1.1759483239085075e+29
3.7798478862502085e-15 9.6378499283909739e+05 1.0983501895958993e+05 3.8196296224883528e+16 1.1740026438212809e+29
3.6935235965081540e-15 9.6147291256045469e+05 1.0824510635618157e+05 3.7392594375579416e+16 1.1718032015485065e+29
3.6091707837206704e-15 9.5914610536125570e+05 1.0667061126635921e+05 3.6602270200210968e+16 1.1693175313457697e+29
3.5267444232325131e-15 9.5680512305820594e+05 1.0511171173415372e+05 3.5825288517303780e+16 1.1665452813655606e+29
3.4462005186630304e-15 9.5445035298290639e+05 1.0356847957360763e+05 3.5061556703462336e+16 1.1634623199293347e+29
3.3674960784223519e-15 9.5208218622626271e+05 1.0204097988416089e+05 3.4310978055832164e+16 1.1603039268278472e+29
3.2905890927639030e-15 9.4970104329961969e+05 1.0052929096221528e+05 3.3573461839040980e+16 1.1568122965569451e+29
3.2154385113611301e-15 9.4730731818314607e+05 9.9033469174925878e+04 3.2848904950892100e+16 1.1531778427038130e+29
3.1420042213961282e-15 9.4490138590308442e+05 9.7553556890016043e+04 3.2137196253819820e+16 1.1491201778565188e+29
3.0702470261488918e-15 9.4248357538379414e+05 9.6089571590740641e+04 3.1438210919782272e+16 1.1449840662550063e+29
3.0001286240753394e-15 9.4005403615882469e+05 9.4641418806182308e+04 3.0751771349387760e+16 1.1405483593404354e+29
2.9316115883633456e-15 9.3761311087006214e+05 9.3209097605956267e+04 3.0077749920978284e+16 1.1359331877392265e+29
2.8646593469555428e-15 9.3516119429267722e+05 9.1792625647687673e+04 2.9416028978770636e+16 1.1310825282104203e+29
2.7992361630283719e-15 9.3269870620283880e+05 9.0392024734004954e+04 2.8766493694596996e+16 1.1260308000032388e+29
2.7353071159170559e-15 9.3022616163059976e+05 8.9007363201655535e+04 2.8129050587637652e+16 1.1207754290618618e+29
2.6728380824761013e-15 9.2774397122093150e+05 8.7638650976869394e+04 2.7503577177299288e+16 1.1153332560989048e+29
2.6117957188654957e-15 9.2525253019648883e+05 8.6285881600772031e+04 2.6889944150034780e+16 1.1096905036260430e+29
2.5521474427529691e-15 9.2275229820883670e+05 8.4949068020219114e+04 2.6288033147135648e+16 1.1038400972568676e+29
2.4938614159226217e-15 9.2024404303694307e+05 8.3628376079539754e+04 2.5697794208752608e+16 1.0978065035113111e+29
2.4369065272807395e-15 9.1772820090023952e+05 8.2323818683533376e+04 2.5119101294045004e+16 1.0916108144009289e+29
2.3812523762498158e-15 9.1520512128527346e+05 8.1035365940111253e+04 2.4551808330963520e+16 1.0853199758632329e+29
2.3268692565417277e-15 9.1267508919945243e+05 7.9762965937782894e+04 2.3995758048753344e+16 1.0787596793414235e+29
2.2737281403015041e-15 9.1013790466860600e+05 7.8506336047997524e+04 2.3450692667310208e+16 1.0721294405140063e+29
2.2218006626133126e-15 9.0759375537095650e+05 7.7265351002086827e+04 2.2916434455992544e+16 1.0652874125067646e+29
2.1710591063601611e-15 9.0504301469809189e+05 7.6039963748225826e+04 2.2392843011600356e+16 1.0583663960529973e+29
2.1214763874295099e-15 9.0248605909756315e+05 7.4830122786077947e+04 2.1879777546725228e+16 1.0512329812801513e+29
2.0730260402566669e-15 8.9992350692038971e+05 7.3635874023461292e+04 2.1377141006380020e+16 1.0440258365990006e+29
2.0256822036983470e-15 8.9735587234485114e+05 7.2457226347899297e+04 2.0884816814350288e+16 1.0366687953991294e+29
1.9794196072289361e-15 8.9478349776744109e+05 7.1294114231845146e+04 2.0402656170693964e+16 1.0291694791037371e+29
1.9342135574518784e-15 8.9220671964610741e+05 7.0146468245480151e+04 1.9930509606604180e+16 1.0215716017302967e+29
1.8900399249192402e-15 8.8962582616430603e+05 6.9014197880561900e+04 1.9468219860722004e+16 1.0138999906790162e+29
1.8468751312522100e-15 8.8704105056954850e+05 6.7897187911182307e+04 1.9015621445060292e+16 1.0061244333179833e+29
1.8046961365557400e-15 8.8445271849196916e+05 6.6795357738722378e+04 1.8572565379472008e+16 9.9819970752029411e+28
1.7634804271206827e-15 8.8186114871416776e+05 6.5708624712871038e+04 1.8138902846830732e+16 9.9023045357951538e+28
1.7232060034067163e-15 8.7926661819190101e+05 6.4636893120392539e+04 1.7714480255276466e+16 9.8213083238903030e+28
1.6838513682997199e-15 8.7666915598067630e+05 6.3579969557336903e+04 1.7299106753478012e+16 9.7399541710820712e+28
1.6453955156373893e-15 8.7406900063194183e+05 6.2537734228103516e+04 1.6892625663431834e+16 9.6572003453331579e+28
1.6078179189968424e-15 8.7146646365903516e+05 6.1510093913907083e+04 1.6494892760158332e+16 9.5742241781271737e+28
1.5710985207382948e-15 8.6886185292957525e+05 6.0496953222883800e+04 1.6105764334107900e+16 9.4902474659785838e+28
1.5352177212990160e-15 8.6625543248487706e+05 5.9498204575950906e+04 1.5725092745262200e+16 9.4062799734002169e+28
1.5001563687317299e-15 8.6364746631876961e+05 5.8513735693575916e+04 1.5352730728997980e+16 9.3210586176259727e+28
1.4658957484819409e-15 8.6103822929948207e+05 5.7543443051479895e+04 1.4988535335768522e+16 9.2355110295939415e+28
1.4324175733987857e-15 8.5842798492839932e+05 5.6587222264286334e+04 1.4632364232367752e+16 9.1497240028911130e+28
1.3997039739739272e-15 8.5581691666031873e+05 5.5644952165242830e+04 1.4284068321391500e+16 9.0636359368368989e+28
1.3677374888034679e-15 8.5320436881546106e+05 5.4716232290543361e+04 1.3943395615149502e+16 8.9771244627672585e+28
1.3365010552676013e-15 8.5059029028464202e+05 5.3800842694292798e+04 1.3610172960864528e+16 8.8895641241609372e+28
1.3059780004232072e-15 8.4797496281479136e+05 5.2898674377101939e+04 1.3284271572242182e+16 8.8014721373129734e+28
1.2761520321043861e-15 8.4535866975996143e+05 5.2009617100675983e+04 1.2965563802787278e+16 8.7137104253480909e+28
1.2470072302262402e-15 8.4274169335670676e+05 5.1133560129421938e+04 1.2653923298079106e+16 8.6255981553857735e+28
1.2185280382873081e-15 8.4012433200581628e+05 5.0270396482487580e+04 1.2349226598537806e+16 8.5379491719730528e+28
1.1906992550660171e-15 8.3750686062169354e+05 4.9420012065867013e+04 1.2051348997011088e+16 8.4496429407204020e+28
1.1635060265067758e-15 8.3488955090755539e+05 4.8582291058215444e+04 1.1760166771809416e+16 8.3607089012295015e+28
1.1369338377914151e-15 8.3227267888328910e+05 4.7757116710976261e+04 1.1475557636240492e+16 8.2723538051229140e+28
1.1109685055916584e-15 8.2965663181891141e+05 4.6944403562333195e+04 1.1197412050114970e+16 8.1835243443378432e+28
1.0855961704985305e-15 8.2704191727636789e+05 4.6144105292558386e+04 1.0925633968282808e+16 8.0954094738532655e+28
1.0608032896247057e-15 8.2442877864393895e+05 4.5356103752705509e+04 1.0660102142570818e+16 8.0062419653102273e+28
1.0365766293757621e-15 8.2181744074291328e+05 4.4580278230831573e+04 1.0400695534673222e+16 7.9179878540714466e+28
1.0129032583865274e-15 8.1920810088914656e+05 4.3816507909362706e+04 1.0147293511064320e+16 7.8298407318452656e+28
9.8977054061878349e-16 8.1660031432016194e+05 4.3064510202093399e+04 9.8997205492168720e+15 7.7412811540175713e+28
9.6716612861656596e-16 8.1399333318574831e+05 4.2323900676318983e+04 9.6577757869996980e+15 7.6532905779442561e+28
9.4507795691550233e-16 8.1138739250463073e+05 4.1594555547940799e+04 9.4213514037706800e+15 7.5653151622056554e+28
9.2349423560270548e-16 8.0878275159800448e+05 4.0876355280607924e+04 9.1903427681950260e+15 7.4777166683862318e+28
9.0240344402369017e-16 8.0617967490585009e+05 4.0169179076974280e+04 8.9646466263991780e+15 7.3899248806439566e+28
8.8179432463306952e-16 8.0357870856578660e+05 3.9472971438289627e+04 8.7441831562250180e+15 7.3030846807570311e+28
8.6165587698563285e-16 8.0098058906612580e+05 3.8787732527921573e+04 8.5288890249924360e+15 7.2159772327431579e+28
8.4197735186470735e-16 7.9838555665597366e+05 3.8113341658535312e+04 8.3186613273523050e+15 7.1295800543277525e+28
8.2274824554458266e-16 7.9579386322466005e+05 3.7449679558411830e+04 8.1133992109484090e+15 7.0435386894880379e+28
8.0395829418396960e-16 7.9320573980388534e+05 3.6796624163146858e+04 7.9130020735388430e+15 6.9579395368793741e+28
