8.0395829418396959e-13 7.6367808490452648e+05 2.5696363769674517e+05 7.5753680112191504e+16 1.4422457173199158e+27
7.8559746834753246e-13 7.6538229785191990e+05 2.5743908711296850e+05 7.6242134800447472e+16 1.4705525265664936e+27
7.6765596765250801e-13 7.6711234827471990e+05 2.5791492424523472e+05 7.6735907710217520e+16 1.4998725144312734e+27
7.5012421553758558e-13 7.6886902080277028e+05 2.5839134978528196e+05 7.7235299154463040e+16 1.5301463175638526e+27
7.3299285415128468e-13 7.7065284122541617e+05 2.5886852960487417e+05 7.7740566582577808e+16 1.5619869928684674e+27
7.1625273935704306e-13 7.7246435579117038e+05 2.5934664668186920e+05 7.8251987496649632e+16 1.5952592134685245e+27
6.9989493585237990e-13 7.7430426964826696e+05 2.5982592518143589e+05 7.8769889919488704e+16 1.6291376537025945e+27
6.8391071239955609e-13 7.7617350980164832e+05 2.6030665715456766e+05 7.9294679511332832e+16 1.6649449993770456e+27
6.6829153716511489e-13 7.7807331295642490e+05 2.6078924272820065e+05 7.9826878544890672e+16 1.7023349019783992e+27
6.5302907316589952e-13 7.8000465797339717e+05 2.6127408879392219e+05 8.0366999033578432e+16 1.7411063834204650e+27
6.3811517381904706e-13 7.8196841598842875e+05 2.6176160869087235e+05 8.0915557510105792e+16 1.7814393170751613e+27
6.2354187859361313e-13 7.8396553212472692e+05 2.6225226614802179e+05 8.1473124728143360e+16 1.8233725297006289e+27
6.0930140876152718e-13 7.8599732759080164e+05 2.6274664081973972e+05 8.2040406288055536e+16 1.8673615265502188e+27
5.9538616324556484e-13 7.8806521529244282e+05 2.6324540389669081e+05 8.2618198146396992e+16 1.9133292036802236e+27
5.8178871456214496e-13 7.9017052866487461e+05 2.6374927208428475e+05 8.3207337299893664e+16 1.9612683449885568e+27
5.6850180485680912e-13 7.9231503778139059e+05 2.6425912817793438e+05 8.3808846047199184e+16 2.0111610964959410e+27
5.5551834203020698e-13 7.9450049963602761e+05 2.6477596681534825e+05 8.4423848051235696e+16 2.0632838845399547e+27
5.4283139595259256e-13 7.9672849468318198e+05 2.6530084321075899e+05 8.5053514780595744e+16 2.1178035119637381e+27
5.3043419476474946e-13 7.9900116562268441e+05 2.6583504730681342e+05 8.5699277260512304e+16 2.1745469163685675e+27
5.1832012126339740e-13 8.0132072789431037e+05 2.6638005325227714e+05 8.6362740029444256e+16 2.2338878312611568e+27
5.0648270936916735e-13 8.0368925388244365e+05 2.6693747414966195e+05 8.7045627603492912e+16 2.2956564629314820e+27
4.9491564067522283e-13 8.0610955449248955e+05 2.6750928472992347e+05 8.7750054705688448e+16 2.3610783396975269e+27
4.8361274107470329e-13 8.0858470622408087e+05 2.6809781307603180e+05 8.8478475577385312e+16 2.4289929152340504e+27
4.7256797746521049e-13 8.1111790840504935e+05 2.6870577532260504e+05 8.9233702317483200e+16 2.4998143093974375e+27
4.6177545452852868e-13 8.1371237290690863e+05 2.6933635607267357e+05 9.0018960488306432e+16 2.5740628162274847e+27
4.5122941158391827e-13 8.1637174483458849e+05 2.6999339343804750e+05 9.0838091322798896e+16 2.6518006056959329e+27
4.4092421951325472e-13 8.1910105580198648e+05 2.7068189075146004e+05 9.1696074882501344e+16 2.7328132074674748e+27
4.3085437775639206e-13 8.2190602764569060e+05 2.7140835263192432e+05 9.2599231528432832e+16 2.8175997583620227e+27
4.2101451137516242e-13 8.2479365185892920e+05 2.7218182155744400e+05 9.3556122951679984e+16 2.9060965386531646e+27
4.1139936818441155e-13 8.2777286899816978e+05 2.7301632564540836e+05 9.4579574302199136e+16 2.9977938077548365e+27
4.0200381594855675e-13 8.3078568617881520e+05 2.7391978696828336e+05 9.5669081149354544e+16 3.0896805288344013e+27
3.9282283964218600e-13 8.3325359787425550e+05 2.7472788191458822e+05 9.6620864920785344e+16 3.1637000032393723e+27
3.8385153877319545e-13 8.3524340870566259e+05 2.7540391553948511e+05 9.7412265090094592e+16 3.2230348854945278e+27
3.7508512476708503e-13 8.3722429795489262e+05 2.7606974211436842e+05 9.8199379506844560e+16 3.2833994847252291e+27
3.6651891841097572e-13 8.3921610930233612e+05 2.7673139566652064e+05 9.8989558097305984e+16 3.3457418392877702e+27
3.5814834735600098e-13 8.4121835116606473e+05 2.7738857706727361e+05 9.9782522478419568e+16 3.4097335774296811e+27
3.4996894367675177e-13 8.4323072511673090e+05 2.7804104614711856e+05 1.0057806253810984e+17 3.4758484764597348e+27
3.4197634148644563e-13 8.4525297544627485e+05 2.7868857504641602e+05 1.0137598051672226e+17 3.5437388739113629e+27
3.3416627460656126e-13 8.4728466118228226e+05 2.7933088628037961e+05 1.0217600958753501e+17 3.6141372818342778e+27
3.2653457428970620e-13 8.4932544586884230e+05 2.7996772749465483e+05 1.0297791355939093e+17 3.6861043627666467e+27
3.1907716699447724e-13 8.5137478249231225e+05 2.8059877756056620e+05 1.0378136643853402e+17 3.7602005489184321e+27
3.1179007221113923e-13 8.5343251367417246e+05 2.8122380441571586e+05 1.0458616616841118e+17 3.8372941949724757e+27
3.0466940033697372e-13 8.5549855243152916e+05 2.8184261435906228e+05 1.0539214956614773e+17 3.9157438782516843e+27
2.9771135060013152e-13 8.5757252431578364e+05 2.8245495364049805e+05 1.0619905978654104e+17 3.9969531801434196e+27
2.9091220903091890e-13 8.5965408314801706e+05 2.8306057173519355e+05 1.0700664291894109e+17 4.0806819680129617e+27
2.8426834647940371e-13 8.6174254503051366e+05 2.8365914365787845e+05 1.0781452882093285e+17 4.1669642402306181e+27
2.7777621667829500e-13 8.6383743624145759e+05 2.8425036207219446e+05 1.0862238808758563e+17 4.2559709710697147e+27
2.7143235435007391e-13 8.6593838918927137e+05 2.8483394529655960e+05 1.0942992448733606e+17 4.3473530603293873e+27
2.6523337335734285e-13 8.6804514236224932e+05 2.8540963205260417e+05 1.1023687140792966e+17 4.4411553699537026e+27
2.5917596489541772e-13 8.7015746487801196e+05 2.8597717702757625e+05 1.1104297756694734e+17 4.5381441260091863e+27
2.5325689572620839e-13 8.7227513086174731e+05 2.8653635934971442e+05 1.1184800987900926e+17 4.6379775877245564e+27
2.4747300645241784e-13 8.7439721985564963e+05 2.8708680523289461e+05 1.1265149170466107e+17 4.7409690052694020e+27
2.4182120983117104e-13 8.7652329772422067e+05 2.8762819974983664e+05 1.1345306866264346e+17 4.8460823774651136e+27
2.3629848912614671e-13 8.7865313482981978e+05 2.8816027884070447e+05 1.1425245855052989e+17 4.9557167379446421e+27
2.3090189649734352e-13 8.8078650823085161e+05 2.8868279542672529e+05 1.1504939247644942e+17 5.0679030016294352e+27
2.2562855142762949e-13 8.8292275461566681e+05 2.8919542176523944e+05 1.1584345568149330e+17 5.1841597480363182e+27
2.2047563918521709e-13 8.8506150333886396e+05 2.8969786404362350e+05 1.1663430746785883e+17 5.3026692081476836e+27
2.1544040932125280e-13 8.8720241879482358e+05 2.9018984284972295e+05 1.1742162184741158e+17 5.4244419705882823e+27
2.1052017420172673e-13 8.8934526097780268e+05 2.9067111130396929e+05 1.1820511448650237e+17 5.5512916789980780e+27
2.0571230757290243e-13 8.9148925284121057e+05 2.9114134999293246e+05 1.1898434119140040e+17 5.6813943773272087e+27
2.0101424315950971e-13 8.9363381614850962e+05 2.9160022437718068e+05 1.1975887585854035e+17 5.8150673831132923e+27
1.9642347329496030e-13 8.9577840861848288e+05 2.9204742367475317e+05 1.2052831337519715e+17 5.9520458324806124e+27
1.9193754758283432e-13 8.9792244452245906e+05 2.9248258614042436e+05 1.2129219421806461e+17 6.0946635920509881e+27
1.8755407158894795e-13 9.0006571007820731e+05 2.9290540531750547e+05 1.2205017035410419e+17 6.2402872741775257e+27
1.8327070556328355e-13 9.0220808873746917e+05 2.9331561491518770e+05 1.2280194497748197e+17 6.3896579807779638e+27
1.7908516319110873e-13 9.0434923698535550e+05 2.9371296186641499e+05 1.2354718873434429e+17 6.5456363384564830e+27
1.7499521037262478e-13 9.0648828135379031e+05 2.9409710155657196e+05 1.2428539038346106e+17 6.7049969860105787e+27
1.7099866403047436e-13 9.0862489066948730e+05 2.9446775054144202e+05 1.2501619047088234e+17 6.8678672469649974e+27
1.6709339094449448e-13 9.1075824437265645e+05 2.9482456734696054e+05 1.2573908194557797e+17 7.0372829593260349e+27
1.6327730661307397e-13 9.1288789106017491e+05 2.9516720923081058e+05 1.2645362495550078e+17 7.2101762585879972e+27
1.5954837414051565e-13 9.1501350525446760e+05 2.9549535685764271e+05 1.2715942248447645e+17 7.3886235261071348e+27
1.5590460314981504e-13 9.1713480868918297e+05 2.9580871057634085e+05 1.2785610260661776e+17 7.5723013983516419e+27
1.5234404872026269e-13 9.1925141943297617e+05 2.9610700108795409e+05 1.2854329808573651e+17 7.7611913186857084e+27
1.4886481034931015e-13 9.2136261109237978e+05 2.9638991076717468e+05 1.2922052769470184e+17 7.9546560735997864e+27
1.4546503093815020e-13 9.2346808038591640e+05 2.9665717008547025e+05 1.2988743645697726e+17 8.1558377077743323e+27
1.4214289580045901e-13 9.2556681600377383e+05 2.9690846807220788e+05 1.3054348502415062e+17 8.3617635555326087e+27
1.3889663169377659e-13 9.2765827089160203e+05 2.9714344127978507e+05 1.3118818096910341e+17 8.5734440224763080e+27
1.3572450587301461e-13 9.2974219199087587e+05 2.9736174869827135e+05 1.3182111300774000e+17 8.7911684422208796e+27
1.3262482516557153e-13 9.3181843606020417e+05 2.9756310447683872e+05 1.3244194201813680e+17 9.0158019073953067e+27
1.2959593506757878e-13 9.3388669125557120e+05 2.9774729955727002e+05 1.3305036049981723e+17 9.2455063995663478e+27
1.2663621886078123e-13 9.3594547860589251e+05 2.9791407785158389e+05 1.3364576417032091e+17 9.4827700796561114e+27
1.2374409674958667e-13 9.3799416449490865e+05 2.9806306076463585e+05 1.3422762289358926e+17 9.7258115659775467e+27
1.2091802501782780e-13 9.4003241604643408e+05 2.9819387392195989e+05 1.3479547585553029e+17 9.9771370206812706e+27
1.1815649520477777e-13 9.4205997287899745e+05 2.9830617489861877e+05 1.3534890780621922e+17 1.0233782871268465e+28
1.1545803329998362e-13 9.4407654119224718e+05 2.9839967177369108e+05 1.3588754176310139e+17 1.0497747651773209e+28
1.1282119895649331e-13 9.4608139263992291e+05 2.9847410808780638e+05 1.3641093349764187e+17 1.0769684943135868e+28
1.1024458472204377e-13 9.4807410641506105e+05 2.9852918288851873e+05 1.3691867083956230e+17 1.1047584016001541e+28
1.0772681528781416e-13 9.5005419564792386e+05 2.9856468340676074e+05 1.3741040403034365e+17 1.1335715582566737e+28
1.0526654675433147e-13 9.5202052984558255e+05 2.9858036064949952e+05 1.3788560179453934e+17 1.1630634370343409e+28
1.0286246591414157e-13 9.5397266973552119e+05 2.9857585480023158e+05 1.3834379783446862e+17 1.1934200911512857e+28
1.0051328955086642e-13 9.5591019367581629e+05 2.9855083582784008e+05 1.3878455821589266e+17 1.2245109150943173e+28
9.8217763754265583e-14 9.5783271057693334e+05 2.9850498352505802e+05 1.3920746787410482e+17 1.2564785003536871e+28
9.5974663250940560e-14 9.5973994693032536e+05 2.9843804642283695e+05 1.3961220254036531e+17 1.2893135559617829e+28
9.3782790750328011e-14 9.6163081940229074e+05 2.9834991126872506e+05 1.3999836281061816e+17 1.3230870172714153e+28
9.1640976305625656e-14 9.6350460156780598e+05 2.9824026190347201e+05 1.4036546057583458e+17 1.3576017281755997e+28
8.9548076689313450e-14 9.6536086053990864e+05 2.9810874716368382e+05 1.4071305303224213e+17 1.3931524228553437e+28
8.7502974782940347e-14 9.6719907674222509e+05 2.9795505075829686e+05 1.4104070942933064e+17 1.4295816375314976e+28
8.5504578980841602e-14 9.6901887799832074e+05 2.9777885205589555e+05 1.4134803585245829e+17 1.4669519476526289e+28
8.3551822607479450e-14 9.7081986091381160e+05 2.9757990946757054e+05 1.4163470406654774e+17 1.5053143540278395e+28
8.1643663348086941e-14 9.7260121201020444e+05 2.9735805697453429e+05 1.4190034931589512e+17 1.5445916275902038e+28
7.9779082692314898e-14 9.7436253681892541e+05 2.9711299496245699e+05 1.4214460371846432e+17 1.5849865176954907e+28
7.7957085390588123e-14 9.7610343101985415e+05 2.9684453603679250e+05 1.4236719698778050e+17 1.6264359811140123e+28
7.6176698922872544e-14 9.7782305022097914e+05 2.9655256345299148e+05 1.4256781034288605e+17 1.6688325987124951e+28
7.4436972979579387e-14 9.7952103141068132e+05 2.9623680357464746e+05 1.4274612001265250e+17 1.7123702789116884e+28
7.2736978954321352e-14 9.8119692573060084e+05 2.9589717311468284e+05 1.4290194713315733e+17 1.7569428389307489e+28
7.1075809448253324e-14 9.8284953629846987e+05 2.9553371499656932e+05 1.4303502460526117e+17 1.8026117514955055e+28
6.9452577785735583e-14 9.8447829613150703e+05 2.9514609969523276e+05 1.4314494034194598e+17 1.8493841254501537e+28
6.7866417541055714e-14 9.8608270436677954e+05 2.9473402088625723e+05 1.4323132636450211e+17 1.8972266134912806e+28
6.6316482075959181e-14 9.8766213891616045e+05 2.9429722286573175e+05 1.4329383094635906e+17 1.9463873828313318e+28
6.4801944087744509e-14 9.8921611801937886e+05 2.9383538351205364e+05 1.4333209171009435e+17 1.9964750775093904e+28
6.3321995167676364e-14 9.9074421943789604e+05 2.9334822000654560e+05 1.4334580306819995e+17 2.0478933725087106e+28
6.1875845369483762e-14 9.9224591641592246e+05 2.9283554178890272e+05 1.4333471613672520e+17 2.1004805579754124e+28
6.0462722787715319e-14 9.9372083568973129e+05 2.9229710062459158e+05 1.4329858376179770e+17 2.1543485931115492e+28
5.9081873145721601e-14 9.9516877773364692e+05 2.9173275128135073e+05 1.4323730117359275e+17 2.2089174499180614e+28
5.7732559393047217e-14 9.9658888035985152e+05 2.9114286742770148e+05 1.4315101173133050e+17 2.2655706538644667e+28
5.6414061312020209e-14 9.9798038914164167e+05 2.9052739047133696e+05 1.4303953657056894e+17 2.3229621551306852e+28
5.5125675133322412e-14 9.9934291682204371e+05 2.8988608231656777e+05 1.4290265987425576e+17 2.3817037911060065e+28
5.3866713160343085e-14 1.0006759160099253e+06 2.8921900437520648e+05 1.4274037242103398e+17 2.4418678944918613e+28
5.2636503402109189e-14 1.0019785551499865e+06 2.8852619285404013e+05 1.4255256865590610e+17 2.5032179756012029e+28
5.1434389214598862e-14 1.0032503233029180e+06 2.8780737673721131e+05 1.4233899312868797e+17 2.5658622430249619e+28
5.0259728950248755e-14 1.0044907527474063e+06 2.8706235012502701e+05 1.4209946473302182e+17 2.6297386467936212e+28
4.9111895615462751e-14 1.0056992579758655e+06 2.8629103513592185e+05 1.4183388019736248e+17 2.6948111779122825e+28
4.7990276535945624e-14 1.0068753776154565e+06 2.8549322139966703e+05 1.4154207517922541e+17 2.7614317674305115e+28
4.6894273029677714e-14 1.0080187806223230e+06 2.8466873476134962e+05 1.4122396243154288e+17 2.8292541722636873e+28
4.5823300087358381e-14 1.0091289563683802e+06 2.8381784745166497e+05 1.4087976317556157e+17 2.8982788897808921e+28
4.4776786060149089e-14 1.0102052336930066e+06 2.8294066032040445e+05 1.4050952103169653e+17 2.9688707337597429e+28
4.3754172354546191e-14 1.0112471904276015e+06 2.8203698668407131e+05 1.4011313608612288e+17 3.0406645184675878e+28
4.2754913134222209e-14 1.0122545047036206e+06 2.8110679850435385e+05 1.3969067078721578e+17 3.1137376913246753e+28
4.1778475028678120e-14 1.0132265329849214e+06 2.8015051806601079e+05 1.3924244832281906e+17 3.1882651792579337e+28
4.0824336848547811e-14 1.0141627360688543e+06 2.7916805991434422e+05 1.3876843495243488e+17 3.2639470076873277e+28
3.9891989307404462e-14 1.0150627000949223e+06 2.7815927698649501e+05 1.3826859833294046e+17 3.3410593086638227e+28
3.8980934749921996e-14 1.0159260600545056e+06 2.7712429955217353e+05 1.3774314013355419e+17 3.4194307405445422e+28
3.8090686886242321e-14 1.0167522120043919e+06 2.7606343883186835e+05 1.3719233372982989e+17 3.4993211744944439e+28
3.7220770532411519e-14 1.0175406900110552e+06 2.7497656926946517e+05 1.3661617125760915e+17 3.5801544089446335e+28
3.6370721356742348e-14 1.0182911343450978e+06 2.7386359806886979e+05 1.3601471198282014e+17 3.6624763806378203e+28
3.5540085631969392e-14 1.0190031906097989e+06 2.7272488795724558e+05 1.3538836319001674e+17 3.7456626712009041e+28
3.4728419993065977e-14 1.0196763160774816e+06 2.7156071485839569e+05 1.3473741467163864e+17 3.8304522233476895e+28
3.3935291200589816e-14 1.0203100825120346e+06 2.7037098761425982e+05 1.3406192826719037e+17 3.9165915120115505e+28
3.3160275909435640e-14 1.0209041791553171e+06 2.6915567727715569e+05 1.3336205757909758e+17 4.0038216568199449e+28
3.2402960442867525e-14 1.0214583075567832e+06 2.6791537862042029e+05 1.3263841606989008e+17 4.0921862507298290e+28
3.1662940571711986e-14 1.0219719633779429e+06 2.6665039045831800e+05 1.3189134335682987e+17 4.1817910234053267e+28
3.0939821298595029e-14 1.0224447132138144e+06 2.6536065964515985e+05 1.3112095562053635e+17 4.2722908180896075e+28
3.0233216647105607e-14 1.0228762255321873e+06 2.6404618311548431e+05 1.3032744553623418e+17 4.3643886872511948e+28
2.9542749455774224e-14 1.0232662425810938e+06 2.6270748359290703e+05 1.2951140361670189e+17 4.4572303667132011e+28
2.8868051176757726e-14 1.0236143406827771e+06 2.6134486038800073e+05 1.2867321495999894e+17 4.5509967671136886e+28
2.8208761679120653e-14 1.0239201343767034e+06 2.5995831240101426e+05 1.2781307475500136e+17 4.6456524415562131e+28
2.7564529056609296e-14 1.0241833598888426e+06 2.5854788962385402e+05 1.2693125913058035e+17 4.7415892974647123e+28
2.6935009439816838e-14 1.0244039604033103e+06 2.5711433213138577e+05 1.2602857997444862e+17 4.8380384631235637e+28
2.6319866812637211e-14 1.0245816025378116e+06 2.5565833349678424e+05 1.2510572931393509e+17 4.9361512596146230e+28
2.5718772832910860e-14 1.0247158671068812e+06 2.5417992630178991e+05 1.2416293003292850e+17 5.0344869979447030e+28
2.5131406657167638e-14 1.0248064038869475e+06 2.5267917063637479e+05 1.2320045283114301e+17 5.1339454753687892e+28
2.4557454769370657e-14 1.0248530332074024e+06 2.5115639623174662e+05 1.2221880356535182e+17 5.2341725014483446e+28
2.3996610813572847e-14 1.0248555492041884e+06 2.4961229287026104e+05 1.2121871481056040e+17 5.3348116838609423e+28
2.3448575430394285e-14 1.0248135815067025e+06 2.4804697398096503e+05 1.2020049553705298e+17 5.4360519460070270e+28
2.2913056097234067e-14 1.0247268188397754e+06 2.4646054063968931e+05 1.1916447164696274e+17 5.5378447383400399e+28
2.2389766972132404e-14 1.0245951191728701e+06 2.4485321893147117e+05 1.1811110507638747e+17 5.6404107023767151e+28
2.1878428741197178e-14 1.0244186069710129e+06 2.4322608693445861e+05 1.1704147089296736e+17 5.7433727487901265e+28
2.1378768469516348e-14 1.0241970160524598e+06 2.4157955126596603e+05 1.1595609885119250e+17 5.8465412223836779e+28
2.0890519455474319e-14 1.0239300418685856e+06 2.3991375264760607e+05 1.1485534444398213e+17 5.9502643567238075e+28
2.0413421088395478e-14 1.0236174723390577e+06 2.3822886536460972e+05 1.1373961717425414e+17 6.0540779972464875e+28
1.9947218709439593e-14 1.0232594519848848e+06 2.3652557051092340e+05 1.1260973814400024e+17 6.1579514524467975e+28
1.9491663475673367e-14 1.0228561339880410e+06 2.3480503926944302e+05 1.1146681409107341e+17 6.2625932186985759e+28
1.9046512227246311e-14 1.0224072090017482e+06 2.3306748091561810e+05 1.1031123229626309e+17 6.3664999023008224e+28
1.8611527357600804e-14 1.0219124043652584e+06 2.3131308495730427e+05 1.0914338301354418e+17 6.4708067074286899e+28
1.8186476686645556e-14 1.0213715443353831e+06 2.2954207533619404e+05 1.0796370814115462e+17 6.5748678336221578e+28
1.7771133336825583e-14 1.0207848459554489e+06 2.2775531769063976e+05 1.0677312966050720e+17 6.6787868564409022e+28
1.7365275612023216e-14 1.0201522824698314e+06 2.2595349290324797e+05 1.0557238239534426e+17 6.7812883046939758e+28
1.6968686879223694e-14 1.0194736138228364e+06 2.2413682290993066e+05 1.0436187507395250e+17 6.8851064165990355e+28
1.6581155452884349e-14 1.0187486642389692e+06 2.2230554833616989e+05 1.0314204770455718e+17 6.9879532003052592e+28
1.6202474481943860e-14 1.0179774211195626e+06 2.2045998938830214e+05 1.0191343096378826e+17 7.0900111202236159e+28
1.5832441839412017e-14 1.0171605495049153e+06 2.1860153797456998e+05 1.0067732128443368e+17 7.1918528800510034e+28
1.5470860014481690e-14 1.0162981272552961e+06 2.1673095414436288e+05 9.9434484699128144e+16 7.2928077217128817e+28
1.5117536007103770e-14 1.0153899460935458e+06 2.1484849786551954e+05 9.8185331989939216e+16 7.3927793487952419e+28
1.4772281224970779e-14 1.0144358477559908e+06 2.1295444085687472e+05 9.6930294172082624e+16 7.4919521239851220e+28
1.4434911382852522e-14 1.0134357837470706e+06 2.1104909719469509e+05 9.5669853882045376e+16 7.5900881223079559e+28
1.4105246404230745e-14 1.0123902787075827e+06 2.0913354101380374e+05 9.4405033740115200e+16 7.6875179061489427e+28
1.3783110325180794e-14 1.0112994561454637e+06 2.0720846983432598e+05 9.3136535502717568e+16 7.7835233490772365e+28
1.3468331200447878e-14 1.0101631748422607e+06 2.0527417240029515e+05 9.1864774401605648e+16 7.8780936442447347e+28
1.3160741011668400e-14 1.0089813441984270e+06 2.0333094692541941e+05 9.0590182323814848e+16 7.9717340497778149e+28
1.2860175577687812e-14 1.0077539698582849e+06 2.0137911374142618e+05 8.9313225182957200e+16 8.0630361316005025e+28
1.2566474466926146e-14 1.0064817435499191e+06 1.9941973126448301e+05 8.8034898316978304e+16 8.1539393585600420e+28
1.2279480911744954e-14 1.0051652709497719e+06 1.9745397447153521e+05 8.6756204360738656e+16 8.2425856095445042e+28
1.1999041724770400e-14 1.0038044567608503e+06 1.9548215465955395e+05 8.5477533691471664e+16 8.3298259411352264e+28
1.1725007217126900e-14 1.0023992380929186e+06 1.9350458432568909e+05 8.4199282605412528e+16 8.4149848349307585e+28
1.1457231118538169e-14 1.0009496095438023e+06 1.9152158493318455e+05 8.2921862529961312e+16 8.4978706711915690e+28
1.1195570499253468e-14 9.9945583174937486e+05 1.8953366861964489e+05 8.1645832859704800e+16 8.5798624090722865e+28
1.0939885693756198e-14 9.9791877962737496e+05 1.8754207714660870e+05 8.0372219073968688e+16 8.6595483912472389e+28
1.0690040226215535e-14 9.9633855843420338e+05 1.8554726659049132e+05 7.9101480032143968e+16 8.7369480973107608e+28
1.0445900737640148e-14 9.9471531487253541e+05 1.8354967452339671e+05 7.7834068012565856e+16 8.8124369552894592e+28
1.0207336914695582e-14 9.9304935125223710e+05 1.8154990182348990e+05 7.6570533842226848e+16 8.8845677550863843e+28
9.9742214201477500e-15 9.9134076029754546e+05 1.7954829213652317e+05 7.5311256248576448e+16 8.9552970807883614e+28
9.7464298248943204e-15 9.8959015393035742e+05 1.7754562311146586e+05 7.4056910413510592e+16 9.0229927053752127e+28
9.5238405415489943e-15 9.8779824146077794e+05 1.7554285637536610e+05 7.2808249465940016e+16 9.0885816518339937e+28
9.3063347595421789e-15 9.8596511593295843e+05 1.7354032400873926e+05 7.1565603222540120e+16 9.1516811451579851e+28
9.0937963817038467e-15 9.8409129914532765e+05 1.7153871194869472e+05 7.0329534330708136e+16 9.2119899257824475e+28
8.8861119622950472e-15 9.8217724837725912e+05 1.6953869501954550e+05 6.9100568493402888e+16 9.2696427771613488e+28
8.6831706464543330e-15 9.8022306490655791e+05 1.6754058925323634e+05 6.7878994962654352e+16 9.3245801503879899e+28
8.4848641110271021e-15 9.7822914049498574e+05 1.6554493170287285e+05 6.6665245377053192e+16 9.3764786776434961e+28
8.2910865067466053e-15 9.7619581244576571e+05 1.6355221934964869e+05 6.5459710545370272e+16 9.4261189134589160e+28
8.1017344017351153e-15 9.7412326170645433e+05 1.6156276326928320e+05 6.4262665678086160e+16 9.4724374014990296e+28
7.9167067262954120e-15 9.7201237486889283e+05 1.5957741860687031e+05 6.3074729115820192e+16 9.5157316132136523e+28
7.7359047189634282e-15 9.6986387347055762e+05 1.5759697018080487e+05 6.1896433742059560e+16 9.5561251184401914e+28
7.5592318737926421e-15 9.6767791767457954e+05 1.5562171107048518e+05 6.0727997620339448e+16 9.5927082251564460e+28
7.3865938888424051e-15 9.6545492072153557e+05 1.5365210179572445e+05 5.9569742872524544e+16 9.6275957382190076e+28
7.2178986158429975e-15 9.6319533182727802e+05 1.5168863497760289e+05 5.8421997563160152e+16 9.6584404634899829e+28
7.0530560110097832e-15 9.6089937873800262e+05 1.4973159112734796e+05 5.7284959229833072e+16 9.6866979505455173e+28
6.8919780869811397e-15 9.5856785372372449e+05 1.4778161762084224e+05 5.6159053330934032e+16 9.7117680190298699e+28
6.7345788658535760e-15 9.5620195443622780e+05 1.4583972307018787e+05 5.5044884489813240e+16 9.7332962530378024e+28
6.5807743332898606e-15 9.5380190447161242e+05 1.4390618646498767e+05 5.3942600120274720e+16 9.7525124338571764e+28
6.4304823936749431e-15 9.5136800636921101e+05 1.4198131299835388e+05 5.2852364004101064e+16 9.7666706350524847e+28
6.2836228262960381e-15 9.4890079484539200e+05 1.4006556684604130e+05 5.1774425561715128e+16 9.7791885922082972e+28
6.1401172425237023e-15 9.4640053922321193e+05 1.3815920980096611e+05 5.0708908388451648e+16 9.7879413773693467e+28
5.9998890439705759e-15 9.4386758298378985e+05 1.3626251379145202e+05 4.9655945558061536e+16 9.7937936152473899e+28
5.8628633816057044e-15 9.4130301124006172e+05 1.3437624290664549e+05 4.8615944532648584e+16 9.7959356577780944e+28
5.7289671158028247e-15 9.3870732341005013e+05 1.3250078549951437e+05 4.7589072577924928e+16 9.7947394167147744e+28
5.5981287773008504e-15 9.3608078892159858e+05 1.3063634949439294e+05 4.6575392552850312e+16 9.7907722743189028e+28
5.4702785290559493e-15 9.3342409873825288e+05 1.2878338532248525e+05 4.5575103759122832e+16 9.7840079854309290e+28
5.3453481289650542e-15 9.3073794643755106e+05 1.2694236138566911e+05 4.4588397009253096e+16 9.7737630048061848e+28
5.2232708934404756e-15 9.2802260360337968e+05 1.2511345990786307e+05 4.3615297866269000e+16 9.7600061267632587e+28
5.1039816618164203e-15 9.2527847023143433e+05 1.2329691610437956e+05 4.2655862487362384e+16 9.7432635265894701e+28
4.9874167615685985e-15 9.2250631011441245e+05 1.2149318102447846e+05 4.1710257031958472e+16 9.7241968500655681e+28
4.8735139743278304e-15 9.1970647035866277e+05 1.1970244723560184e+05 4.0778497877112736e+16 9.7004458554654975e+28
4.7622125026701672e-15 9.1687927775091107e+05 1.1792486619725687e+05 3.9860581315411064e+16 9.6754019142167873e+28
4.6534529376651431e-15 9.1402569612934522e+05 1.1616093366137038e+05 3.8956686152411128e+16 9.6467471082863309e+28
4.5471772271654456e-15 9.1114648923241557e+05 1.1441104551951814e+05 3.8066918721668024e+16 9.6156004357476283e+28
4.4433286448206034e-15 9.0824197817033075e+05 1.1267532464572406e+05 3.7191237788677552e+16 9.5800118179393337e+28
4.3418517597983386e-15 9.0531267472203763e+05 1.1095397079613408e+05 3.6329645726800480e+16 9.5424799637431596e+28
4.2426924071975897e-15 9.0235984058452083e+05 1.0924758723045587e+05 3.5482342731844140e+16 9.5024177904708669e+28
4.1457976591370770e-15 8.9938393764943595e+05 1.0755635259812855e+05 3.4649294931572984e+16 9.4600489984710613e+28
4.0511157965041552e-15 8.9638529868036520e+05 1.0588035556206823e+05 3.3830422977837140e+16 9.4141317936217927e+28
3.9585962813490184e-15 8.9336459016243427e+05 1.0421983522822909e+05 3.3025724825272460e+16 9.3655289912689536e+28
3.8681897299092095e-15 8.9032265283899452e+05 1.0257512673332397e+05 3.2235235332271780e+16 9.3150796016259916e+28
3.7798478862502085e-15 8.8725982239489316e+05 1.0094629683553556e+05 3.1458851273934936e+16 9.2613985382886337e+28
3.6935235965081540e-15 8.8417645946634607e+05 9.9333405087571402e+04 3.0696468231558292e+16 9.2059435102648391e+28
3.6091707837206704e-15 8.8107349216363695e+05 9.7736773317672603e+04 2.9948108552360376e+16 9.1484084557408455e+28
3.5267444232325131e-15 8.7795158010288177e+05 9.6156599543277742e+04 2.9213723178014980e+16 9.0873651278635772e+28
3.4462005186630304e-15 8.7481105915593333e+05 9.4592913332403346e+04 2.8493180945781192e+16 9.0244248275461264e+28
3.3674960784223519e-15 8.7165234641973360e+05 9.3045763819417552e+04 2.7786362881004632e+16 8.9574365135449272e+28
3.2905890927639030e-15 8.6847650484666950e+05 9.1515489165753912e+04 2.7093282571057796e+16 8.8930700902242717e+28
3.2154385113611301e-15 8.6528406376463338e+05 9.0002189764703828e+04 2.6413832344703536e+16 8.8241891472118752e+28
3.1420042213961282e-15 8.6207534501904424e+05 8.8505863652613654e+04 2.5747856886136224e+16 8.7543503748309740e+28
3.0702470261488918e-15 8.5885068503773736e+05 8.7026506299820117e+04 2.5095201187548872e+16 8.6814575162992273e+28
3.0001286240753394e-15 8.5561047856771073e+05 8.5564131955481047e+04 2.4455719569561892e+16 8.6069699924823019e+28
2.9316115883633456e-15 8.5235506332968164e+05 8.4118722785771315e+04 2.3829252707395276e+16 8.5308853556987163e+28
2.8646593469555428e-15 8.4908476905459980e+05 8.2690247756619981e+04 2.3215637517240384e+16 8.4527966145186928e+28
2.7992361630283719e-15 8.4580005000228109e+05 8.1278711762313003e+04 2.2614730110306500e+16 8.3737196278811969e+28
2.7353071159170559e-15 8.4250190855752910e+05 7.9884338354430991e+04 2.2026479521808936e+16 8.2924897178846492e+28
2.6728380824761013e-15 8.3919078047736140e+05 7.8507122395170620e+04 2.1450730141674816e+16 8.2104524401817733e+28
2.6117957188654957e-15 8.3586699590782064e+05 7.7147006051768578e+04 2.0887305856565404e+16 8.1267769324947082e+28
2.5521474427529691e-15 8.3253102375750593e+05 7.5803969937669797e+04 2.0336050755782388e+16 8.0420954904082007e+28
2.4938614159226217e-15 8.2918408500944939e+05 7.4478279341669797e+04 1.9796925839982300e+16 7.9557306259425588e+28
2.4369065272807395e-15 8.2582667077035888e+05 7.3169926608312933e+04 1.9269770792198936e+16 7.8686351418621951e+28
2.3812523762498158e-15 8.2245908751642040e+05 7.1878829988088735e+04 1.8754395820209900e+16 7.7808013102179855e+28
2.3268692565417277e-15 8.1908162843734177e+05 7.0604899951707237e+04 1.8250610007114288e+16 7.6913490020812583e+28
2.2737281403015041e-15 8.1569448313943984e+05 6.9348005902435514e+04 1.7758208536384684e+16 7.6015963625440526e+28
2.2218006626133126e-15 8.1229791767588269e+05 6.8108037666927354e+04 1.7276998624532398e+16 7.5104054359387151e+28
2.1710591063601611e-15 8.0889223092621309e+05 6.6884892306982307e+04 1.6806793303381784e+16 7.4191013369359687e+28
2.1214763874295099e-15 8.0547774004407087e+05 6.5678463607171696e+04 1.6347408009459172e+16 7.3267928097920805e+28
2.0730260402566669e-15 8.0205538944647345e+05 6.4488846367698476e+04 1.5898738603740190e+16 7.2339840892842442e+28
2.0256822036983470e-15 7.9862590106999490e+05 6.3316066988543760e+04 1.5460649388848862e+16 7.1401099959052865e+28
1.9794196072289361e-15 7.9518956234081381e+05 6.2160004173268208e+04 1.5032948688014958e+16 7.0466415766365229e+28
1.9342135574518784e-15 7.9174666349359788e+05 6.1020532551815064e+04 1.4615446420641666e+16 6.9523756599053774e+28
1.8900399249192402e-15 7.8829771309821354e+05 5.9897588530774854e+04 1.4207978884462858e+16 6.8573600774914518e+28
1.8468751312522100e-15 7.8484344339907658e+05 5.8791180014931662e+04 1.3810407997206364e+16 6.7625183485113018e+28
1.8046961365557400e-15 7.8138413744356786e+05 5.7701175383779235e+04 1.3422544400949872e+16 6.6674723174185477e+28
1.7634804271206827e-15 7.7792005847332242e+05 5.6627435306461113e+04 1.3044198652183646e+16 6.5720633689078818e+28
1.7232060034067163e-15 7.7445145220082393e+05 5.5569813864554933e+04 1.2675181618221014e+16 6.4764487302623582e+28
1.6838513682997199e-15 7.7097842242011905e+05 5.4528123744551674e+04 1.2315292626385598e+16 6.3810153679319799e+28
1.6453955156373893e-15 7.6750118343750853e+05 5.3502205603908777e+04 1.1964345028582612e+16 6.2853157628040896e+28
1.6078179189968424e-15 7.6401998575784802e+05 5.2491908250155961e+04 1.1622158287356104e+16 6.1901123922146341e+28
1.5710985207382948e-15 7.6053508551461587e+05 5.1497077420566660e+04 1.1288554395690718e+16 6.0948646577291306e+28
1.5352177212990160e-15 7.5704729532600171e+05 5.0517701035225502e+04 1.0963407555015240e+16 5.9999505245293413e+28
1.5001563687317299e-15 7.5355772123512207e+05 4.9553853255092967e+04 1.0646617455224122e+16 5.9052754467310431e+28
1.4658957484819409e-15 7.5006660321250302e+05 4.8605376611747313e+04 1.0338004920300862e+16 5.8103560138641043e+28
1.4324175733987857e-15 7.4657416319460154e+05 4.7672109702794565e+04 1.0037392082131826e+16 5.7163096624795993e+28
1.3997039739739272e-15 7.4308056367546704e+05 4.6753880813174161e+04 9.7445997195829140e+15 5.6223831980152114e+28
1.3677374888034679e-15 7.3958526983846433e+05 4.5850345163618294e+04 9.4593962893898860e+15 5.5286682286401247e+28
1.3365010552676013e-15 7.3608821066466707e+05 4.4961268670766309e+04 9.1815936331471040e+15 5.4352901020940554e+28
1.3059780004232072e-15 7.3258957443190960e+05 4.4086483705343657e+04 8.9110283004397140e+15 5.3428472467043663e+28
1.2761520321043861e-15 7.2908955519206915e+05 4.3225822573758145e+04 8.6475398942946720e+15 5.2508242730948257e+28
1.2470072302262402e-15 7.2558840559885930e+05 4.2379129357663420e+04 8.3909747696081690e+15 5.1590273112372895e+28
1.2185280382873081e-15 7.2208656278557191e+05 4.1546291863248021e+04 8.1411947639192170e+15 5.0679419027508733e+28
1.1906992550660171e-15 7.1858423834755714e+05 4.0727145433787948e+04 7.8980475124355280e+15 4.9770593422834624e+28
1.1635060265067758e-15 7.1508161463465181e+05 3.9921517219564907e+04 7.6613811553443950e+15 4.8876216685747274e+28
1.1369338377914151e-15 7.1157887540361844e+05 3.9129232093725099e+04 7.4310465083309830e+15 4.7984545713403036e+28
1.1109685055916584e-15 7.0807686951764615e+05 3.8350249657259694e+04 7.2069379578243560e+15 4.7096277663214600e+28
1.0855961704985305e-15 7.0457717639665084e+05 3.7584692813246002e+04 6.9889945130652690e+15 4.6218654296737301e+28
1.0608032896247057e-15 7.0108001413683244e+05 3.6832395758572922e+04 6.7770693924857650e+15 4.5351837670106206e+28
1.0365766293757621e-15 6.9758554413713724e+05 3.6093182644819375e+04 6.5710154126520930e+15 4.4489027016104934e+28
1.0129032583865274e-15 6.9409391293080989e+05 3.5366878340653457e+04 6.3706878530011790e+15 4.3634537658714229e+28
9.8977054061878349e-16 6.9060478314618045e+05 3.4653217276881391e+04 6.1759189656623860e+15 4.2791844861181157e+28
9.6716612861656596e-16 6.8711751312723372e+05 3.3951872401549197e+04 5.9865298159913060e+15 4.1955401815005536e+28
9.4507795691550233e-16 6.8363222746191593e+05 3.3262667854177751e+04 5.8023879053587330e+15 4.1128223405181487e+28
9.2349423560270548e-16 6.8014905250824394e+05 3.2585429187351328e+04 5.6233637052213150e+15 4.0308965504444093e+28
9.0240344402369017e-16 6.7666811634664983e+05 3.1919981705211227e+04 5.4493304170100560e+15 3.9501768814710369e+28
8.8179432463306952e-16 6.7318992931772629e+05 3.1266217782857933e+04 5.2801818807113830e+15 3.8700957701482482e+28
8.6165587698563285e-16 6.6971530697286210e+05 3.0624088932782197e+04 5.1158275114957500e+15 3.7907335613946784e+28
8.4197735186470735e-16 6.6624439237789088e+05 2.9993425184304971e+04 4.9561459308642080e+15 3.7128937962897210e+28
8.2274824554458266e-16 6.6277745387397567e+05 2.9374079385156034e+04 4.8010238952077770e+15 3.6357387301138020e+28
8.0395829418396960e-16 6.5931466850029712e+05 2.8765890501091526e+04 4.6503464685700430e+15 3.5593373337286987e+28
