8.0395829418396959e-13 8.0535805019204551e+05 2.7639686794628954e+05 9.3229979290871696e+16 1.7255799057210800e+27
7.8559746834753246e-13 8.0695947968514648e+05 2.7694747805042862e+05 9.3837141928184128e+16 1.7528057319140249e+27
7.6765596765250801e-13 8.0858035966288962e+05 2.7749822673501738e+05 9.4449450356786496e+16 1.7808468726185609e+27
7.5012421553758558e-13 8.1022098939649318e+05 2.7804914002796152e+05 9.5067022380531840e+16 1.8099834334325706e+27
7.3299285415128468e-13 8.1188140503724688e+05 2.7860018092251255e+05 9.5689899198079584e+16 1.8400331087960934e+27
7.1625273935704306e-13 8.1356163160581340e+05 2.7915130749455502e+05 9.6318118103171792e+16 1.8712339275525504e+27
6.9989493585237990e-13 8.1526181147904787e+05 2.7970250356636639e+05 9.6951751279917344e+16 1.9035450588698208e+27
6.8391071239955609e-13 8.1698225529489631e+05 2.8025380075554643e+05 9.7590930609923472e+16 1.9368166768324945e+27
6.6829153716511489e-13 8.1872352151096915e+05 2.8080532191391574e+05 9.8235893619082624e+16 1.9714838187986905e+27
6.5302907316589952e-13 8.2048589151689678e+05 2.8135715081024368e+05 9.8886819468618880e+16 2.0073552877452149e+27
6.3811517381904706e-13 8.2226951251255930e+05 2.8190934000878828e+05 9.9543850227953984e+16 2.0444171706552977e+27
6.2354187859361313e-13 8.2407455076756631e+05 2.8246195182714891e+05 1.0020714115275786e+17 2.0828162196727620e+27
6.0930140876152718e-13 8.2590147153855301e+05 2.8301513708254567e+05 1.0087695896015474e+17 2.1226084469592817e+27
5.9538616324556484e-13 8.2775076482011320e+05 2.8356908339572162e+05 1.0155360944890910e+17 2.1636874314070332e+27
5.8178871456214496e-13 8.2962279726106487e+05 2.8412396625540324e+05 1.0223737987856624e+17 2.2064048924058749e+27
5.6850180485680912e-13 8.3151826112110971e+05 2.8468007169805665e+05 1.0292869490053821e+17 2.2505990070220725e+27
5.5551834203020698e-13 8.3343777895033988e+05 2.8523772355267132e+05 1.0362801076340582e+17 2.2963859765042918e+27
5.4283139595259256e-13 8.3538174552158848e+05 2.8579721661659516e+05 1.0433574026756075e+17 2.3438404502023858e+27
5.3043419476474946e-13 8.3735097788817296e+05 2.8635899381640001e+05 1.0505248122899125e+17 2.3930166896896751e+27
5.1832012126339740e-13 8.3934626993893250e+05 2.8692356591589883e+05 1.0577889745833240e+17 2.4440108184935052e+27
5.0648270936916735e-13 8.4136821087378496e+05 2.8749145157177554e+05 1.0651564607741899e+17 2.4968021427560787e+27
4.9491564067522283e-13 8.4341792693748989e+05 2.8806337261182274e+05 1.0726363778122214e+17 2.5515926157106560e+27
4.8361274107470329e-13 8.4549665659497655e+05 2.8864020708466222e+05 1.0802394870533742e+17 2.6083975159786961e+27
4.7256797746521049e-13 8.4760563205557119e+05 2.8922298323010548e+05 1.0879780286712126e+17 2.6672085005998399e+27
4.6177545452852868e-13 8.4974596425603889e+05 2.8981289196127490e+05 1.0958657070442648e+17 2.7283380767509414e+27
4.5122941158391827e-13 8.5191898413039313e+05 2.9041137846262625e+05 1.1039189581648762e+17 2.7915650818575352e+27
4.4092421951325472e-13 8.5412697878056380e+05 2.9102047000171954e+05 1.1121608492219947e+17 2.8572209528960788e+27
4.3085437775639206e-13 8.5637257588089979e+05 2.9164285055553896e+05 1.1206210530013459e+17 2.9250741590549746e+27
4.2101451137516242e-13 8.5865908905190276e+05 2.9228233002036699e+05 1.1293405656493317e+17 2.9954492367584000e+27
4.1139936818441155e-13 8.6099071524057246e+05 2.9294488757562399e+05 1.1383813680469376e+17 3.0681697919543447e+27
4.0200381594855675e-13 8.6334572485550516e+05 2.9363535511780583e+05 1.1477596627757741e+17 3.1420210695320848e+27
3.9282283964218600e-13 8.6549360739726247e+05 2.9429451749168453e+05 1.1566265239764170e+17 3.2091480235232073e+27
3.8385153877319545e-13 8.6744917423639121e+05 2.9490313168116129e+05 1.1648213216487718e+17 3.2709836248383451e+27
3.7508512476708503e-13 8.6940570189472893e+05 2.9550410317292548e+05 1.1729953092825477e+17 3.3342393870282744e+27
3.6651891841097572e-13 8.7137144573377748e+05 2.9609959357694566e+05 1.1811794721273086e+17 3.3994559582713066e+27
3.5814834735600098e-13 8.7334590859564568e+05 2.9668930274385680e+05 1.1893704780989613e+17 3.4666544837189121e+27
3.4996894367675177e-13 8.7532883060900669e+05 2.9727299226826639e+05 1.1975658553595034e+17 3.5359465151159749e+27
3.4197634148644563e-13 8.7731998532175249e+05 2.9785043632387428e+05 1.2057632677174734e+17 3.6069283457987599e+27
3.3416627460656126e-13 8.7931895881467359e+05 2.9842136116237921e+05 1.2139596314059133e+17 3.6806397330189614e+27
3.2653457428970620e-13 8.8132543253326544e+05 2.9898552053838276e+05 1.2221522204984493e+17 3.7561948966816035e+27
3.1907716699447724e-13 8.8333885562473664e+05 2.9954258726866264e+05 1.2303371791029635e+17 3.8340841783484037e+27
3.1179007221113923e-13 8.8535912370881729e+05 3.0009232508345065e+05 1.2385121283395704e+17 3.9142632542787145e+27
3.0466940033697372e-13 8.8738623183751234e+05 3.0063454261844186e+05 1.2466752454488430e+17 3.9969969675095426e+27
2.9771135060013152e-13 8.8941984539341903e+05 3.0116899927716784e+05 1.2548237162637922e+17 4.0821264626690356e+27
2.9091220903091890e-13 8.9145965421795589e+05 3.0169545674902439e+05 1.2629547592768165e+17 4.1697713670205930e+27
2.8426834647940371e-13 8.9350497352999053e+05 3.0221360986639763e+05 1.2710643349624734e+17 4.2601350357735123e+27
2.7777621667829500e-13 8.9555532509984798e+05 3.0272314895018266e+05 1.2791486472889830e+17 4.3530298874747405e+27
2.7143235435007391e-13 8.9761039425050269e+05 3.0322379766046850e+05 1.2872044394206418e+17 4.4488642104873338e+27
2.6523337335734285e-13 8.9966995059688913e+05 3.0371528958243784e+05 1.2952286610795184e+17 4.5474998365457282e+27
2.5917596489541772e-13 9.0173385169813340e+05 3.0419738912524417e+05 1.3032186770356443e+17 4.6490133931836259e+27
2.5325689572620839e-13 9.0380192370053846e+05 3.0466988847308361e+05 1.3111720437050205e+17 4.7537088641583357e+27
2.4747300645241784e-13 9.0587322976898612e+05 3.0513244734637276e+05 1.3190837378848008e+17 4.8614519992007523e+27
2.4182120983117104e-13 9.0794733599827450e+05 3.0558474485847761e+05 1.3269497322474139e+17 4.9724885318641172e+27
2.3629848912614671e-13 9.1002409825129621e+05 3.0602651693802886e+05 1.3347670137417181e+17 5.0866484920506807e+27
2.3090189649734352e-13 9.1210334973015450e+05 3.0645752615536208e+05 1.3425327648073614e+17 5.2045778552582780e+27
2.2562855142762949e-13 9.1418445400799904e+05 3.0687746805344155e+05 1.3502426789250725e+17 5.3257130136777829e+27
2.2047563918521709e-13 9.1626706296366313e+05 3.0728605056542973e+05 1.3578930474270579e+17 5.4505059078532917e+27
2.1544040932125280e-13 9.1835092503435258e+05 3.0768300632123090e+05 1.3654805517907998e+17 5.5792153964630860e+27
2.1052017420172673e-13 9.2043585814105684e+05 3.0806810095995700e+05 1.3730023024631400e+17 5.7116289374637090e+27
2.0571230757290243e-13 9.2252110826236929e+05 3.0844105947111867e+05 1.3804539371858101e+17 5.8478889494297818e+27
2.0101424315950971e-13 9.2460610478834331e+05 3.0880156011190923e+05 1.3878309556636243e+17 5.9882222151055589e+27
1.9642347329496030e-13 9.2669033469615248e+05 3.0914930651820969e+05 1.3951291704672371e+17 6.1324797359826303e+27
1.9193754758283432e-13 9.2877323586819926e+05 3.0948394538751332e+05 1.4023437330963782e+17 6.2814477867904803e+27
1.8755407158894795e-13 9.3085464193491114e+05 3.0980515033302549e+05 1.4094707919754450e+17 6.4343469142485631e+27
1.8327070556328355e-13 9.3293457320568117e+05 3.1011266009715723e+05 1.4165074828429000e+17 6.5920631820007693e+27
1.7908516319110873e-13 9.3501273014027870e+05 3.1040624667355325e+05 1.4234506396755586e+17 6.7545647838198028e+27
1.7499521037262478e-13 9.3708827827201085e+05 3.1068561404043593e+05 1.4302953567878288e+17 6.9216743949869087e+27
1.7099866403047436e-13 9.3916090359280747e+05 3.1095048392262554e+05 1.4370379198623358e+17 7.0934314186512919e+27
1.6709339094449448e-13 9.4122984062876739e+05 3.1120056156897225e+05 1.4436735184973251e+17 7.2706266940083011e+27
1.6327730661307397e-13 9.4329464460812055e+05 3.1143550376810727e+05 1.4501975112562682e+17 7.4530038281666920e+27
1.5954837414051565e-13 9.4535508140185801e+05 3.1165498854461004e+05 1.4566058893528845e+17 7.6404262713492333e+27
1.5590460314981504e-13 9.4741096231312887e+05 3.1185872779097938e+05 1.4628950702054554e+17 7.8335970229112359e+27
1.5234404872026269e-13 9.4946194949202542e+05 3.1204647110615030e+05 1.4690615277557107e+17 8.0321809463659025e+27
1.4886481034931015e-13 9.5150739931202296e+05 3.1221795169676340e+05 1.4751009208766134e+17 8.2366211118759910e+27
1.4546503093815020e-13 9.5354704569423757e+05 3.1237292128387006e+05 1.4810098906654128e+17 8.4473073054154371e+27
1.4214289580045901e-13 9.5557992049821781e+05 3.1251113315170072e+05 1.4867835642125539e+17 8.6636731766085291e+27
1.3889663169377659e-13 9.5760548225891986e+05 3.1263223805050540e+05 1.4924169892267587e+17 8.8861900971986353e+27
1.3572450587301461e-13 9.5962355424314435e+05 3.1273587453094986e+05 1.4979059082285498e+17 9.1154972780173469e+27
1.3262482516557153e-13 9.6163414732043142e+05 3.1282175929988379e+05 1.5032472611110486e+17 9.3504912938359629e+27
1.2959593506757878e-13 9.6363701904306212e+05 3.1288974052307516e+05 1.5084387094524467e+17 9.5936997140442499e+27
1.2663621886078123e-13 9.6563068508173700e+05 3.1293968498835334e+05 1.5134752737062803e+17 9.8430635384307206e+27
1.2374409674958667e-13 9.6761449543210433e+05 3.1297122888323036e+05 1.5183516174204470e+17 1.0099437527391073e+28
1.2091802501782780e-13 9.6958818472009280e+05 3.1298397034680645e+05 1.5230629402321066e+17 1.0362899163219110e+28
1.1815649520477777e-13 9.7155163439126476e+05 3.1297756065898435e+05 1.5276053206570515e+17 1.0634295378192802e+28
1.1545803329998362e-13 9.7350458626888832e+05 3.1295172797501163e+05 1.5319752898229411e+17 1.0913035353481307e+28
1.1282119895649331e-13 9.7544642504594149e+05 3.1290626740126347e+05 1.5361691916586467e+17 1.1199453923361781e+28
1.1024458472204377e-13 9.7737678945998405e+05 3.1284091247947735e+05 1.5401834068729725e+17 1.1494176205284548e+28
1.0772681528781416e-13 9.7929524602078123e+05 3.1275550260640692e+05 1.5440151765579744e+17 1.1796773711530421e+28
1.0526654675433147e-13 9.8120072328346013e+05 3.1264987780162966e+05 1.5476602092330400e+17 1.2107752190948557e+28
1.0286246591414157e-13 9.8309278517380508e+05 3.1252369184309599e+05 1.5511139842671453e+17 1.2426940170255331e+28
1.0051328955086642e-13 9.8497110681567225e+05 3.1237660200973711e+05 1.5543723243060109e+17 1.2755713839230756e+28
9.8217763754265583e-14 9.8683542815268901e+05 3.1220830486301321e+05 1.5574316305394253e+17 1.3092826815489893e+28
9.5974663250940560e-14 9.8868552055957238e+05 3.1201858816671971e+05 1.5602893023753549e+17 1.3438642905990342e+28
9.3782790750328011e-14 9.9052038108184002e+05 3.1180744785938814e+05 1.5629427810290320e+17 1.3795524602650048e+28
9.1640976305625656e-14 9.9233929998072411e+05 3.1157461301565351e+05 1.5653877294340166e+17 1.4160727116329145e+28
8.9548076689313450e-14 9.9414186727421463e+05 3.1131974013104971e+05 1.5676199175108032e+17 1.4535608942882570e+28
8.7502974782940347e-14 9.9592772008661448e+05 3.1104249967354495e+05 1.5696354203325338e+17 1.4920738326310084e+28
8.5504578980841602e-14 9.9769654043670488e+05 3.1074259480930888e+05 1.5714307934430125e+17 1.5315845695792752e+28
8.3551822607479450e-14 9.9944798978021042e+05 3.1041982525166805e+05 1.5730035064079098e+17 1.5721219962123671e+28
8.1643663348086941e-14 1.0011813872298542e+06 3.1007408093519160e+05 1.5743510129953507e+17 1.6137033962035320e+28
7.9779082692314898e-14 1.0028963873086262e+06 3.0970510253649275e+05 1.5754703021478643e+17 1.6564030718667449e+28
7.7957085390588123e-14 1.0045926473712942e+06 3.0931274643892545e+05 1.5763595054976742e+17 1.7002032495233697e+28
7.6176698922872544e-14 1.0062694707032408e+06 3.0889696864035423e+05 1.5770167736559450e+17 1.7451165764319662e+28
7.4436972979579387e-14 1.0079265433132546e+06 3.0845754317557666e+05 1.5774396449373216e+17 1.7911987476318432e+28
7.2736978954321352e-14 1.0095634856206134e+06 3.0799446545943693e+05 1.5776275849161318e+17 1.8383866521477513e+28
7.1075809448253324e-14 1.0111791802335405e+06 3.0750790147978603e+05 1.5775796399454531e+17 1.8867797313822635e+28
6.9452577785735583e-14 1.0127730718495222e+06 3.0699756319733977e+05 1.5772922298335738e+17 1.9362508567089532e+28
6.7866417541055714e-14 1.0143446922080872e+06 3.0646315490315529e+05 1.5767620012463059e+17 1.9870350999524410e+28
6.6316482075959181e-14 1.0158935589493676e+06 3.0590438461991906e+05 1.5759856826466131e+17 2.0390154667942983e+28
6.4801944087744509e-14 1.0174192439788524e+06 3.0532097171217122e+05 1.5749603219621853e+17 2.0922256357080868e+28
6.3321995167676364e-14 1.0189213626427695e+06 3.0471265796313901e+05 1.5736833734577565e+17 2.1467136073872615e+28
6.1875845369483762e-14 1.0203995520729404e+06 3.0407921586857561e+05 1.5721527211118570e+17 2.2025455284961344e+28
6.0462722787715319e-14 1.0218535498464858e+06 3.0342045134680218e+05 1.5703669116847088e+17 2.2595396851459289e+28
5.9081873145721601e-14 1.0232832299931333e+06 3.0273628567853646e+05 1.5683260094406227e+17 2.3180546927397820e+28
5.7732559393047217e-14 1.0246878417355320e+06 3.0202723786944553e+05 1.5660336830317126e+17 2.3778089201026524e+28
5.6414061312020209e-14 1.0260667117598263e+06 3.0129335031948076e+05 1.5634895602379571e+17 2.4389119578711693e+28
5.5125675133322412e-14 1.0274194891778121e+06 3.0053444030080689e+05 1.5606922576961549e+17 2.5013791907753800e+28
5.3866713160343085e-14 1.0287457040055720e+06 2.9975061946721090e+05 1.5576427134395792e+17 2.5652362901537015e+28
5.2636503402109189e-14 1.0300446258090568e+06 2.9894198063810851e+05 1.5543409799306138e+17 2.6305219322575137e+28
5.1434389214598862e-14 1.0313157825763528e+06 2.9810831253689248e+05 1.5507852431374400e+17 2.6970737611419991e+28
5.0259728950248755e-14 1.0325587329781010e+06 2.9724942899451155e+05 1.5469740883488646e+17 2.7649158837944729e+28
4.9111895615462751e-14 1.0337730400635134e+06 2.9636519033389899e+05 1.5429065994534253e+17 2.8344821440820493e+28
4.7990276535945624e-14 1.0349583312458128e+06 2.9545544311541418e+05 1.5385820234373117e+17 2.9052824574825809e+28
4.6894273029677714e-14 1.0361143399523480e+06 2.9452008220366266e+05 1.5340004246114803e+17 2.9773915239788780e+28
4.5823300087358381e-14 1.0372406482569623e+06 2.9355942198207392e+05 1.5291650750768666e+17 3.0513747576703885e+28
4.4776786060149089e-14 1.0383366902149507e+06 2.9257362260153377e+05 1.5240775155160672e+17 3.1265950156619699e+28
4.3754172354546191e-14 1.0394021180604256e+06 2.9156257317895402e+05 1.5187376875037136e+17 3.2032771229154984e+28
4.2754913134222209e-14 1.0404366642488063e+06 2.9052630331217148e+05 1.5131470456819066e+17 3.2814376942514771e+28
4.1778475028678120e-14 1.0414397922072503e+06 2.8946525226437603e+05 1.5073097130305453e+17 3.3610211329715794e+28
4.0824336848547811e-14 1.0424110461196501e+06 2.8837940482883452e+05 1.5012262791507690e+17 3.4419923879394144e+28
3.9891989307404462e-14 1.0433500775424701e+06 2.8726868849504198e+05 1.4948972590637677e+17 3.5245677300875917e+28
3.8980934749921996e-14 1.0442565740074142e+06 2.8613325345989689e+05 1.4883251857829987e+17 3.6084242481982445e+28
3.8090686886242321e-14 1.0451300402452743e+06 2.8497339977580344e+05 1.4815133051606208e+17 3.6937489343908073e+28
3.7220770532411519e-14 1.0459700957920860e+06 2.8378908186928951e+05 1.4744624309623091e+17 3.7805775913081684e+28
3.6370721356742348e-14 1.0467764448487958e+06 2.8258028125204105e+05 1.4671739340053267e+17 3.8686908109812374e+28
3.5540085631969392e-14 1.0475487903965090e+06 2.8134734889416082e+05 1.4596522165583565e+17 3.9583825776345386e+28
3.4728419993065977e-14 1.0482866930641053e+06 2.8009057152899401e+05 1.4519007409932186e+17 4.0495551003095567e+28
3.3935291200589816e-14 1.0489898119886583e+06 2.7880994159225520e+05 1.4439209729630320e+17 4.1419572977779672e+28
3.3160275909435640e-14 1.0496579102486356e+06 2.7750550642283040e+05 1.4357152001875390e+17 4.2357431983740660e+28
3.2402960442867525e-14 1.0502907325124461e+06 2.7617783690313133e+05 1.4272898014183555e+17 4.3309002706720519e+28
3.1662940571711986e-14 1.0508878667687220e+06 2.7482726018291741e+05 1.4186487515590355e+17 4.4274642397693440e+28
3.0939821298595029e-14 1.0514489685447745e+06 2.7345380675268528e+05 1.4097939665763125e+17 4.5253818979307260e+28
3.0233216647105607e-14 1.0519737727389557e+06 2.7205754669895704e+05 1.4007279772159034e+17 4.6243105559148846e+28
2.9542749455774224e-14 1.0524620508053342e+06 2.7063892901263200e+05 1.3914563576104986e+17 4.7248037783480471e+28
2.8868051176757726e-14 1.0529134689914824e+06 2.6919824816076842e+05 1.3819831871734882e+17 4.8264801159247907e+28
2.8208761679120653e-14 1.0533277525442787e+06 2.6773559050772683e+05 1.3723111801032976e+17 4.9292509242020668e+28
2.7564529056609296e-14 1.0537047232125115e+06 2.6625108560618659e+05 1.3624437340753312e+17 5.0333522720482075e+28
2.6935009439816838e-14 1.0540443431904784e+06 2.6474546022813889e+05 1.3523891024972469e+17 5.1383916896361827e+28
2.6319866812637211e-14 1.0543463332327006e+06 2.6321940294211055e+05 1.3421544441219213e+17 5.2444174425913671e+28
2.5718772832910860e-14 1.0546103713290561e+06 2.6167302911783083e+05 1.3317425744589610e+17 5.3518541487732565e+28
2.5131406657167638e-14 1.0548361927995218e+06 2.6010647794460130e+05 1.3211567004331299e+17 5.4600865202784914e+28
2.4557454769370657e-14 1.0550236309593448e+06 2.5852006040003864e+05 1.3104015943960461e+17 5.5695047379338639e+28
2.3996610813572847e-14 1.0551724916800985e+06 2.5691432318934123e+05 1.2994836136435098e+17 5.6796454078348642e+28
2.3448575430394285e-14 1.0552825138245211e+06 2.5528944823785630e+05 1.2884063139633389e+17 5.7906921157138917e+28
2.2913056097234067e-14 1.0553534931894939e+06 2.5364561776618115e+05 1.2771734576517536e+17 5.9023262762188075e+28
2.2389766972132404e-14 1.0553853524545284e+06 2.5198311008498914e+05 1.2657898799924698e+17 6.0150146967292210e+28
2.1878428741197178e-14 1.0553781584280035e+06 2.5030285780001571e+05 1.2542653141865526e+17 6.1284499699872032e+28
2.1378768469516348e-14 1.0553317244414049e+06 2.4860528125870295e+05 1.2426051311981072e+17 6.2417064056084523e+28
2.0890519455474319e-14 1.0552458617361379e+06 2.4689059951189507e+05 1.2308133171494142e+17 6.3568882475396368e+28
2.0413421088395478e-14 1.0551204622325324e+06 2.4515906087353086e+05 1.2188943111955541e+17 6.4717167389854286e+28
1.9947218709439593e-14 1.0549556639211630e+06 2.4341132122142144e+05 1.2068559665793058e+17 6.5875947868377612e+28
1.9491663475673367e-14 1.0547515601817889e+06 2.4164842992102719e+05 1.1947084807367050e+17 6.7034336431230410e+28
1.9046512227246311e-14 1.0545079520858214e+06 2.3987066353897867e+05 1.1824560115151998e+17 6.8195628505960196e+28
1.8611527357600804e-14 1.0542246740362528e+06 2.3807828271215010e+05 1.1701027102995307e+17 6.9362736282273907e+28
1.8186476686645556e-14 1.0539016260732836e+06 2.3627157150300202e+05 1.1576530746094024e+17 7.0527650883127952e+28
1.7771133336825583e-14 1.0535389178159940e+06 2.3445121897702498e+05 1.1451147413756696e+17 7.1695134676402217e+28
1.7365275612023216e-14 1.0531365212363340e+06 2.3261779909048273e+05 1.1324941250772845e+17 7.2860512480282262e+28
1.6968686879223694e-14 1.0526943168418405e+06 2.3077160179435078e+05 1.1197955509439634e+17 7.4027728367593819e+28
1.6581155452884349e-14 1.0522122445537273e+06 2.2891293351416229e+05 1.1070235984020563e+17 7.5194368670258714e+28
1.6202474481943860e-14 1.0516903719660952e+06 2.2704216410168327e+05 1.0941835737629082e+17 7.6359999535089936e+28
1.5832441839412017e-14 1.0511291863961292e+06 2.2516049928133911e+05 1.0812869262739462e+17 7.7519227868303193e+28
1.5470860014481690e-14 1.0505287688883427e+06 2.2326865021958586e+05 1.0683407740018630e+17 7.8676083205399286e+28
1.5117536007103770e-14 1.0498890255008009e+06 2.2136693714695462e+05 1.0553493346042683e+17 7.9827962125429481e+28
1.4772281224970779e-14 1.0492099025865588e+06 2.1945568917249318e+05 1.0423169591296245e+17 8.0972862427074988e+28
1.4434911382852522e-14 1.0484914212778709e+06 2.1753526287796407e+05 1.0292483298770483e+17 8.2113446522958473e+28
1.4105246404230745e-14 1.0477338906728402e+06 2.1560647754329711e+05 1.0161515054584910e+17 8.3246720534497833e+28
1.3783110325180794e-14 1.0469374094537385e+06 2.1366992418037733e+05 1.0030325187487464e+17 8.4368538019781169e+28
1.3468331200447878e-14 1.0461019575169418e+06 2.1172594479172898e+05 9.8989559015420288e+16 8.5485080040877045e+28
1.3160741011668400e-14 1.0452275589072416e+06 2.0977488991063385e+05 9.7674506590094800e+16 8.6590259852220292e+28
1.2860175577687812e-14 1.0443143157387985e+06 2.0781712693599644e+05 9.6358554173887120e+16 8.7685008982409142e+28
1.2566474466926146e-14 1.0433627596407352e+06 2.0585356510906466e+05 9.5042560873890192e+16 8.8765455437079197e+28
1.2279480911744954e-14 1.0423733311308495e+06 2.0388519600047803e+05 9.3727384732408256e+16 8.9840179557817079e+28
1.1999041724770400e-14 1.0413460510700510e+06 2.0191237675726542e+05 9.2413417608096880e+16 9.0898502841649463e+28
1.1725007217126900e-14 1.0402809725099726e+06 1.9993546712148865e+05 9.1101055718561760e+16 9.1939558163589344e+28
1.1457231118538169e-14 1.0391781928396251e+06 1.9795483139778668e+05 8.9790703071094640e+16 9.2965909306410958e+28
1.1195570499253468e-14 1.0380379902264561e+06 1.9597097414106919e+05 8.8482874762624032e+16 9.3977082420336533e+28
1.0939885693756198e-14 1.0368609917669981e+06 1.9398492480658309e+05 8.7178427527182880e+16 9.4973920589913822e+28
1.0690040226215535e-14 1.0356473491435869e+06 1.9199714100369491e+05 8.5877789179819824e+16 9.5952171552599488e+28
1.0445900737640148e-14 1.0343971925722609e+06 1.9000800660903682e+05 8.4581336875362256e+16 9.6910357692126191e+28
1.0207336914695582e-14 1.0331107036720715e+06 1.8801793974494428e+05 8.3289469716240528e+16 9.7851632052714650e+28
9.9742214201477500e-15 1.0317880760577637e+06 1.8602731106540508e+05 8.2002558194960496e+16 9.8771937586532507e+28
9.7464298248943204e-15 1.0304298751532995e+06 1.8403685575481513e+05 8.0721228042012288e+16 9.9670756479747382e+28
9.5238405415489943e-15 1.0290367045338840e+06 1.8204745696852240e+05 7.9446165091574944e+16 1.0055057475824364e+29
9.3063347595421789e-15 1.0276087455159915e+06 1.8005947774428842e+05 7.8177691331406448e+16 1.0140066776875081e+29
9.0937963817038467e-15 1.0261464207952369e+06 1.7807351060132307e+05 7.6916283014124992e+16 1.0223823406025165e+29
8.8861119622950472e-15 1.0246501047090737e+06 1.7609013718159296e+05 7.5662385756731904e+16 1.0304499413226487e+29
8.6831706464543330e-15 1.0231199797546139e+06 1.7410970222216198e+05 7.4416281222335072e+16 1.0383065467597204e+29
8.4848641110271021e-15 1.0215563181851784e+06 1.7213261202229850e+05 7.3178290880349392e+16 1.0458820913558337e+29
8.2910865067466053e-15 1.0199593926564968e+06 1.7015925888396736e+05 7.1948721333709704e+16 1.0532091815992795e+29
8.1017344017351153e-15 1.0183294823131978e+06 1.6818998369370837e+05 7.0727848719748704e+16 1.0603070393954319e+29
7.9167067262954120e-15 1.0166673470575807e+06 1.6622556487793129e+05 6.9516233431147696e+16 1.0671174387242353e+29
7.7359047189634282e-15 1.0149736054100930e+06 1.6426671963054332e+05 6.8314358061567888e+16 1.0736659612794383e+29
7.5592318737926421e-15 1.0132484930833628e+06 1.6231376655194224e+05 6.7122438231668896e+16 1.0799590113815731e+29
7.3865938888424051e-15 1.0114923143806061e+06 1.6036706086258951e+05 6.5940711580219288e+16 1.0859471726436206e+29
7.2178986158429975e-15 1.0097053970061833e+06 1.5842696188642769e+05 6.4769413799254168e+16 1.0915976405449546e+29
7.0530560110097832e-15 1.0078880597247650e+06 1.5649377715107927e+05 6.3608748861365968e+16 1.0970402202892901e+29
6.8919780869811397e-15 1.0060410255429671e+06 1.5456811590672727e+05 6.2459114820154400e+16 1.1021739807756943e+29
6.7345788658535760e-15 1.0041652555831065e+06 1.5265087719700218e+05 6.1321054658642728e+16 1.1069681460421503e+29
6.5807743332898606e-15 1.0022610340280439e+06 1.5074236104236581e+05 6.0194719164657080e+16 1.1115006087398344e+29
6.4304823936749431e-15 1.0003286320691892e+06 1.4884283850489056e+05 5.9080238285686624e+16 1.1157032343101716e+29
6.2836228262960381e-15 9.9836832180864434e+05 1.4695256062163858e+05 5.7977728066878376e+16 1.1196661102372447e+29
6.1401172425237023e-15 9.9638041840461479e+05 1.4507178836003208e+05 5.6887310168626344e+16 1.1233128020161708e+29
5.9998890439705759e-15 9.9436531146284018e+05 1.4320080730738438e+05 5.5809122890310136e+16 1.1266409665892189e+29
5.8628633816057044e-15 9.9232382128005789e+05 1.4134024189441444e+05 5.4743500054896344e+16 1.1296059893995358e+29
5.7289671158028247e-15 9.9025641605527187e+05 1.3949045354144325e+05 5.3690598370220944e+16 1.1322429871422345e+29
5.5981287773008504e-15 9.8816342755936051e+05 1.3765167429682039e+05 5.2650494372507408e+16 1.1346610310604190e+29
5.4702785290559493e-15 9.8604538589695783e+05 1.3582426345127443e+05 5.1623338366764096e+16 1.1364484756470340e+29
5.3453481289650542e-15 9.8390281450608268e+05 1.3400858453008780e+05 5.0609270736388960e+16 1.1384672386092050e+29
5.2232708934404756e-15 9.8173605086776952e+05 1.3220484601235617e+05 4.9608336668139632e+16 1.1399375879508424e+29
5.1039816618164203e-15 9.7954547971189523e+05 1.3041327009215999e+05 4.8620588307868984e+16 1.1410700604200516e+29
4.9874167615685985e-15 9.7733159692942386e+05 1.2863414997233530e+05 4.7646114239640280e+16 1.1419117136359685e+29
4.8735139743278304e-15 9.7509478193443851e+05 1.2686768266216393e+05 4.6684943554755664e+16 1.1424491995845857e+29
4.7622125026701672e-15 9.7283542857238022e+05 1.2511404799240966e+05 4.5737096474147352e+16 1.1426499500183976e+29
4.6534529376651431e-15 9.7055430210599070e+05 1.2337365987792684e+05 4.4802722994607792e+16 1.1425867385545235e+29
4.5471772271654456e-15 9.6825203547199536e+05 1.2164686002132486e+05 4.3881916933438936e+16 1.1421842437556402e+29
4.4433286448206034e-15 9.6592900881805783e+05 1.1993380107418455e+05 4.2974663367055136e+16 1.1415461953919327e+29
4.3418517597983386e-15 9.6358570201227593e+05 1.1823467383420335e+05 4.2080969706618664e+16 1.1405659655365025e+29
4.2426924071975897e-15 9.6122291012739972e+05 1.1654987622200059e+05 4.1200948991355016e+16 1.1393140967068427e+29
4.1457976591370770e-15 9.5884107603510935e+05 1.1487957918219941e+05 4.0334581162015488e+16 1.1377512435773861e+29
4.0511157965041552e-15 9.5644059033572732e+05 1.1322390341473119e+05 3.9481818495003728e+16 1.1359450462497605e+29
3.9585962813490184e-15 9.5402200298430049e+05 1.1158304935767164e+05 3.8642655978759112e+16 1.1338108596435022e+29
3.8681897299092095e-15 9.5158593589820049e+05 1.0995726628932754e+05 3.7817106900844536e+16 1.1314230167043051e+29
3.7798478862502085e-15 9.4913278161182581e+05 1.0834665302198759e+05 3.7005101749259472e+16 1.1287391085115013e+29
3.6935235965081540e-15 9.4666295108731510e+05 1.0675130206440612e+05 3.6206568576174072e+16 1.1257879072936785e+29
3.6091707837206704e-15 9.4417717866097484e+05 1.0517148229207637e+05 3.5421525414353592e+16 1.1226820027555284e+29
3.5267444232325131e-15 9.4167602929914743e+05 1.0360737500726982e+05 3.4649935328845660e+16 1.1192433035457381e+29
3.4462005186630304e-15 9.3915988212793774e+05 1.0205904546064032e+05 3.3891699889583092e+16 1.1152193417960199e+29
3.3674960784223519e-15 9.3662913264131662e+05 1.0052655756360461e+05 3.3146720134204720e+16 1.1116081887002561e+29
3.2905890927639030e-15 9.3408428682486003e+05 9.9010030717850299e+04 3.2414923629494228e+16 1.1074233545922795e+29
3.2154385113611301e-15 9.3152575073864183e+05 9.7509527931619479e+04 3.1696206810258628e+16 1.1029873341556395e+29
3.1420042213961282e-15 9.2895389207495842e+05 9.6025085443375647e+04 3.0990452275840300e+16 1.0982950399715979e+29
3.0702470261488918e-15 9.2636903899816703e+05 9.4556717483104789e+04 3.0297530815484940e+16 1.0934337428758454e+29
3.0001286240753394e-15 9.2377136536588334e+05 9.3104347269680351e+04 2.9617271033917044e+16 1.0883024632957048e+29
2.9316115883633456e-15 9.2116121155485709e+05 9.1667971667884340e+04 2.8949540800415988e+16 1.0830361031932456e+29
2.8646593469555428e-15 9.1853895806045248e+05 9.0247600496323692e+04 2.8294215176136336e+16 1.0775192949055564e+29
2.7992361630283719e-15 9.1590502682511881e+05 8.8843253063509517e+04 2.7651175044045732e+16 1.0717511055896373e+29
2.7353071159170559e-15 9.1326000447718741e+05 8.7455024488121053e+04 2.7020336179595940e+16 1.0658262687326532e+29
2.6728380824761013e-15 9.1060429808826710e+05 8.6082921814223839e+04 2.6401570585062576e+16 1.0597719510325282e+29
2.6117957188654957e-15 9.0793829490636126e+05 8.4726931389820369e+04 2.5794742099744160e+16 1.0534209154683757e+29
2.5521474427529691e-15 9.0526244193118031e+05 8.3387058861785044e+04 2.5199724950952004e+16 1.0469168408886283e+29
2.4938614159226217e-15 9.0257758944198105e+05 8.2063490166494841e+04 2.4616474402395276e+16 1.0402542985184911e+29
2.4369065272807395e-15 8.9988417658954719e+05 8.0756234437276362e+04 2.4044858621239704e+16 1.0334669687745436e+29
2.3812523762498158e-15 8.9718254423803289e+05 7.9465253629073166e+04 2.3484724517623460e+16 1.0265197742862980e+29
2.3268692565417277e-15 8.9447298152354301e+05 7.8190490703778996e+04 2.2935910070362324e+16 1.0193777373451138e+29
2.2737281403015041e-15 8.9175532615803799e+05 7.6931687923883816e+04 2.2398167370348888e+16 1.0121313661592170e+29
2.2218006626133126e-15 8.8902977103010530e+05 7.5688722987380825e+04 2.1871316850553312e+16 1.0047152522830036e+29
2.1710591063601611e-15 8.8629667408314196e+05 7.4461539912320892e+04 2.1355210406759804e+16 9.9718359204023132e+28
2.1214763874295099e-15 8.8355640440758748e+05 7.3250079176350890e+04 2.0849700509875112e+16 9.8947123386662571e+28
2.0730260402566669e-15 8.8080962658189773e+05 7.2054395513525029e+04 2.0354689843232128e+16 9.8164789601386960e+28
2.0256822036983470e-15 8.7805688363653223e+05 7.0874501440033215e+04 1.9870059304021912e+16 9.7379980129467964e+28
1.9794196072289361e-15 8.7529851208214147e+05 6.9710323069491453e+04 1.9395653328573732e+16 9.6569989482666402e+28
1.9342135574518784e-15 8.7253484320160374e+05 6.8561782742248542e+04 1.8931316122556760e+16 9.5759138619546769e+28
1.8900399249192402e-15 8.6976618695100967e+05 6.7428794117013254e+04 1.8476889475137588e+16 9.4932240595078632e+28
1.8468751312522100e-15 8.6699284791968984e+05 6.6311264132041179e+04 1.8032214412655076e+16 9.4103965201880691e+28
1.8046961365557400e-15 8.6421514155699685e+05 6.5209104064396211e+04 1.7597135142637392e+16 9.3262841228362355e+28
1.7634804271206827e-15 8.6143337589104264e+05 6.4122222098308390e+04 1.7171495923304224e+16 9.2410281114108591e+28
1.7232060034067163e-15 8.5864782590659766e+05 6.3050515289829164e+04 1.6755137641374206e+16 9.1554803956827982e+28
1.6838513682997199e-15 8.5585852229009219e+05 6.1993792107663379e+04 1.6347868243070580e+16 9.0692791801349629e+28
1.6453955156373893e-15 8.5306569900980813e+05 6.0951927021458978e+04 1.5949526275317864e+16 8.9820511468420985e+28
1.6078179189968424e-15 8.5026966001163924e+05 5.9924818070709312e+04 1.5559961586956016e+16 8.8942401727765680e+28
1.5710985207382948e-15 8.4747070376214129e+05 5.8912360175870221e+04 1.5179024458486342e+16 8.8058635221828551e+28
1.5352177212990160e-15 8.4466917962269578e+05 5.7914463868016872e+04 1.4806572920946984e+16 8.7174046315796373e+28
1.5001563687317299e-15 8.4186545675736992e+05 5.6931048164380278e+04 1.4442468844275996e+16 8.6281810885582244e+28
1.4658957484819409e-15 8.3905980671816925e+05 5.5962001575215363e+04 1.4086563359716848e+16 8.5386759134525362e+28
1.4324175733987857e-15 8.3625248798999481e+05 5.5007210967677303e+04 1.3738708123147154e+16 8.4486658841300956e+28
1.3997039739739272e-15 8.3344367348942463e+05 5.4066545950216874e+04 1.3398748256880028e+16 8.3582952859395775e+28
1.3677374888034679e-15 8.3063271253519761e+05 5.3139618284133030e+04 1.3066436947793136e+16 8.2679894522636185e+28
1.3365010552676013e-15 8.2781953113883198e+05 5.2226204906753541e+04 1.2741597878354860e+16 8.1771059078579880e+28
1.3059780004232072e-15 8.2500439998668770e+05 5.1326188212889530e+04 1.2424096522959750e+16 8.0859937334996215e+28
1.2761520321043861e-15 8.2218758314069652e+05 5.0439448292007248e+04 1.2113799167660952e+16 7.9949106690221358e+28
1.2470072302262402e-15 8.1936935727961909e+05 4.9565867572518517e+04 1.1810574772819268e+16 7.9037467071864589e+28
1.2185280382873081e-15 8.1655004060140171e+05 4.8705340076432185e+04 1.1514297945625628e+16 7.8123921297891216e+28
1.1906992550660171e-15 8.1372989811803855e+05 4.7857743940258304e+04 1.1224839121263552e+16 7.7204904365536491e+28
1.1635060265067758e-15 8.1090918390332058e+05 4.7022953681019593e+04 1.0942069224763144e+16 7.6292721320589483e+28
1.1369338377914151e-15 8.0808816184496251e+05 4.6200843378325051e+04 1.0665861198021916e+16 7.5380272977904942e+28
1.1109685055916584e-15 8.0526729086940037e+05 4.5391337011764474e+04 1.0396107238483694e+16 7.4467099452080106e+28
1.0855961704985305e-15 8.0244723037880287e+05 4.4594418861669801e+04 1.0132719125933130e+16 7.3557762303968379e+28
1.0608032896247057e-15 7.9962821990720893e+05 4.3809963464535133e+04 9.8755709862223820e+15 7.2641024589389133e+28
1.0365766293757621e-15 7.9681047037241713e+05 4.3037840870894754e+04 9.6245367185214960e+15 7.1737666394944236e+28
1.0129032583865274e-15 7.9399417101924482e+05 4.2277921291462626e+04 9.3794910906004580e+15 7.0832496060487763e+28
9.8977054061878349e-16 7.9117887964178459e+05 4.1529926188757367e+04 9.1402603741233000e+15 6.9931423029351429e+28
9.6716612861656596e-16 7.8836383619335573e+05 4.0793482482355088e+04 8.9066482368841450e+15 6.9035142413984731e+28
9.4507795691550233e-16 7.8554924347864382e+05 4.0068456838840539e+04 8.6785415715015090e+15 6.8136710872632618e+28
9.2349423560270548e-16 7.8273534050236479e+05 3.9354721023142061e+04 8.4558310541020770e+15 6.7241322437121361e+28
9.0240344402369017e-16 7.7992235931651073e+05 3.8652144463185323e+04 8.2384083994061120e+15 6.6352297634395277e+28
8.8179432463306952e-16 7.7711084380578459e+05 3.7960663809061531e+04 8.0261888830398310e+15 6.5466745153993002e+28
8.6165587698563285e-16 7.7430155833619006e+05 3.7280273080664032e+04 7.8191045211501210e+15 6.4583362996630155e+28
8.4197735186470735e-16 7.7149471936794452e+05 3.6610842679441419e+04 7.6170483040736480e+15 6.3707475268814917e+28
8.2274824554458266e-16 7.6869058206968254e+05 3.5952249714340731e+04 7.4199171129862720e+15 6.2837649570921001e+28
8.0395829418396960e-16 7.6588936577784061e+05 3.5304365925339400e+04 7.2276073769561260e+15 6.1969126785563370e+28
