8.0395829418396959e-13 8.2262502983761544e+05 2.8444006438959867e+05 1.0114582141967370e+17 1.8393828598611267e+27
7.8559746834753246e-13 8.2418626610048721e+05 2.8501657711331936e+05 1.0180321042678173e+17 1.8658111245062976e+27
7.6765596765250801e-13 8.2576482673167274e+05 2.8559308434656082e+05 1.0246563318450040e+17 1.8932223737021828e+27
7.5012421553758558e-13 8.2736086232313584e+05 2.8616955373204785e+05 1.0313313578107326e+17 1.9214305508192725e+27
7.3299285415128468e-13 8.2897425043131562e+05 2.8674587263407191e+05 1.0380566621870744e+17 1.9506279755936270e+27
7.1625273935704306e-13 8.3060485551329982e+05 2.8732192252439237e+05 1.0448316554816101e+17 1.9807736943586154e+27
6.9989493585237990e-13 8.3225264258860797e+05 2.8789760297598288e+05 1.0516560107402106e+17 2.0119265206799525e+27
6.8391071239955609e-13 8.3391772931651562e+05 2.8847285579814529e+05 1.0585299413717238e+17 2.0440909750361180e+27
6.6829153716511489e-13 8.3560045906066231e+05 2.8904770715148345e+05 1.0654546654452368e+17 2.0773907984385164e+27
6.5302907316589952e-13 8.3730089407641802e+05 2.8962213100862346e+05 1.0724306493568923e+17 2.1117595273059608e+27
6.3811517381904706e-13 8.3901895792143361e+05 2.9019605676645500e+05 1.0794578139296429e+17 2.1471670145779620e+27
6.2354187859361313e-13 8.4075457301304943e+05 2.9076941163986892e+05 1.0865360667077606e+17 2.1839248122071946e+27
6.0930140876152718e-13 8.4250793578787462e+05 2.9134219977989170e+05 1.0936663212392240e+17 2.2217832584044822e+27
5.9538616324556484e-13 8.4427924624268373e+05 2.9191444711392577e+05 1.1008497114653261e+17 2.2609278021048163e+27
5.8178871456214496e-13 8.4606857055145770e+05 2.9248614883703506e+05 1.1080869609258968e+17 2.3013789535950726e+27
5.6850180485680912e-13 8.4787626133386488e+05 2.9305739224231034e+05 1.1153799842390307e+17 2.3432158149804271e+27
5.5551834203020698e-13 8.4970258161510690e+05 2.9362827767212410e+05 1.1227307408660563e+17 2.3864482608867726e+27
5.4283139595259256e-13 8.5154755255716725e+05 2.9419884820217337e+05 1.1301404136669485e+17 2.4311056854565041e+27
5.3043419476474946e-13 8.5341157098277425e+05 2.9476926640838396e+05 1.1376117558981144e+17 2.4772141782641697e+27
5.1832012126339740e-13 8.5529497553233488e+05 2.9533972711717850e+05 1.1451477927038502e+17 2.5248898523083719e+27
5.0648270936916735e-13 8.5719788099580409e+05 2.9591038623628585e+05 1.1527509620977125e+17 2.5741922148058432e+27
4.9491564067522283e-13 8.5912085908411408e+05 2.9648155265183037e+05 1.1604257295988221e+17 2.6251696426418473e+27
4.8361274107470329e-13 8.6106454834235006e+05 2.9705362694973219e+05 1.1681775626216414e+17 2.6778191706435307e+27
4.7256797746521049e-13 8.6302951752454462e+05 2.9762707756235381e+05 1.1760125518982582e+17 2.7323150133242179e+27
4.6177545452852868e-13 8.6501616508316027e+05 2.9820243579059775e+05 1.1839372362365784e+17 2.7885445107902016e+27
4.5122941158391827e-13 8.6702500719433138e+05 2.9878034666716016e+05 1.1919594608280882e+17 2.8467240376032417e+27
4.4092421951325472e-13 8.6905734250562079e+05 2.9936183861210651e+05 1.2000917984499605e+17 2.9068816607079480e+27
4.3085437775639206e-13 8.7111462451922451e+05 2.9994829715687246e+05 1.2083505530114541e+17 2.9689349670977191e+27
4.2101451137516242e-13 8.7319871671330312e+05 3.0054173879869934e+05 1.2167587000684002e+17 3.0331911736208636e+27
4.1139936818441155e-13 8.7531182437114336e+05 3.0114534437135124e+05 1.2253508800101629e+17 3.0993480254233465e+27
4.0200381594855675e-13 8.7744269254728314e+05 3.0176204635833413e+05 1.2341404941983070e+17 3.1669827456824590e+27
3.9282283964218600e-13 8.7946975565924449e+05 3.0236229139256937e+05 1.2426764603500390e+17 3.2318289336440578e+27
3.8385153877319545e-13 8.8139848274157441e+05 3.0293489069275610e+05 1.2508564671555403e+17 3.2945100250713860e+27
3.7508512476708503e-13 8.8333166002084082e+05 3.0350056965255726e+05 1.2590217574604381e+17 3.3589391078627165e+27
3.6651891841097572e-13 8.8527352199590125e+05 3.0406030141364294e+05 1.2671876307583248e+17 3.4252833812536641e+27
3.5814834735600098e-13 8.8722357867635728e+05 3.0461379121311341e+05 1.2753506110684834e+17 3.4935982855303939e+27
3.4996894367675177e-13 8.8918159196585533e+05 3.0516080236633105e+05 1.2835081099698037e+17 3.5639534071567167e+27
3.4197634148644563e-13 8.9114735207386210e+05 3.0570111078431929e+05 1.2916576789352117e+17 3.6365057627484528e+27
3.3416627460656126e-13 8.9312046389635664e+05 3.0623445008197933e+05 1.2997961531569414e+17 3.7111396121278533e+27
3.2653457428970620e-13 8.9510062068692013e+05 3.0676057337531977e+05 1.3079206558880517e+17 3.7881653730655117e+27
3.1907716699447724e-13 8.9708727957692102e+05 3.0727916084169311e+05 1.3160272143903154e+17 3.8672720520579704e+27
3.1179007221113923e-13 8.9908035714761727e+05 3.0778996875978418e+05 1.3241132653546741e+17 3.9488108887860233e+27
3.0466940033697372e-13 9.0107988878861431e+05 3.0829280834397435e+05 1.3321769587502819e+17 4.0329455647143265e+27
2.9771135060013152e-13 9.0308556101494120e+05 3.0878744700271095e+05 1.3402154495834635e+17 4.1197099819426686e+27
2.9091220903091890e-13 9.0509708448311687e+05 3.0927365296417871e+05 1.3482259147658654e+17 4.2083983720906166e+27
2.8426834647940371e-13 9.0711378562289372e+05 3.0975113530701748e+05 1.3562042937466957e+17 4.3004839535679928e+27
2.7777621667829500e-13 9.0913519090472453e+05 3.1021958718530339e+05 1.3641466565643379e+17 4.3951022986915108e+27
2.7143235435007391e-13 9.1116101144406421e+05 3.1067873456511105e+05 1.3720496677460691e+17 4.4923191711910223e+27
2.6523337335734285e-13 9.1319103364694724e+05 3.1112831044811528e+05 1.3799101667094846e+17 4.5928089554219126e+27
2.5917596489541772e-13 9.1522515393596061e+05 3.1156808094232110e+05 1.3877254908634453e+17 4.6961180528774200e+27
2.5325689572620839e-13 9.1726322721997811e+05 3.1199784776577377e+05 1.3954932437647008e+17 4.8024710719890115e+27
2.4747300645241784e-13 9.1930432054767292e+05 3.1241728910879971e+05 1.4032084189809525e+17 4.9122627115856247e+27
2.4182120983117104e-13 9.2134800091396866e+05 3.1282608288652339e+05 1.4108668315300310e+17 5.0250606342650739e+27
2.3629848912614671e-13 9.2339417214246769e+05 3.1322396768603654e+05 1.4184654704808675e+17 5.1415039662215453e+27
2.3090189649734352e-13 9.2544268013002072e+05 3.1361070630467596e+05 1.4260014647884202e+17 5.2610593718704477e+27
2.2562855142762949e-13 9.2749291946664872e+05 3.1398601058741042e+05 1.4334705865392234e+17 5.3844966639548453e+27
2.2047563918521709e-13 9.2954455279096356e+05 3.1434959083613358e+05 1.4408690636036458e+17 5.5113230406150764e+27
2.1544040932125280e-13 9.3159736343366478e+05 3.1470118210569315e+05 1.4481935769147699e+17 5.6420445379544894e+27
2.1052017420172673e-13 9.3365119919994392e+05 3.1504055724174960e+05 1.4554412965505949e+17 5.7769073785818574e+27
2.0571230757290243e-13 9.3570532398794172e+05 3.1536746274845442e+05 1.4626080101222822e+17 5.9155530262412480e+27
2.0101424315950971e-13 9.3775917667416052e+05 3.1568158759643591e+05 1.4696892343323786e+17 6.0582882551685927e+27
1.9642347329496030e-13 9.3981226228050399e+05 3.1598264287904836e+05 1.4766808006268278e+17 6.2054442165697246e+27
1.9193754758283432e-13 9.4186403219518217e+05 3.1627027840281837e+05 1.4835778052884166e+17 6.3566958049201975e+27
1.8755407158894795e-13 9.4391434433993732e+05 3.1654416193600051e+05 1.4903763036414723e+17 6.5126667838446691e+27
1.8327070556328355e-13 9.4596327064922114e+05 3.1680402732307918e+05 1.4970734441884627e+17 6.6730708996411735e+27
1.7908516319110873e-13 9.4801053492447338e+05 3.1704965831561969e+05 1.5036661920800419e+17 6.8383444060559661e+27
1.7499521037262478e-13 9.5005532413695683e+05 3.1728078078677668e+05 1.5101498353129645e+17 7.0083624993408518e+27
1.7099866403047436e-13 9.5209734732674656e+05 3.1749712996164866e+05 1.5165207952608701e+17 7.1835682543080196e+27
1.6709339094449448e-13 9.5413585722516861e+05 3.1769842393565498e+05 1.5227743718795328e+17 7.3638522007915522e+27
1.6327730661307397e-13 9.5617041542882437e+05 3.1788432153948979e+05 1.5289058938782192e+17 7.5493218714107714e+27
1.5954837414051565e-13 9.5820083078332199e+05 3.1805449965452927e+05 1.5349113847275197e+17 7.7403703129820623e+27
1.5590460314981504e-13 9.6022694613922271e+05 3.1820866880713304e+05 1.5407872973633520e+17 7.9369074138989317e+27
1.5234404872026269e-13 9.6224845838924870e+05 3.1834659655540070e+05 1.5465303518598822e+17 8.1390672315182055e+27
1.4886481034931015e-13 9.6426475417639653e+05 3.1846803110739071e+05 1.5521364102301712e+17 8.3473590901952945e+27
1.4546503093815020e-13 9.6627558507448167e+05 3.1857273551689653e+05 1.5576022756093283e+17 8.5615939366694323e+27
1.4214289580045901e-13 9.6828001171180769e+05 3.1866049372125417e+05 1.5629234367022963e+17 8.7821737986526311e+27
1.3889663169377659e-13 9.7027749456868193e+05 3.1873096281087905e+05 1.5680949804147270e+17 9.0087712513587359e+27
1.3572450587301461e-13 9.7226789241433656e+05 3.1878377164702985e+05 1.5731126081426493e+17 9.2425318937594779e+27
1.3262482516557153e-13 9.7425127798977587e+05 3.1881863152974372e+05 1.5779733684852675e+17 9.4827450516354472e+27
1.2959593506757878e-13 9.7622743734721653e+05 3.1883541668022244e+05 1.5826753255539712e+17 9.7298656699173304e+27
1.2663621886078123e-13 9.7819490221157845e+05 3.1883405448149238e+05 1.5872141889049750e+17 9.9840038109832061e+27
1.2374409674958667e-13 9.8015301097979920e+05 3.1881418626046780e+05 1.5915846335410538e+17 1.0245125698417536e+28
1.2091802501782780e-13 9.8210152824755409e+05 3.1877539488755062e+05 1.5957817548785952e+17 1.0513940464178786e+28
1.1815649520477777e-13 9.8404039356804825e+05 3.1871732586746872e+05 1.5998017308880765e+17 1.0790487936368935e+28
1.1545803329998362e-13 9.8596936708757281e+05 3.1863971611860715e+05 1.6036412630917776e+17 1.1073961761866074e+28
1.1282119895649331e-13 9.8788787827634369e+05 3.1854237799221737e+05 1.6072970453324515e+17 1.1366547620858207e+28
1.1024458472204377e-13 9.8979559661779134e+05 3.1842506186469377e+05 1.6107657506898931e+17 1.1666388169086728e+28
1.0772681528781416e-13 9.9169211332725792e+05 3.1828763166656095e+05 1.6140450198391059e+17 1.1975144474653115e+28
1.0526654675433147e-13 9.9357638424446003e+05 3.1812996268002485e+05 1.6171310581321690e+17 1.2292366351440490e+28
1.0286246591414157e-13 9.9544797614532197e+05 3.1795171642531728e+05 1.6200194554776854e+17 1.2618792387646235e+28
1.0051328955086642e-13 9.9730660394467716e+05 3.1775254021963530e+05 1.6227060714760147e+17 1.2953223920941689e+28
9.8217763754265583e-14 9.9915206258510437e+05 3.1753213254726282e+05 1.6251875134243075e+17 1.3297984588057997e+28
9.5974663250940560e-14 1.0009841423450848e+06 3.1729030288765300e+05 1.6274615536391763e+17 1.3650619456459222e+28
9.3782790750328011e-14 1.0028018779612469e+06 3.1702708776309073e+05 1.6295262611694966e+17 1.4014199572278114e+28
9.1640976305625656e-14 1.0046045667926737e+06 3.1674223925669206e+05 1.6313776234313670e+17 1.4386607546210243e+28
8.9548076689313450e-14 1.0063918069515519e+06 3.1643541339238302e+05 1.6330114559672317e+17 1.4769066015890760e+28
8.7502974782940347e-14 1.0081633074456266e+06 3.1610627230250370e+05 1.6344239927057421e+17 1.5161693604977044e+28
8.5504578980841602e-14 1.0099187722619403e+06 3.1575452689856326e+05 1.6356119873914326e+17 1.5565817101700449e+28
8.3551822607479450e-14 1.0116578822988349e+06 3.1537999358102644e+05 1.6365732476281680e+17 1.5977932204026036e+28
8.1643663348086941e-14 1.0133800186779527e+06 3.1498257957718387e+05 1.6373056644597818e+17 1.6403984389751194e+28
7.9779082692314898e-14 1.0150848593971831e+06 3.1456204504408635e+05 1.6378065648540240e+17 1.6840202025615573e+28
7.7957085390588123e-14 1.0167720852549003e+06 3.1411826552886236e+05 1.6380744691503882e+17 1.7286926107711491e+28
7.6176698922872544e-14 1.0184410540688888e+06 3.1365121664553235e+05 1.6381079980650742e+17 1.7745431142316629e+28
7.4436972979579387e-14 1.0200914822082575e+06 3.1316069806503190e+05 1.6379051134491392e+17 1.8215521966313612e+28
7.2736978954321352e-14 1.0217230135983165e+06 3.1264673534208996e+05 1.6374657999489642e+17 1.8696010313077797e+28
7.1075809448253324e-14 1.0233345622626885e+06 3.1210954247387458e+05 1.6367898510388915e+17 1.9192245996199170e+28
6.9452577785735583e-14 1.0249255948133846e+06 3.1154885727137979e+05 1.6358740398305210e+17 1.9698178790660934e+28
6.7866417541055714e-14 1.0264956240652117e+06 3.1096437214269210e+05 1.6347149151649651e+17 2.0216763742104657e+28
6.6316482075959181e-14 1.0280442495330304e+06 3.1035578281700768e+05 1.6333093592021046e+17 2.0747184903023916e+28
6.4801944087744509e-14 1.0295710647989227e+06 3.0972282500028773e+05 1.6316546927500234e+17 2.1291456809020999e+28
6.3321995167676364e-14 1.0310756903694851e+06 3.0906524560253543e+05 1.6297485047972000e+17 2.1848149643286461e+28
6.1875845369483762e-14 1.0325578419665054e+06 3.0838279746786907e+05 1.6275887845252451e+17 2.2419085465953280e+28
6.0462722787715319e-14 1.0340172986021616e+06 3.0767530579318356e+05 1.6251744678090090e+17 2.3002716279787256e+28
5.9081873145721601e-14 1.0354539728379925e+06 3.0694272265229997e+05 1.6225061315762266e+17 2.3599559220452323e+28
5.7732559393047217e-14 1.0368671497814442e+06 3.0618562137702369e+05 1.6195883491912710e+17 2.4210992699067827e+28
5.6414061312020209e-14 1.0382561838645749e+06 3.0540408032572805e+05 1.6164212874681187e+17 2.4836340068369946e+28
5.5125675133322412e-14 1.0396207474789111e+06 3.0459794752563699e+05 1.6130039776513085e+17 2.5475537052787396e+28
5.3866713160343085e-14 1.0409603956906520e+06 3.0376734668791661e+05 1.6093376764775110e+17 2.6128483987588393e+28
5.2636503402109189e-14 1.0422744380768829e+06 3.0291238983892807e+05 1.6054228559594003e+17 2.6796687151296728e+28
5.1434389214598862e-14 1.0435624201116423e+06 3.0203289142262662e+05 1.6012580140822592e+17 2.7477621622222688e+28
5.0259728950248755e-14 1.0448239120013017e+06 3.0112867111804901e+05 1.5968418494993283e+17 2.8174154822513769e+28
4.9111895615462751e-14 1.0460585404884645e+06 3.0019955755483446e+05 1.5921733914825046e+17 2.8885483520351583e+28
4.7990276535945624e-14 1.0472659704060009e+06 2.9924541785537708e+05 1.5872522136017862e+17 2.9610895100099666e+28
4.6894273029677714e-14 1.0484459610544790e+06 2.9826617501229444e+05 1.5820787501570080e+17 3.0352194763840336e+28
4.5823300087358381e-14 1.0495981344280795e+06 2.9726215804022737e+05 1.5766566771145933e+17 3.1107694525641403e+28
4.4776786060149089e-14 1.0507219632136105e+06 2.9623354504995898e+05 1.5709879090418368e+17 3.1877863341563319e+28
4.3754172354546191e-14 1.0518171292372204e+06 2.9518025657978380e+05 1.5650727672791149e+17 3.2664749288725297e+28
4.2754913134222209e-14 1.0528833911275077e+06 2.9410234538259730e+05 1.5589130270362922e+17 3.3464651356781842e+28
4.1778475028678120e-14 1.0539202491602902e+06 2.9300024957756221e+05 1.5525130677866074e+17 3.4282129315872404e+28
4.0824336848547811e-14 1.0549272836008826e+06 2.9187398182746512e+05 1.5458738405365914e+17 3.5111671197118851e+28
3.9891989307404462e-14 1.0559041741494914e+06 2.9072350014740281e+05 1.5389961894958397e+17 3.5957816099523527e+28
3.8980934749921996e-14 1.0568506255138244e+06 2.8954895801618055e+05 1.5318827704965677e+17 3.6819907475109164e+28
3.8090686886242321e-14 1.0577661947910478e+06 2.8835064824848738e+05 1.5245369955936704e+17 3.7696353832902386e+28
3.7220770532411519e-14 1.0586505297800994e+06 2.8712855372849252e+05 1.5169599728126352e+17 3.8587316872377121e+28
3.6370721356742348e-14 1.0595033656923894e+06 2.8588268770221417e+05 1.5091533941146624e+17 3.9494468971062434e+28
3.5540085631969392e-14 1.0603244279604002e+06 2.8461339139800082e+05 1.5011217060577546e+17 4.0414692460956312e+28
3.4728419993065977e-14 1.0611133171632015e+06 2.8332095063686895e+05 1.4928685170831651e+17 4.1350206865510392e+28
3.3935291200589816e-14 1.0618697329661322e+06 2.8200539246087475e+05 1.4843956351115130e+17 4.2300783240363735e+28
3.3160275909435640e-14 1.0625934648763114e+06 2.8066679324430990e+05 1.4757056083911715e+17 4.3265577338959301e+28
3.2402960442867525e-14 1.0632842784675623e+06 2.7930571020637866e+05 1.4668048400251680e+17 4.4244455460059186e+28
3.1662940571711986e-14 1.0639417952143329e+06 2.7792247753611120e+05 1.4576974677911450e+17 4.5240515077415841e+28
3.0939821298595029e-14 1.0645657111394389e+06 2.7651716003040108e+05 1.4483857070749718e+17 4.6247329635050798e+28
3.0233216647105607e-14 1.0651557860470032e+06 2.7508985561389592e+05 1.4388722911171101e+17 4.7267215027646806e+28
2.9542749455774224e-14 1.0657118074451571e+06 2.7364097943016212e+05 1.4291625713956963e+17 4.8304054362817633e+28
2.8868051176757726e-14 1.0662334843541642e+06 2.7217082130050601e+05 1.4192606663325230e+17 4.9349792199624517e+28
2.8208761679120653e-14 1.0667205821626484e+06 2.7067950080362050e+05 1.4091695585627904e+17 5.0410092240778318e+28
2.7564529056609296e-14 1.0671729640592241e+06 2.6916718025884603e+05 1.3988928990041227e+17 5.1485709565637759e+28
2.6935009439816838e-14 1.0675905940141967e+06 2.6763457595877134e+05 1.3884389026152710e+17 5.2570734567338418e+28
2.6319866812637211e-14 1.0679732151545011e+06 2.6608237239022908e+05 1.3778147794866774e+17 5.3668549657497519e+28
2.5718772832910860e-14 1.0683205463066301e+06 2.6451071682892798e+05 1.3670235548634046e+17 5.4775396301220044e+28
2.5131406657167638e-14 1.0686323561919020e+06 2.6291977798283164e+05 1.3560685956165165e+17 5.5897101559849339e+28
2.4557454769370657e-14 1.0689084875778621e+06 2.6130985861644484e+05 1.3449545176279678e+17 5.7025901517764993e+28
2.3996610813572847e-14 1.0691487609448519e+06 2.5968144464571573e+05 1.3336872059687136e+17 5.8165836705776869e+28
2.3448575430394285e-14 1.0693529621707655e+06 2.5803474515786642e+05 1.3222703884655971e+17 5.9316583057706618e+28
2.2913056097234067e-14 1.0695209315985080e+06 2.5636997327200638e+05 1.3107080028417869e+17 6.0476959450998726e+28
2.2389766972132404e-14 1.0696526214120686e+06 2.5468742747534806e+05 1.2990049457432870e+17 6.1647022195621685e+28
2.1878428741197178e-14 1.0697480764164841e+06 2.5298797927662721e+05 1.2871704595426544e+17 6.2822345614651821e+28
2.1378768469516348e-14 1.0698071485918227e+06 2.5127205319905156e+05 1.2752099160381942e+17 6.4006948470482875e+28
2.0890519455474319e-14 1.0698296965939838e+06 2.4953989898458580e+05 1.2631274598969774e+17 6.5195219839842833e+28
2.0413421088395478e-14 1.0698156567015592e+06 2.4779179346393727e+05 1.2509276479764358e+17 6.6394671743858417e+28
1.9947218709439593e-14 1.0697651666668109e+06 2.4602838098384195e+05 1.2386181469569555e+17 6.7599449979206610e+28
1.9491663475673367e-14 1.0696782958827037e+06 2.4425066027012668e+05 1.2262087436801683e+17 6.8808726403641893e+28
1.9046512227246311e-14 1.0695548955761623e+06 2.4245893440793079e+05 1.2137037036867480e+17 7.0022136480077248e+28
1.8611527357600804e-14 1.0693948414973074e+06 2.4065349079404629e+05 1.2011072536136184e+17 7.1237931881802072e+28
1.8186476686645556e-14 1.0691980678963680e+06 2.3883463692616462e+05 1.1884239089056266e+17 7.2455763792755378e+28
1.7771133336825583e-14 1.0689646542501857e+06 2.3700299103032920e+05 1.1756606205413522e+17 7.3679021995849121e+28
1.7365275612023216e-14 1.0686945828979465e+06 2.3515908571160762e+05 1.1628234112643829e+17 7.4902683810676655e+28
1.6968686879223694e-14 1.0683877865323308e+06 2.3330323679649693e+05 1.1499166872222422e+17 7.6128586563628616e+28
1.6581155452884349e-14 1.0680442529592298e+06 2.3143577579153542e+05 1.1369450850933704e+17 7.7351569787836874e+28
1.6202474481943860e-14 1.0676640864652894e+06 2.2955709185264402e+05 1.1239139000184019e+17 7.8576734447182956e+28
1.5832441839412017e-14 1.0672477078160422e+06 2.2766831601118520e+05 1.1108339215476096e+17 7.9800989015059476e+28
1.5470860014481690e-14 1.0667952071573017e+06 2.2577014246748682e+05 1.0977120583907397e+17 8.1018567448960455e+28
1.5117536007103770e-14 1.0663065363609449e+06 2.2386291300471165e+05 1.0845525461244246e+17 8.2239213364685688e+28
1.4772281224970779e-14 1.0657816869373736e+06 2.2194697862054882e+05 1.0713597416553269e+17 8.3449448578198620e+28
1.4434911382852522e-14 1.0652207082339497e+06 2.2002271167264492e+05 1.0581382534242470e+17 8.4653323584187576e+28
1.4105246404230745e-14 1.0646238485366865e+06 2.1809083462998117e+05 1.0448952673550907e+17 8.5862126503655961e+28
1.3783110325180794e-14 1.0639912077537454e+06 2.1615189697163508e+05 1.0316364043312016e+17 8.7059660991780562e+28
1.3468331200447878e-14 1.0633228213356617e+06 2.1420626303461532e+05 1.0183659261071683e+17 8.8245841415314565e+28
1.3160741011668400e-14 1.0626187599045283e+06 2.1225430135049223e+05 1.0050881618618627e+17 8.9428723588588550e+28
1.2860175577687812e-14 1.0618791683300422e+06 2.1029639792134342e+05 9.9180768113792032e+16 9.0598153432146188e+28
1.2566474466926146e-14 1.0611045239601959e+06 2.0833340416103482e+05 9.7853250819816832e+16 9.1761410169740016e+28
1.2279480911744954e-14 1.0602952183260354e+06 2.0636624362651876e+05 9.6527065627873776e+16 9.2911308499109043e+28
1.1999041724770400e-14 1.0594513214928019e+06 2.0439529085237166e+05 9.5202604238771024e+16 9.4051006482523673e+28
1.1725007217126900e-14 1.0585729360212083e+06 2.0242092266983521e+05 9.3880261486790416e+16 9.5173893755770975e+28
1.1457231118538169e-14 1.0576602022102994e+06 2.0044352005435384e+05 9.2560438038985584e+16 9.6292232560694229e+28
1.1195570499253468e-14 1.0567134113817904e+06 1.9846358415237392e+05 9.1243630095985152e+16 9.7392348546682745e+28
1.0939885693756198e-14 1.0557331107896359e+06 1.9648206574235079e+05 8.9930628081391568e+16 9.8476600789655924e+28
1.0690040226215535e-14 1.0547194716241115e+06 1.9449942145698989e+05 8.8621845147191232e+16 9.9544494930775801e+28
1.0445900737640148e-14 1.0536726327737500e+06 1.9251601602949866e+05 8.7317629023762304e+16 1.0059575578668150e+29
1.0207336914695582e-14 1.0525927579938658e+06 1.9053220036495046e+05 8.6018319673902384e+16 1.0163446418377962e+29
9.9742214201477500e-15 1.0514800861616889e+06 1.8854835497784262e+05 8.4724283349149936e+16 1.0264987626987930e+29
9.7464298248943204e-15 1.0503351703762875e+06 1.8656519935067304e+05 8.3436125566921760e+16 1.0364555953218129e+29
9.5238405415489943e-15 1.0491585769461605e+06 1.8458358744740466e+05 8.2154504860084352e+16 1.0462543754009064e+29
9.3063347595421789e-15 1.0479505258968701e+06 1.8260389373059926e+05 8.0879739209184240e+16 1.0558508011826343e+29
9.0937963817038467e-15 1.0467114128859817e+06 1.8062667607150038e+05 7.9612270146456496e+16 1.0652221011466523e+29
8.8861119622950472e-15 1.0454415952610091e+06 1.7865248206732725e+05 7.8352511660646576e+16 1.0743581056451468e+29
8.6831706464543330e-15 1.0441412902522621e+06 1.7668166641626981e+05 7.7100740847789344e+16 1.0832572248607643e+29
8.4848641110271021e-15 1.0428107501601918e+06 1.7471458848124571e+05 7.5857236729324656e+16 1.0920237607836788e+29
8.2910865067466053e-15 1.0414502404836714e+06 1.7275160146663818e+05 7.4622271853204080e+16 1.1004239630076185e+29
8.1017344017351153e-15 1.0400600876606567e+06 1.7079305787579829e+05 7.3396122246332256e+16 1.1086795096803403e+29
7.9167067262954120e-15 1.0386410089039486e+06 1.6883970767644880e+05 7.2179324586736624e+16 1.1166204680129503e+29
7.7359047189634282e-15 1.0371935860414476e+06 1.6689224265457460e+05 7.0972340307653528e+16 1.1243586964017507e+29
7.5592318737926421e-15 1.0357180913566585e+06 1.6495099137146911e+05 6.9775383543766456e+16 1.1318235282153810e+29
7.3865938888424051e-15 1.0342148067535625e+06 1.6301626986098444e+05 6.8588657588204008e+16 1.1390069888115323e+29
7.2178986158429975e-15 1.0326840408174986e+06 1.6108838893070159e+05 6.7412361758979832e+16 1.1459400269731101e+29
7.0530560110097832e-15 1.0311261551698010e+06 1.5916766645907439e+05 6.6246701800736168e+16 1.1526166549070331e+29
6.8919780869811397e-15 1.0295418503213581e+06 1.5725469711524542e+05 6.5092063414126672e+16 1.1589742546037568e+29
6.7345788658535760e-15 1.0279319991956475e+06 1.5535033919215592e+05 6.3948963899132352e+16 1.1651108257112653e+29
6.5807743332898606e-15 1.0262969135744312e+06 1.5345490080743068e+05 6.2817554433060176e+16 1.1709214378527660e+29
6.4304823936749431e-15 1.0246368633737623e+06 1.5156863921841234e+05 6.1697949408459072e+16 1.1763993851168505e+29
6.2836228262960381e-15 1.0229520643502007e+06 1.4969172820003412e+05 6.0590212740395432e+16 1.1816911446551590e+29
6.1401172425237023e-15 1.0212428586694177e+06 1.4782442820203825e+05 5.9494463904171736e+16 1.1866648942746062e+29
5.9998890439705759e-15 1.0195096642146865e+06 1.4596703028291042e+05 5.8410842351957304e+16 1.1913456670155869e+29
5.8628633816057044e-15 1.0177532146568476e+06 1.4412010689499360e+05 5.7339651204767488e+16 1.1956965435715935e+29
5.7289671158028247e-15 1.0159739740305523e+06 1.4228400871222172e+05 5.6281041065718680e+16 1.1997942138118606e+29
5.5981287773008504e-15 1.0141723062904435e+06 1.4045897760413404e+05 5.5235093158516336e+16 1.2035701742335804e+29
5.4702785290559493e-15 1.0123486989857794e+06 1.3864533830603585e+05 5.4201936436259392e+16 1.2069797165112111e+29
5.3453481289650542e-15 1.0105036317725253e+06 1.3684341606413867e+05 5.3181690333070848e+16 1.2102427168505624e+29
5.2232708934404756e-15 1.0086374725727412e+06 1.3505342844426178e+05 5.2174405847497928e+16 1.2131145709344652e+29
5.1039816618164203e-15 1.0067506130045737e+06 1.3327559303633348e+05 5.1180132280889528e+16 1.2157079507889195e+29
4.9874167615685985e-15 1.0048434788339548e+06 1.3151014385562003e+05 5.0198925402985504e+16 1.2179819710760037e+29
4.8735139743278304e-15 1.0029164750720364e+06 1.2975728011274959e+05 4.9230818355701312e+16 1.2199718576963820e+29
4.7622125026701672e-15 1.0009700292656069e+06 1.2801719242435138e+05 4.8275839633426064e+16 1.2216159221009064e+29
4.6534529376651431e-15 9.9900484229081322e+05 1.2629026302841592e+05 4.7334125055131096e+16 1.2230905189212183e+29
4.5471772271654456e-15 9.9702150982211682e+05 1.2457681289317548e+05 4.6405761480833008e+16 1.2241492164205721e+29
4.4433286448206034e-15 9.9502044162471883e+05 1.2287700569787696e+05 4.5490742907604376e+16 1.2250011466647830e+29
4.3418517597983386e-15 9.9300211361741007e+05 1.2119102846125900e+05 4.4589076828541680e+16 1.2255252770655475e+29
4.2426924071975897e-15 9.9096717922519008e+05 1.1951920138222944e+05 4.3700838571428208e+16 1.2257459999904919e+29
4.1457976591370770e-15 9.8891608595203713e+05 1.1786169253951649e+05 4.2826012033637176e+16 1.2257321123870914e+29
4.0511157965041552e-15 9.8684925573669164e+05 1.1621863477320746e+05 4.1964560873103624e+16 1.2254053640973771e+29
3.9585962813490184e-15 9.8476720465309499e+05 1.1459021264675932e+05 4.1116476044825984e+16 1.2247960406292122e+29
3.8681897299092095e-15 9.8267049470303219e+05 1.1297664285840999e+05 4.0281760174833704e+16 1.2239238753049813e+29
3.7798478862502085e-15 9.8055954445319145e+05 1.1137803551629055e+05 3.9460355306387864e+16 1.2227593089393607e+29
3.6935235965081540e-15 9.7843479266326700e+05 1.0979449571168216e+05 3.8652201293130944e+16 1.2213877751186745e+29
3.6091707837206704e-15 9.7629690574318799e+05 1.0822627034014234e+05 3.7857311134154536e+16 1.2197197958415404e+29
3.5267444232325131e-15 9.7414642334593425e+05 1.0667353349881081e+05 3.7075650638724568e+16 1.2177050559729522e+29
3.4462005186630304e-15 9.7198373833271326e+05 1.0513636315848345e+05 3.6307132640179272e+16 1.2155889185994751e+29
3.3674960784223519e-15 9.6980924627810647e+05 1.0361482765993939e+05 3.5551663882521424e+16 1.2131570744826377e+29
3.2905890927639030e-15 9.6762329268788535e+05 1.0210896245080575e+05 3.4809133598830904e+16 1.2105037511888722e+29
3.2154385113611301e-15 9.6542625773964520e+05 1.0061881595470839e+05 3.4079437909283240e+16 1.2075420714919539e+29
3.1420042213961282e-15 9.6321853099377698e+05 9.9144438240061732e+04 3.3362473020977508e+16 1.2044431127118511e+29
3.0702470261488918e-15 9.6100044850205281e+05 9.7685850209472119e+04 3.2658118527031056e+16 1.2010695978328408e+29
3.0001286240753394e-15 9.5877213524922065e+05 9.6242937908332635e+04 3.1966188905364056e+16 1.1973775038762173e+29
2.9316115883633456e-15 9.5653395111222996e+05 9.4815704124661279e+04 3.1286562128713320e+16 1.1935830665505677e+29
2.8646593469555428e-15 9.5428630086584541e+05 9.3404173568010490e+04 3.0619127184392176e+16 1.1895726433632341e+29
2.7992361630283719e-15 9.5202960326738155e+05 9.2008369831512711e+04 2.9963772906750612e+16 1.1853638162634138e+29
2.7353071159170559e-15 9.4976431608556083e+05 9.0628335381991346e+04 2.9320396840526444e+16 1.1808680203761572e+29
2.6728380824761013e-15 9.4749085840726644e+05 8.9264083069822853e+04 2.8688882013128200e+16 1.1761879477664513e+29
2.6117957188654957e-15 9.4520963353662484e+05 8.7915613370410298e+04 2.8069105680719624e+16 1.1713301816000453e+29
2.5521474427529691e-15 9.4292110220046842e+05 8.6582943478491943e+04 2.7460954843554432e+16 1.1662953324478669e+29
2.4938614159226217e-15 9.4062597134771454e+05 8.5266222481308534e+04 2.6864376330291512e+16 1.1610809224158204e+29
2.4369065272807395e-15 9.3832467010895826e+05 8.3965465472728800e+04 2.6279248783707308e+16 1.1556898208703368e+29
2.3812523762498158e-15 9.3601755586313282e+05 8.2680650589296172e+04 2.5705433032303864e+16 1.1500904923595817e+29
2.3268692565417277e-15 9.3370491719577916e+05 8.1411731721012140e+04 2.5142776990415160e+16 1.1443713780295294e+29
2.2737281403015041e-15 9.3138652467298938e+05 8.0158399744458133e+04 2.4591011441069648e+16 1.1384382623198540e+29
2.2218006626133126e-15 9.2906257667586999e+05 7.8920527252261163e+04 2.4049961042888564e+16 1.1323980549137838e+29
2.1710591063601611e-15 9.2673345627382735e+05 7.7698075092449712e+04 2.3519492400617584e+16 1.1261600652852601e+29
2.1214763874295099e-15 9.2439955881344608e+05 7.6491001420411179e+04 2.2999472553484720e+16 1.1198419996987921e+29
2.0730260402566669e-15 9.2206145324731478e+05 7.5299341566688614e+04 2.2489803488283440e+16 1.1133351961167780e+29
2.0256822036983470e-15 9.1971962808313931e+05 7.4123100351008165e+04 2.1990370832980912e+16 1.1067064483020671e+29
1.9794196072289361e-15 9.1737443763574155e+05 7.2962221155049789e+04 2.1501032978779744e+16 1.0999554099519654e+29
1.9342135574518784e-15 9.1502622877215419e+05 7.1816643672498263e+04 2.1021647379691832e+16 1.0930572958302472e+29
1.8900399249192402e-15 9.1267525986470853e+05 7.0686270810695118e+04 2.0552056017648612e+16 1.0860935555397693e+29
1.8468751312522100e-15 9.1032171458919393e+05 6.9570965721217479e+04 2.0092087032994576e+16 1.0789817737755089e+29
1.8046961365557400e-15 9.0796592878380558e+05 6.8470655832848191e+04 1.9641598253640232e+16 1.0717619030915788e+29
1.7634804271206827e-15 9.0560823315233982e+05 6.7385267527397082e+04 1.9200447813195424e+16 1.0644022914663497e+29
1.7232060034067163e-15 9.0324891353725293e+05 6.6314713174226170e+04 1.8768488188273540e+16 1.0570596945039537e+29
1.6838513682997199e-15 9.0088799692316586e+05 6.5258795543510481e+04 1.8345528568188952e+16 1.0495198312939232e+29
1.6453955156373893e-15 8.9852573496316466e+05 6.4217401269752627e+04 1.7931417536704584e+16 1.0419433210324586e+29
1.6078179189968424e-15 8.9616245110765903e+05 6.3190446501352104e+04 1.7526017249567222e+16 1.0342628719248996e+29
1.5710985207382948e-15 8.9379845261121739e+05 6.2177844113790583e+04 1.7129189179050732e+16 1.0265875737085535e+29
1.5352177212990160e-15 8.9143394499279116e+05 6.1179469898583448e+04 1.6740780674656560e+16 1.0187352041864181e+29
1.5001563687317299e-15 8.8906908128548088e+05 6.0195176087869018e+04 1.6360632436800038e+16 1.0108437062077121e+29
1.4658957484819409e-15 8.8670415534487250e+05 5.9224869244450594e+04 1.5988608841171674e+16 1.0028759145767664e+29
1.4324175733987857e-15 8.8433944017320324e+05 5.8268454045040671e+04 1.5624573851606118e+16 9.9492000805424760e+28
1.3997039739739272e-15 8.8197512076200719e+05 5.7325816820726010e+04 1.5268383327468056e+16 9.8684621982954253e+28
1.3677374888034679e-15 8.7961056889880390e+05 5.6396546204325947e+04 1.4919780578618558e+16 9.7876749669647688e+28
1.3365010552676013e-15 8.7724575774452754e+05 5.5480423733019226e+04 1.4578594820326402e+16 9.7055866895913083e+28
1.3059780004232072e-15 8.7488099398647831e+05 5.4577350432666077e+04 1.4244703974830662e+16 9.6234112515157298e+28
1.2761520321043861e-15 8.7251657854265173e+05 5.3687225394965186e+04 1.3917986436391546e+16 9.5411998797784903e+28
1.2470072302262402e-15 8.7015280517555866e+05 5.2809944915022621e+04 1.3598320792836458e+16 9.4583355401517210e+28
1.2185280382873081e-15 8.6778995796084125e+05 5.1945400400158345e+04 1.3285585304242106e+16 9.3756790774815882e+28
1.1906992550660171e-15 8.6542832431887113e+05 5.1093485474040332e+04 1.2979660260627450e+16 9.2919240038727869e+28
1.1635060265067758e-15 8.6306819299114821e+05 5.0254093538158690e+04 1.2680427264794570e+16 9.2081294907112593e+28
1.1369338377914151e-15 8.6070985617616447e+05 4.9427117937860196e+04 1.2387769364295658e+16 9.1245679100775258e+28
1.1109685055916584e-15 8.5835363861133601e+05 4.8612463098334381e+04 1.2101574831919744e+16 9.0406199822884271e+28
1.0855961704985305e-15 8.5599990423249034e+05 4.7810049262130517e+04 1.1821738102211734e+16 8.9568137437036359e+28
1.0608032896247057e-15 8.5364890856692253e+05 4.7019766403647642e+04 1.1548143117371466e+16 8.8725191939095986e+28
1.0365766293757621e-15 8.5130089519682934e+05 4.6241503824763087e+04 1.1280674506293730e+16 8.7885110490632944e+28
1.0129032583865274e-15 8.4895606737249275e+05 4.5475149056631017e+04 1.1019216109747844e+16 8.7043355563742840e+28
9.8977054061878349e-16 8.4661399683681456e+05 4.4720415374780001e+04 1.0763590470094458e+16 8.6204084749978985e+28
9.6716612861656596e-16 8.4427398074860359e+05 4.3976906298506372e+04 1.0513591754692256e+16 8.5361911491561722e+28
9.4507795691550233e-16 8.4193629163909960e+05 4.3244508142723658e+04 1.0269117950256012e+16 8.4522162424355185e+28
9.2349423560270548e-16 8.3960121699616069e+05 4.2523110256497086e+04 1.0030069493786676e+16 8.3685485460339074e+28
9.0240344402369017e-16 8.3726906027633103e+05 4.1812602123941899e+04 9.7963486883672380e+15 8.2845508372942500e+28
8.8179432463306952e-16 8.3494037031980453e+05 4.1112936063536334e+04 9.5678809039972620e+15 8.2013451125823063e+28
8.6165587698563285e-16 8.3261585143855587e+05 4.0424118035332656e+04 9.3446076332351380e+15 8.1179567011167961e+28
8.4197735186470735e-16 8.3029577556589397e+05 3.9746037037779417e+04 9.1264306950098860e+15 8.0348283878906952e+28
8.2274824554458266e-16 8.2798038882902788e+05 3.9078576200484968e+04 8.9132511339089710e+15 7.9516851917730485e+28
8.0395829418396960e-16 8.2566994428782747e+05 3.8421620566881465e+04 8.7049719453852340e+15 7.8693981283032711e+28
