8.0395829418396959e-13 8.4634916976132279e+05 2.9445425758176995e+05 1.1158661408591750e+17 1.9778217744031067e+27
7.8559746834753246e-13 8.4786513332194742e+05 2.9505981251269404e+05 1.1230800427631203e+17 2.0032131971061926e+27
7.6765596765250801e-13 8.4939633300942089e+05 2.9566518195394310e+05 1.1303428583384032e+17 2.0294180144668836e+27
7.5012421553758558e-13 8.5094270570942224e+05 2.9627026013227802e+05 1.1376540809538320e+17 2.0564515084335539e+27
7.3299285415128468e-13 8.5250402523599053e+05 2.9687485894567840e+05 1.1450121353910859e+17 2.0843913930170565e+27
7.1625273935704306e-13 8.5407996719989157e+05 2.9747876997305971e+05 1.1524151971238942e+17 2.1131591962997296e+27
6.9989493585237990e-13 8.5567030563416018e+05 2.9808179820829979e+05 1.1598616393932275e+17 2.1427804690668241e+27
6.8391071239955609e-13 8.5727497181727609e+05 2.9868378975196055e+05 1.1673503624913056e+17 2.1733664064019285e+27
6.6829153716511489e-13 8.5889407147829223e+05 2.9928466124125803e+05 1.1748811431649315e+17 2.2048133426737021e+27
6.5302907316589952e-13 8.6052745484493067e+05 2.9988426703532832e+05 1.1824528463613434e+17 2.2373411443588156e+27
6.3811517381904706e-13 8.6217479619366722e+05 3.0048239922707522e+05 1.1900635452545304e+17 2.2708186866881868e+27
6.2354187859361313e-13 8.6383577091776161e+05 3.0107883789200924e+05 1.1977111590586925e+17 2.3053035870312701e+27
6.0930140876152718e-13 8.6551030010543717e+05 3.0167342763104924e+05 1.2053944832114200e+17 2.3408573729317377e+27
5.9538616324556484e-13 8.6719828724063060e+05 3.0226601798659586e+05 1.2131123264085941e+17 2.3774904348529849e+27
5.8178871456214496e-13 8.6889944403193740e+05 3.0285640535894060e+05 1.2208627886486645e+17 2.4151866518215146e+27
5.6850180485680912e-13 8.7061380722539779e+05 3.0344446236530336e+05 1.2286449897527618e+17 2.4541292089457800e+27
5.5551834203020698e-13 8.7234124730639404e+05 3.0403004460216261e+05 1.2364577348919264e+17 2.4941741503988058e+27
5.4283139595259256e-13 8.7408139300782408e+05 3.0461292353390227e+05 1.2442986777387982e+17 2.5354383410929847e+27
5.3043419476474946e-13 8.7583419210521970e+05 3.0519295507642056e+05 1.2521666612866938e+17 2.5780123813315031e+27
5.1832012126339740e-13 8.7759949692287936e+05 3.0576998988855362e+05 1.2600603576919643e+17 2.6218503019062179e+27
5.0648270936916735e-13 8.7937691186590155e+05 3.0634379208386876e+05 1.2679772426202267e+17 2.6670473493950981e+27
4.9491564067522283e-13 8.8116641815155663e+05 3.0691422087472054e+05 1.2759161901056333e+17 2.7136081595313617e+27
4.8361274107470329e-13 8.8296799577400764e+05 3.0748115615882876e+05 1.2838762661147619e+17 2.7616336191684726e+27
4.7256797746521049e-13 8.8478147391327645e+05 3.0804445540359826e+05 1.2918561296086643e+17 2.8109441986763075e+27
4.6177545452852868e-13 8.8660647063477151e+05 3.0860392889694305e+05 1.2998536286985128e+17 2.8618180253302851e+27
4.5122941158391827e-13 8.8844259030821477e+05 3.0915934523604350e+05 1.3078661652350021e+17 2.9142946048135864e+27
4.4092421951325472e-13 8.9028995601505565e+05 3.0971062648695626e+05 1.3158934101622266e+17 2.9682893779175920e+27
4.3085437775639206e-13 8.9214869155774917e+05 3.1025771972182352e+05 1.3239351960181066e+17 3.0239178751579549e+27
4.2101451137516242e-13 8.9401889303836704e+05 3.1080063595654687e+05 1.3319920297105733e+17 3.0812152477417939e+27
4.1139936818441155e-13 8.9590031663808320e+05 3.1133940177002025e+05 1.3400640774903470e+17 3.1403177386695612e+27
4.0200381594855675e-13 8.9779179658985487e+05 3.1187405150538206e+05 1.3481502506181418e+17 3.2012602216611591e+27
3.9282283964218600e-13 8.9968397486711654e+05 3.1240235576530348e+05 1.3562146494991576e+17 3.2633696371961291e+27
3.8385153877319545e-13 9.0157699187690066e+05 3.1292319898805174e+05 1.3642459284072893e+17 3.3271420429038228e+27
3.7508512476708503e-13 9.0347858491999470e+05 3.1343775682211487e+05 1.3722671538781438e+17 3.3928607011474816e+27
3.6651891841097572e-13 9.0538864609203115e+05 3.1394587341111113e+05 1.3802766098140459e+17 3.4605498662550039e+27
3.5814834735600098e-13 9.0730669528938609e+05 3.1444726037698152e+05 1.3882706676667946e+17 3.5302075305470982e+27
3.4996894367675177e-13 9.0923253250959993e+05 3.1494168502393953e+05 1.3962466468892890e+17 3.6019808323881871e+27
3.4197634148644563e-13 9.1116597655528598e+05 3.1542892767846875e+05 1.4042020129205813e+17 3.6756553854839311e+27
3.3416627460656126e-13 9.1310666219951131e+05 3.1590872959395644e+05 1.4121335263528200e+17 3.7517474069134956e+27
3.2653457428970620e-13 9.1505430968084885e+05 3.1638085081593035e+05 1.4200382361416538e+17 3.8304391870438939e+27
3.1907716699447724e-13 9.1700838697305543e+05 3.1684497844142054e+05 1.4279120442506205e+17 3.9112112899150155e+27
3.1179007221113923e-13 9.1896886359477614e+05 3.1730086187320825e+05 1.4357522034354118e+17 3.9943951097684094e+27
3.0466940033697372e-13 9.2093580216457963e+05 3.1774830924905551e+05 1.4435567848863843e+17 4.0799478368067788e+27
2.9771135060013152e-13 9.2290894936909131e+05 3.1818710453688487e+05 1.4513230381239754e+17 4.1682522883580304e+27
2.9091220903091890e-13 9.2488803989872581e+05 3.1861702350606554e+05 1.4590481202202986e+17 4.2591041293318197e+27
2.8426834647940371e-13 9.2687242621652083e+05 3.1903779823451414e+05 1.4667280643789990e+17 4.3527676125179491e+27
2.7777621667829500e-13 9.2886164708371786e+05 3.1944912771778635e+05 1.4743588364298813e+17 4.4492242104809641e+27
2.7143235435007391e-13 9.3085546014120709e+05 3.1985074082433630e+05 1.4819370469828048e+17 4.5485481636729939e+27
2.6523337335734285e-13 9.3285366940412507e+05 3.2024237112564914e+05 1.4894594443127120e+17 4.6507281120363212e+27
2.5917596489541772e-13 9.3485623519260623e+05 3.2062378168769873e+05 1.4969233081031933e+17 4.7561282555702979e+27
2.5325689572620839e-13 9.3686305391828762e+05 3.2099478938113479e+05 1.5043263915533322e+17 4.8647192178784334e+27
2.4747300645241784e-13 9.3887321307793562e+05 3.2135510144820641e+05 1.5116638481318717e+17 4.9764666393154988e+27
2.4182120983117104e-13 9.4088628103926044e+05 3.2170439987894171e+05 1.5189314003128016e+17 5.0915970104769790e+27
2.3629848912614671e-13 9.4290222975402488e+05 3.2204241696370754e+05 1.5261259620365190e+17 5.2100661594606605e+27
2.3090189649734352e-13 9.4492093825135066e+05 3.2236891990574135e+05 1.5332446840123680e+17 5.3323846997865162e+27
2.2562855142762949e-13 9.4694184970508364e+05 3.2268364413826383e+05 1.5402835444124250e+17 5.4580527455085754e+27
2.2047563918521709e-13 9.4896462705265020e+05 3.2298629849575530e+05 1.5472386669946304e+17 5.5875327655659867e+27
2.1544040932125280e-13 9.5098913058656023e+05 3.2327662493452808e+05 1.5541068343903123e+17 5.7209773848699224e+27
2.1052017420172673e-13 9.5301523639446252e+05 3.2355440565352142e+05 1.5608853363029709e+17 5.8582874695777125e+27
2.0571230757290243e-13 9.5504224860263569e+05 3.2381941525015543e+05 1.5675702381750378e+17 5.9997236014257506e+27
2.0101424315950971e-13 9.5706962782588589e+05 3.2407136237551732e+05 1.5741572062741318e+17 6.1454594644345221e+27
1.9642347329496030e-13 9.5909689849028911e+05 3.2430996078302263e+05 1.5806420656940813e+17 6.2955334694143440e+27
1.9193754758283432e-13 9.6112354709500645e+05 3.2453487387396820e+05 1.5870200048134982e+17 6.4500032507686720e+27
1.8755407158894795e-13 9.6314945910356427e+05 3.2474575264889834e+05 1.5932868696960112e+17 6.6089221300162676e+27
1.8327070556328355e-13 9.6517480705870211e+05 3.2494232305002038e+05 1.5994398416431130e+17 6.7726588381691635e+27
1.7908516319110873e-13 9.6719932811292831e+05 3.2512438658279774e+05 1.6054761361337885e+17 6.9413006476207878e+27
1.7499521037262478e-13 9.6922225510071113e+05 3.2529170246219629e+05 1.6113914326142522e+17 7.1148739025139060e+27
1.7099866403047436e-13 9.7124332074714650e+05 3.2544401238743571e+05 1.6171822370793040e+17 7.2936288966425779e+27
1.6709339094449448e-13 9.7326182143697503e+05 3.2558105910910649e+05 1.6228441600901840e+17 7.4775988605035750e+27
1.6327730661307397e-13 9.7527733739129140e+05 3.2570250976018200e+05 1.6283725987282240e+17 7.6670151726376474e+27
1.5954837414051565e-13 9.7728973115705512e+05 3.2580802697606845e+05 1.6337634885177277e+17 7.8620302868762990e+27
1.5590460314981504e-13 9.7929890649269300e+05 3.2589732650257088e+05 1.6390134541563658e+17 8.0627237757295467e+27
1.5234404872026269e-13 9.8130459921527142e+05 3.2597018862463179e+05 1.6441194462041299e+17 8.2694123904841570e+27
1.4886481034931015e-13 9.8330624733794224e+05 3.2602638894396520e+05 1.6490777544723024e+17 8.4819410083930652e+27
1.4546503093815020e-13 9.8530364294994262e+05 3.2606570334308955e+05 1.6538854085257059e+17 8.7007758188836041e+27
1.4214289580045901e-13 9.8729587368069822e+05 3.2608795684380201e+05 1.6585384611280938e+17 8.9260348450880701e+27
1.3889663169377659e-13 9.8928241948142368e+05 3.2609281304086518e+05 1.6630320671728499e+17 9.1579810436631580e+27
1.3572450587301461e-13 9.9126319781786797e+05 3.2607988614790741e+05 1.6673618573770522e+17 9.3964435552439436e+27
1.3262482516557153e-13 9.9323835963207996e+05 3.2604887751202146e+05 1.6715250042826749e+17 9.6415792054034421e+27
1.2959593506757878e-13 9.9520774994598958e+05 3.2599969512077630e+05 1.6755201457519283e+17 9.8942274145127738e+27
1.2663621886078123e-13 9.9716990669801726e+05 3.2593234046572173e+05 1.6793439374451114e+17 1.0154052143559940e+28
1.2374409674958667e-13 9.9912415987064107e+05 3.2584647177678812e+05 1.6829912303159750e+17 1.0421059365786943e+28
1.2091802501782780e-13 1.0010703437558855e+06 3.2574164710516960e+05 1.6864569232494093e+17 1.0695413356350305e+28
1.1815649520477777e-13 1.0030084675343502e+06 3.2561749674320279e+05 1.6897372362817110e+17 1.0977794627439192e+28
1.1545803329998362e-13 1.0049383381677958e+06 3.2547377184981992e+05 1.6928291521349917e+17 1.1268582173632436e+28
1.1282119895649331e-13 1.0068594370630460e+06 3.2531030461839843e+05 1.6957298315727258e+17 1.1567223058195167e+28
1.1024458472204377e-13 1.0087714916173309e+06 3.2512686431352695e+05 1.6984363185432813e+17 1.1874171429463378e+28
1.0772681528781416e-13 1.0106741243905397e+06 3.2492334596698213e+05 1.7009468030720240e+17 1.2189977599790739e+28
1.0526654675433147e-13 1.0125663281790380e+06 3.2469966934445105e+05 1.7032581811398768e+17 1.2514462160486755e+28
1.0286246591414157e-13 1.0144476840670663e+06 3.2445550781581755e+05 1.7053662239741440e+17 1.2847816619373293e+28
1.0051328955086642e-13 1.0163179762850590e+06 3.2419049138629646e+05 1.7072667838332464e+17 1.3190431359849259e+28
9.8217763754265583e-14 1.0181770768477991e+06 3.2390431957056897e+05 1.7089567269787744e+17 1.3542443421140180e+28
9.5974663250940560e-14 1.0200248199220108e+06 3.2359682289206784e+05 1.7104342378467261e+17 1.3903993715148300e+28
9.3782790750328011e-14 1.0218602705544885e+06 3.2326809407149488e+05 1.7116983036415488e+17 1.4275644280954696e+28
9.1640976305625656e-14 1.0236827579803828e+06 3.2291791452159925e+05 1.7127453562776496e+17 1.4657508389219528e+28
8.9548076689313450e-14 1.0254919066578866e+06 3.2254594096876151e+05 1.7135712878305440e+17 1.5049004929872845e+28
8.7502974782940347e-14 1.0272875062847048e+06 3.2215180749072123e+05 1.7141722990744995e+17 1.5451044588432886e+28
8.5504578980841602e-14 1.0290693215930562e+06 3.2173524661559390e+05 1.7145455684593130e+17 1.5863928101418302e+28
8.3551822607479450e-14 1.0308370826854906e+06 3.2129608921628003e+05 1.7146892517470762e+17 1.6287765445490762e+28
8.1643663348086941e-14 1.0325902341424832e+06 3.2083426230772992e+05 1.7146017978008867e+17 1.6722659592631146e+28
7.9779082692314898e-14 1.0343285121263738e+06 3.2034955081007152e+05 1.7142809738782480e+17 1.7169676213126111e+28
7.7957085390588123e-14 1.0360516180343801e+06 3.1984185070377006e+05 1.7137257488201373e+17 1.7627466250993631e+28
7.6176698922872544e-14 1.0377590052777248e+06 3.1931116149384255e+05 1.7129353586764157e+17 1.8097410629109363e+28
7.4436972979579387e-14 1.0394504329586715e+06 3.1875731477105600e+05 1.7119083011403837e+17 1.8579252375495218e+28
7.2736978954321352e-14 1.0411255814714541e+06 3.1818037216632179e+05 1.7106452089631334e+17 1.9073792451495544e+28
7.1075809448253324e-14 1.0427833924031324e+06 3.1758060727018223e+05 1.7091468479879248e+17 1.9580326371057279e+28
6.9452577785735583e-14 1.0444233448001312e+06 3.1695777606011042e+05 1.7074102347384099e+17 2.0099400866652207e+28
6.7866417541055714e-14 1.0460449936718993e+06 3.1631157759829494e+05 1.7054320873011107e+17 2.0631256693039093e+28
6.6316482075959181e-14 1.0476480372606929e+06 3.1564167230077874e+05 1.7032091930113779e+17 2.1176161526915789e+28
6.4801944087744509e-14 1.0492321039065232e+06 3.1494781671762012e+05 1.7007392170456061e+17 2.1733570058835492e+28
6.3321995167676364e-14 1.0507968642458369e+06 3.1422976920179749e+05 1.6980199779167683e+17 2.2305405298437290e+28
6.1875845369483762e-14 1.0523421412050058e+06 3.1348724697604694e+05 1.6950494298631075e+17 2.2890163086574028e+28
6.0462722787715319e-14 1.0538677959122881e+06 3.1272010058140266e+05 1.6918270150416246e+17 2.3489387551274418e+28
5.9081873145721601e-14 1.0553737966742041e+06 3.1192831904078473e+05 1.6883539280949619e+17 2.4103223816849618e+28
5.7732559393047217e-14 1.0568594597894351e+06 3.1111254020468704e+05 1.6846358670779974e+17 2.4730836768907286e+28
5.6414061312020209e-14 1.0583241729862578e+06 3.1027288813166140e+05 1.6806736843906624e+17 2.5372580860815073e+28
5.5125675133322412e-14 1.0597676562744959e+06 3.0940924289626029e+05 1.6764668480172995e+17 2.6029110782031621e+28
5.3866713160343085e-14 1.0611895027578885e+06 3.0852174612218986e+05 1.6720170380523040e+17 2.6700506366996644e+28
5.2636503402109189e-14 1.0625890741077587e+06 3.0761052738650102e+05 1.6673251702969475e+17 2.7386800672466291e+28
5.1434389214598862e-14 1.0639659588389585e+06 3.0667543463661347e+05 1.6623901381398474e+17 2.8087318053102371e+28
5.0259728950248755e-14 1.0653197581526476e+06 3.0571629311243125e+05 1.6572107348844346e+17 2.8803017263517047e+28
4.9111895615462751e-14 1.0666502121832380e+06 3.0473288509080652e+05 1.6517858120765971e+17 2.9534624225481295e+28
4.7990276535945624e-14 1.0679570491190497e+06 3.0372510329014290e+05 1.6461153309063510e+17 3.0280952581873750e+28
4.6894273029677714e-14 1.0692400911298890e+06 3.0269290790514514e+05 1.6402002109635798e+17 3.1043001946362644e+28
4.5823300087358381e-14 1.0704989967334077e+06 3.0163663579327898e+05 1.6340444759347197e+17 3.1820888352846578e+28
4.4776786060149089e-14 1.0717333060888392e+06 3.0055648928337963e+05 1.6276505334247568e+17 3.2614202357080251e+28
4.3754172354546191e-14 1.0729427587735499e+06 2.9945242711140763e+05 1.6210191545343952e+17 3.3423372793117918e+28
4.2754913134222209e-14 1.0741271614739201e+06 2.9832452909089008e+05 1.6141524732359162e+17 3.4248622599523962e+28
4.1778475028678120e-14 1.0752860587810588e+06 2.9717322630496317e+05 1.6070551009509626e+17 3.5089242111797960e+28
4.0824336848547811e-14 1.0764190964558145e+06 2.9599856529801351e+05 1.5997284204025462e+17 3.5945827795652283e+28
3.9891989307404462e-14 1.0775260088306081e+06 2.9480054132809286e+05 1.5921736618981446e+17 3.6818224050118831e+28
3.8980934749921996e-14 1.0786065476557203e+06 2.9357931259428908e+05 1.5843936229297622e+17 3.7707177634499631e+28
3.8090686886242321e-14 1.0796603249125779e+06 2.9233515008024452e+05 1.5763917245329315e+17 3.8611134005272790e+28
3.7220770532411519e-14 1.0806870693623649e+06 2.9106807976986491e+05 1.5681695415376074e+17 3.9532000154502038e+28
3.6370721356742348e-14 1.0816865684728755e+06 2.8977815099067311e+05 1.5597291044975162e+17 4.0467915560917052e+28
3.5540085631969392e-14 1.0826585964559584e+06 2.8846568899554596e+05 1.5510748371763219e+17 4.1419303881274236e+28
3.4728419993065977e-14 1.0836027981039116e+06 2.8713097584748449e+05 1.5422104784180787e+17 4.2385997454544591e+28
3.3935291200589816e-14 1.0845189620236829e+06 2.8577407920844964e+05 1.5331382193542874e+17 4.3368838304696973e+28
3.3160275909435640e-14 1.0854069451007722e+06 2.8439511579283135e+05 1.5238609808454640e+17 4.4367007645804440e+28
3.2402960442867525e-14 1.0862665246529675e+06 2.8299461684035813e+05 1.5143850449099203e+17 4.5380170093402474e+28
3.1662940571711986e-14 1.0870973978748987e+06 2.8157292496182024e+05 1.5047147353763610e+17 4.6409947706484514e+28
3.0939821298595029e-14 1.0878993083281182e+06 2.8013014552905795e+05 1.4948526050738915e+17 4.7452727866882627e+28
3.0233216647105607e-14 1.0886720984537818e+06 2.7866641208893410e+05 1.4848016416100643e+17 4.8511253392838064e+28
2.9542749455774224e-14 1.0894155851376574e+06 2.7718209352626535e+05 1.4745668286757962e+17 4.9583967051814068e+28
2.8868051176757726e-14 1.0901295558480865e+06 2.7567747293359588e+05 1.4641522999021920e+17 5.0672118930142042e+28
2.8208761679120653e-14 1.0908138466054038e+06 2.7415271032905637e+05 1.4535613585247411e+17 5.1771244292057780e+28
2.7564529056609296e-14 1.0914684051489548e+06 2.7260800630943145e+05 1.4427979293789760e+17 5.2885495323325451e+28
2.6935009439816838e-14 1.0920932126840977e+06 2.7104406494202901e+05 1.4318701650297062e+17 5.4015042780769196e+28
2.6319866812637211e-14 1.0926880227396230e+06 2.6946155752135679e+05 1.4207852180566629e+17 5.5156749080960091e+28
2.5718772832910860e-14 1.0932526401658393e+06 2.6786067360082059e+05 1.4095464037024987e+17 5.6311258165819948e+28
2.5131406657167638e-14 1.0937869019110012e+06 2.6624161705555161e+05 1.3981572636465382e+17 5.7477579755316846e+28
2.4557454769370657e-14 1.0942906983825208e+06 2.6460468101698428e+05 1.3866222068530045e+17 5.8657450926823429e+28
2.3996610813572847e-14 1.0947638876574545e+06 2.6295027291149582e+05 1.3749464483018606e+17 5.9846692052914003e+28
2.3448575430394285e-14 1.0952063496852068e+06 2.6127863543581960e+05 1.3631339287423219e+17 6.1046807070965379e+28
2.2913056097234067e-14 1.0956180082677696e+06 2.5959001847284520e+05 1.3511887803834165e+17 6.2257987976006245e+28
2.2389766972132404e-14 1.0959988821182023e+06 2.5788474461562710e+05 1.3391159577001946e+17 6.3480752313546885e+28
2.1878428741197178e-14 1.0963490048476793e+06 2.5616360973566890e+05 1.3269240560716277e+17 6.4711692503399882e+28
2.1378768469516348e-14 1.0966682960730079e+06 2.5442704269125729e+05 1.3146184248524322e+17 6.5954168079764354e+28
2.0890519455474319e-14 1.0969567081567829e+06 2.5267532998757745e+05 1.3022033927111086e+17 6.7204599991844785e+28
2.0413421088395478e-14 1.0972142594236934e+06 2.5090878203405280e+05 1.2896836411274710e+17 6.8460066961057579e+28
1.9947218709439593e-14 1.0974411116068019e+06 2.4912802826961075e+05 1.2770665776692747e+17 6.9727634903624216e+28
1.9491663475673367e-14 1.0976373096046813e+06 2.4733400610771554e+05 1.2643614685833306e+17 7.0998957290708179e+28
1.9046512227246311e-14 1.0978027899549694e+06 2.4552705049274195e+05 1.2515726981477531e+17 7.2276607488903526e+28
1.8611527357600804e-14 1.0979375160041875e+06 2.4370747964503089e+05 1.2387045649267530e+17 7.3560410205747477e+28
1.8186476686645556e-14 1.0980414939238227e+06 2.4187562874451245e+05 1.2257615909064830e+17 7.4849104612417349e+28
1.7771133336825583e-14 1.0981148129659034e+06 2.4003203251639186e+05 1.2127498871928235e+17 7.6141419640723447e+28
1.7365275612023216e-14 1.0981574879216701e+06 2.3817717199718492e+05 1.1996749612887299e+17 7.7437870693150837e+28
1.6968686879223694e-14 1.0981695652746109e+06 2.3631139499542082e+05 1.1865413249689352e+17 7.8739898080922344e+28
1.6581155452884349e-14 1.0981511235219345e+06 2.3443506277342056e+05 1.1733536753549694e+17 8.0037251219215594e+28
1.6202474481943860e-14 1.0981023461666363e+06 2.3254858583635121e+05 1.1601172665797392e+17 8.1340358836841693e+28
1.5832441839412017e-14 1.0980235875860406e+06 2.3065301056653576e+05 1.1468421194972637e+17 8.2644731625920623e+28
1.5470860014481690e-14 1.0979149588615061e+06 2.2874900494564301e+05 1.1335348108466264e+17 8.3948519313670753e+28
1.5117536007103770e-14 1.0977765087410172e+06 2.2683693931726608e+05 1.1201996253983267e+17 8.5249625071202641e+28
1.4772281224970779e-14 1.0976083213563054e+06 2.2491719151382096e+05 1.1068409314755094e+17 8.6550387954316810e+28
1.4434911382852522e-14 1.0974105173874276e+06 2.2299015098968518e+05 1.0934632222742363e+17 8.7847830221345199e+28
1.4105246404230745e-14 1.0971833154291837e+06 2.2105642669441397e+05 1.0800726258212806e+17 8.9142626502710791e+28
1.3783110325180794e-14 1.0969268640442167e+06 2.1911652041214361e+05 1.0666742727767349e+17 9.0432557455311004e+28
1.3468331200447878e-14 1.0966412982025770e+06 2.1717081961926274e+05 1.0532724346484704e+17 9.1719099721907818e+28
1.3160741011668400e-14 1.0963267935970568e+06 2.1521971778888314e+05 1.0398714537571099e+17 9.2997033710873632e+28
1.2860175577687812e-14 1.0959835865526793e+06 2.1326362161345649e+05 1.0264758492035682e+17 9.4270704614872401e+28
1.2566474466926146e-14 1.0956121237608122e+06 2.1130331610729411e+05 1.0130929715880974e+17 9.5535598795754609e+28
1.2279480911744954e-14 1.0952127536623508e+06 2.0933964502978345e+05 9.9973014127254320e+16 9.6795603537366889e+28
1.1999041724770400e-14 1.0947856440996483e+06 2.0737300027175431e+05 9.8639123703721104e+16 9.8043061055978658e+28
1.1725007217126900e-14 1.0943310058052675e+06 2.0540378329062951e+05 9.7308023214749344e+16 9.9280047132144230e+28
1.1457231118538169e-14 1.0938490758348848e+06 2.0343239334002874e+05 9.5980107577624112e+16 1.0051051960075631e+29
1.1195570499253468e-14 1.0933401987067312e+06 2.0145932793299935e+05 9.4655849881219424e+16 1.0172644686232665e+29
1.0939885693756198e-14 1.0928048433667184e+06 1.9948544453686191e+05 9.3335958682861696e+16 1.0293087459962746e+29
1.0690040226215535e-14 1.0922432553103089e+06 1.9751120155517370e+05 9.2020832045881488e+16 1.0412311643581353e+29
1.0445900737640148e-14 1.0916556360796904e+06 1.9553693999124103e+05 9.0710780258167776e+16 1.0530091725928347e+29
1.0207336914695582e-14 1.0910422065118491e+06 1.9356293391699312e+05 8.9406073577231248e+16 1.0646230023947516e+29
9.9742214201477500e-15 1.0904033174681868e+06 1.9158957611586267e+05 8.8107073247497744e+16 1.0761151679679842e+29
9.7464298248943204e-15 1.0897395322053400e+06 1.8961756781112688e+05 8.6814359888362816e+16 1.0874494182514237e+29
9.5238405415489943e-15 1.0890513827539848e+06 1.8764772964424352e+05 8.5528559333885440e+16 1.0985912946996616e+29
9.3063347595421789e-15 1.0883391833782117e+06 1.8568044933750585e+05 8.4249983915961008e+16 1.1095651527537572e+29
9.0937963817038467e-15 1.0876033456786589e+06 1.8371624510234947e+05 8.2979033636258896e+16 1.1203546480280653e+29
8.8861119622950472e-15 1.0868442501205681e+06 1.8175562538136216e+05 8.1716084329717392e+16 1.1309700397674759e+29
8.6831706464543330e-15 1.0860622061373456e+06 1.7979895778731367e+05 8.0461408263356864e+16 1.1413727205202211e+29
8.4848641110271021e-15 1.0852575078922529e+06 1.7784654547214133e+05 7.9215231041921872e+16 1.1516000386571486e+29
8.2910865067466053e-15 1.0844304962287538e+06 1.7589869963988062e+05 7.7977787491678416e+16 1.1615920868259032e+29
8.1017344017351153e-15 1.0835816062056813e+06 1.7395578675004991e+05 7.6749353067153552e+16 1.1713897636161181e+29
7.9167067262954120e-15 1.0827115260300150e+06 1.7201852282087144e+05 7.5530434370177168e+16 1.1809777764288827e+29
7.7359047189634282e-15 1.0818208194033965e+06 1.7008757145907872e+05 7.4321467935916416e+16 1.1903311661794659e+29
7.5592318737926421e-15 1.0809098474956835e+06 1.6816327222546609e+05 7.3122664687318736e+16 1.1994559289063978e+29
7.3865938888424051e-15 1.0799789439194924e+06 1.6624589701060171e+05 7.1934187245796280e+16 1.2083307522494468e+29
7.2178986158429975e-15 1.0790284816382390e+06 1.6433570175465275e+05 7.0756192039455224e+16 1.2169952560402251e+29
7.0530560110097832e-15 1.0780589292177639e+06 1.6243301598992490e+05 6.9588885773379840e+16 1.2254037574920647e+29
6.8919780869811397e-15 1.0770709955511752e+06 1.6053841984776934e+05 6.8432640509681152e+16 1.2335700389140970e+29
6.7345788658535760e-15 1.0760654455032100e+06 1.5865272256062963e+05 6.7287940122434112e+16 1.2414977275978006e+29
6.5807743332898606e-15 1.0750426714572422e+06 1.5677624117060291e+05 6.6154934964888088e+16 1.2491612182042899e+29
6.4304823936749431e-15 1.0740030082750302e+06 1.5490921921530907e+05 6.5033721729334240e+16 1.2565609874564179e+29
6.2836228262960381e-15 1.0729467232391250e+06 1.5305174116563168e+05 6.3924301272816256e+16 1.2637021734394955e+29
6.1401172425237023e-15 1.0718742565519167e+06 1.5120406865403842e+05 6.2826791102175768e+16 1.2705706010020292e+29
5.9998890439705759e-15 1.0707861193146880e+06 1.4936649869834149e+05 6.1741330683934224e+16 1.2772279989521651e+29
5.8628633816057044e-15 1.0696829860773189e+06 1.4753954414001075e+05 6.0668185773105776e+16 1.2835680405566307e+29
5.7289671158028247e-15 1.0685653688350932e+06 1.4572354365224214e+05 5.9607498894636280e+16 1.2896589005862107e+29
5.5981287773008504e-15 1.0674337295768945e+06 1.4391875094765067e+05 5.8559356396060240e+16 1.2954503190382827e+29
5.4702785290559493e-15 1.0662885725173010e+06 1.4212545120820671e+05 5.7523860707667600e+16 1.3009873515732523e+29
5.3453481289650542e-15 1.0651303981386810e+06 1.4034392558799841e+05 5.6501105339575528e+16 1.3062773782891107e+29
5.2232708934404756e-15 1.0639596732138190e+06 1.3857440358335435e+05 5.5491148358274528e+16 1.3112761300588639e+29
5.1039816618164203e-15 1.0627768652011142e+06 1.3681709676571537e+05 5.4494033806892408e+16 1.3160014977216348e+29
4.9874167615685985e-15 1.0615824205214686e+06 1.3507217251362541e+05 5.3509778559348552e+16 1.3204204386850096e+29
4.8735139743278304e-15 1.0603768392306652e+06 1.3333983274203920e+05 5.2538419589563304e+16 1.3246458228848529e+29
4.7622125026701672e-15 1.0591606599699338e+06 1.3162028038188576e+05 5.1579994056111376e+16 1.3285477153615256e+29
4.6534529376651431e-15 1.0579345627574543e+06 1.2991386179393696e+05 5.0634620189085864e+16 1.3321799797565506e+29
4.5471772271654456e-15 1.0566991542231482e+06 1.2822087423840615e+05 4.9702375454099824e+16 1.3355303825727074e+29
4.4433286448206034e-15 1.0554549481263391e+06 1.2654149449869612e+05 4.8783263740884224e+16 1.3386744368372028e+29
4.3418517597983386e-15 1.0542024737376054e+06 1.2487590448934880e+05 4.7877290579272760e+16 1.3414903365957877e+29
4.2426924071975897e-15 1.0529423168141295e+06 1.2322433552585584e+05 4.6984485614365488e+16 1.3440411509035314e+29
4.1457976591370770e-15 1.0516750025606337e+06 1.2158695307462694e+05 4.6104836831088200e+16 1.3463402055836635e+29
4.0511157965041552e-15 1.0504010468121630e+06 1.1996390281975790e+05 4.5238319273069016e+16 1.3484185203969307e+29
3.9585962813490184e-15 1.0491210116276878e+06 1.1835535288373691e+05 4.4384919452047248e+16 1.3502166606873048e+29
3.8681897299092095e-15 1.0478354548877268e+06 1.1676148124000996e+05 4.3544625050099088e+16 1.3517099195970829e+29
3.7798478862502085e-15 1.0465449025050228e+06 1.1518241237013979e+05 4.2717391931633184e+16 1.3530234907871924e+29
3.6935235965081540e-15 1.0452498872111952e+06 1.1361826568610444e+05 4.1903172696188664e+16 1.3540388530457826e+29
3.6091707837206704e-15 1.0439510562373818e+06 1.1206926239190210e+05 4.1101972943725648e+16 1.3548443238349567e+29
3.5267444232325131e-15 1.0426489598730524e+06 1.1053556795654567e+05 4.0313760233615400e+16 1.3554052194158352e+29
3.4462005186630304e-15 1.0413440880393871e+06 1.0901727527818506e+05 3.9538459990218704e+16 1.3557279743477970e+29
3.3674960784223519e-15 1.0400368865906536e+06 1.0751445750399452e+05 3.8775984203148776e+16 1.3558212120811075e+29
3.2905890927639030e-15 1.0387276692919740e+06 1.0602705217801147e+05 3.8026173696174560e+16 1.3556664266293168e+29
3.2154385113611301e-15 1.0374168852623118e+06 1.0455509182532787e+05 3.7288923781042128e+16 1.3552895563445315e+29
3.1420042213961282e-15 1.0361050130442980e+06 1.0309864227981890e+05 3.6564145701999880e+16 1.3546800222143038e+29
3.0702470261488918e-15 1.0347924724476007e+06 1.0165773184313273e+05 3.5851728131579024e+16 1.3538807053952313e+29
3.0001286240753394e-15 1.0334795057049430e+06 1.0023220530153505e+05 3.5151468742831456e+16 1.3528622169785367e+29
2.9316115883633456e-15 1.0321665813325609e+06 9.8822071153433819e+04 3.4463255743238772e+16 1.3516128880402783e+29
2.8646593469555428e-15 1.0308542103161002e+06 9.7427372103698086e+04 3.3786994440422200e+16 1.3501521169836361e+29
2.7992361630283719e-15 1.0295428909057411e+06 9.6048136612706177e+04 3.3122581974848560e+16 1.3484947134495245e+29
2.7353071159170559e-15 1.0282330589164775e+06 9.4684346309757762e+04 3.2469892727403204e+16 1.3466675784514697e+29
2.6728380824761013e-15 1.0269252355907959e+06 9.3336018415959130e+04 3.1828820261884040e+16 1.3446383186820720e+29
2.6117957188654957e-15 1.0256199329607100e+06 9.2003173402112414e+04 3.1199259839419520e+16 1.3424090877986707e+29
2.5521474427529691e-15 1.0243176873373855e+06 9.0685839274610858e+04 3.0581110904188264e+16 1.3400081857990249e+29
2.4938614159226217e-15 1.0230191162925238e+06 8.9384121779773748e+04 2.9974308587581972e+16 1.3374273333604081e+29
2.4369065272807395e-15 1.0217247061399198e+06 8.8098042750538851e+04 2.9378743123910872e+16 1.3346964985381276e+29
2.3812523762498158e-15 1.0204348993276773e+06 8.6827599184750565e+04 2.8794291370922276e+16 1.3317813696312330e+29
2.3268692565417277e-15 1.0191500568415798e+06 8.5572757730500976e+04 2.8220812172482908e+16 1.3287217273162757e+29
2.2737281403015041e-15 1.0178701422493438e+06 8.4333149468537333e+04 2.7658009097373840e+16 1.3254661237081937e+29
2.2218006626133126e-15 1.0165955070113941e+06 8.3108639598695197e+04 2.7105710121303316e+16 1.3221147373790823e+29
2.1710591063601611e-15 1.0153266684733394e+06 8.1899212028165275e+04 2.6563801395453640e+16 1.3185734535390807e+29
2.1214763874295099e-15 1.0140641210986093e+06 8.0704844742193382e+04 2.6032166408418428e+16 1.3149163542276276e+29
2.0730260402566669e-15 1.0128084255081710e+06 7.9525548663073045e+04 2.5510704141971852e+16 1.3111124237701707e+29
2.0256822036983470e-15 1.0115600872220199e+06 7.8361318240211389e+04 2.4999304259278336e+16 1.3071917340340051e+29
1.9794196072289361e-15 1.0103195670450270e+06 7.7212118285837249e+04 2.4497842472771080e+16 1.3031480067780528e+29
1.9342135574518784e-15 1.0090873089402940e+06 7.6077909315331097e+04 2.4006192046716152e+16 1.2989604141199473e+29
1.8900399249192402e-15 1.0078636288984061e+06 7.4958579748187971e+04 2.3524192849954372e+16 1.2946877295938556e+29
1.8468751312522100e-15 1.0066487853952728e+06 7.3853940512621266e+04 2.3051655609228560e+16 1.2902790788636327e+29
1.8046961365557400e-15 1.0054432311553891e+06 7.2763938965019115e+04 2.2588455020622732e+16 1.2858085797067446e+29
1.7634804271206827e-15 1.0042474011324720e+06 7.1688522840588106e+04 2.2134465723538304e+16 1.2812031687192370e+29
1.7232060034067163e-15 1.0030616908822603e+06 7.0627623354001844e+04 2.1689554494407840e+16 1.2765160693892348e+29
1.6838513682997199e-15 1.0018862973196621e+06 6.9581035162836022e+04 2.1253530697786184e+16 1.2717722738378706e+29
1.6453955156373893e-15 1.0007216192391862e+06 6.8548659131928478e+04 2.0826254962047164e+16 1.2669010791714286e+29
1.6078179189968424e-15 9.9956807937605481e+05 6.7530433028584623e+04 2.0407604309077632e+16 1.2619562408679268e+29
1.5710985207382948e-15 9.9842607369851961e+05 6.6526291499421262e+04 1.9997453883202112e+16 1.2569750025415868e+29
1.5352177212990160e-15 9.9729581786923087e+05 6.5536066214692735e+04 1.9595634389786024e+16 1.2518654488148399e+29
1.5001563687317299e-15 9.9617750320111064e+05 6.4559529617292690e+04 1.9201958305432592e+16 1.2467234308333325e+29
1.4658957484819409e-15 9.9507154220467166e+05 6.3596609329437946e+04 1.8816306040340464e+16 1.2415201061227788e+29
1.4324175733987857e-15 9.9397832162571850e+05 6.2647232728064628e+04 1.8438557494997812e+16 1.2362711327381902e+29
1.3997039739739272e-15 9.9289813302919408e+05 6.1711305144976941e+04 1.8068581101818516e+16 1.2309255167095735e+29
1.3677374888034679e-15 9.9183078826339520e+05 6.0788388526108778e+04 1.7706107695010382e+16 1.2255509913910839e+29
1.3365010552676013e-15 9.9077656641085795e+05 5.9878270402005321e+04 1.7350973819742018e+16 1.2201305443202645e+29
1.3059780004232072e-15 9.8973594627551653e+05 5.8980875630844224e+04 1.7003073946122136e+16 1.2146758934964707e+29
1.2761520321043861e-15 9.8870940044970019e+05 5.8096127414421040e+04 1.6662302510159550e+16 1.2091746593139253e+29
1.2470072302262402e-15 9.8769737495568581e+05 5.7223938984453453e+04 1.6328550353575634e+16 1.2036527798188955e+29
1.2185280382873081e-15 9.8670027819093061e+05 5.6364194616884961e+04 1.6001698224371084e+16 1.1980545535282241e+29
1.1906992550660171e-15 9.8571856371315278e+05 5.5516808235672463e+04 1.5681639990652856e+16 1.1925009055104317e+29
1.1635060265067758e-15 9.8475268392945640e+05 5.4681697999567194e+04 1.5368271968361500e+16 1.1868964542936296e+29
1.1369338377914151e-15 9.8380306808281131e+05 5.3858779311568054e+04 1.5061489495011508e+16 1.1813033766979719e+29
1.1109685055916584e-15 9.8287006866494461e+05 5.3047931885185011e+04 1.4761174176992052e+16 1.1756633349940668e+29
1.0855961704985305e-15 9.8195400210815261e+05 5.2248994474579384e+04 1.4467194678831258e+16 1.1700728318749277e+29
1.0608032896247057e-15 9.8105528613541101e+05 5.1461877740033080e+04 1.4179448881532934e+16 1.1644393847073683e+29
1.0365766293757621e-15 9.8017431585043669e+05 5.0686494061372498e+04 1.3897835311033204e+16 1.1588196616690071e+29
1.0129032583865274e-15 9.7931143162382580e+05 4.9922754180775839e+04 1.3622250753444624e+16 1.1531907233799187e+29
9.8977054061878349e-16 9.7846659684198198e+05 4.9170361223129359e+04 1.3352512652851332e+16 1.1476186979407983e+29
9.6716612861656596e-16 9.7763979527959868e+05 4.8428892251649922e+04 1.3088404395639160e+16 1.1420187023355465e+29
9.4507795691550233e-16 9.7683156585986272e+05 4.7698258402587744e+04 1.2829839525152798e+16 1.1364613454250113e+29
9.2349423560270548e-16 9.7604245937285910e+05 4.6978374443266664e+04 1.2576733872391160e+16 1.1309120194794611e+29
9.0240344402369017e-16 9.7527304748029239e+05 4.6269155516285289e+04 1.2329004963851696e+16 1.1254046961537654e+29
8.8179432463306952e-16 9.7452400153192971e+05 4.5570573742413719e+04 1.2086592428486386e+16 1.1198835023826707e+29
8.6165587698563285e-16 9.7379599206183618e+05 4.4882647703832437e+04 1.1849449926249512e+16 1.1144582824590495e+29
8.4197735186470735e-16 9.7308949507105607e+05 4.4205289303308382e+04 1.1617491604186020e+16 1.1090468695570211e+29
8.2274824554458266e-16 9.7240495696095540e+05 4.3538390369087821e+04 1.1390625405100700e+16 1.1036915650383016e+29
8.0395829418396960e-16 9.7174284279501718e+05 4.2881852504108028e+04 1.1168763870216406e+16 1.0983810460383294e+29
