8.0395829418396959e-13 8.4306807921007194e+05 2.9332299262770673e+05 1.1037394561517211e+17 1.9623646170911418e+27
7.8559746834753246e-13 8.4458852038730436e+05 2.9392542297145788e+05 1.1108801022368536e+17 1.9878943824442783e+27
7.6765596765250801e-13 8.4612434927877679e+05 2.9452768472201785e+05 1.1180697866831094e+17 2.0142629448360888e+27
7.5012421553758558e-13 8.4767557941695582e+05 2.9512968810986640e+05 1.1253081998459760e+17 2.0414600191577132e+27
7.3299285415128468e-13 8.4924193935388245e+05 2.9573124499952712e+05 1.1325937962315896e+17 2.0694877092669301e+27
7.1625273935704306e-13 8.5082314398209285e+05 2.9633216029284766e+05 1.1399249310193520e+17 2.0984324877199529e+27
6.9989493585237990e-13 8.5241899102300440e+05 2.9693224895044917e+05 1.1473001223140030e+17 2.1282063001569132e+27
6.8391071239955609e-13 8.5402942025293096e+05 2.9753136537485273e+05 1.1547183963849821e+17 2.1589551759110503e+27
6.6829153716511489e-13 8.5565457027107722e+05 2.9812944025560870e+05 1.1621797172186397e+17 2.1906380582906565e+27
6.5302907316589952e-13 8.5729430790332844e+05 2.9872633968957962e+05 1.1696831191918474e+17 2.2233446784305699e+27
6.3811517381904706e-13 8.5894833320611448e+05 2.9932187040994590e+05 1.1772268808372403e+17 2.2570682456856890e+27
6.2354187859361313e-13 8.6061635238272382e+05 2.9991582739618950e+05 1.1848091376181811e+17 2.2917861491388035e+27
6.0930140876152718e-13 8.6229830363357614e+05 3.0050807299710182e+05 1.1924289297261899e+17 2.3275966153790814e+27
5.9538616324556484e-13 8.6399411810504249e+05 3.0109847568496870e+05 1.2000853284305758e+17 2.3645382861932855e+27
5.8178871456214496e-13 8.6570357611648762e+05 3.0168685308030871e+05 1.2077767262091571e+17 2.4025688236001652e+27
5.6850180485680912e-13 8.6742671029037214e+05 3.0227309808748990e+05 1.2155025319215413e+17 2.4417287859936274e+27
5.5551834203020698e-13 8.6916344291251153e+05 3.0285709517640359e+05 1.2232619311137952e+17 2.4821645407179793e+27
5.4283139595259256e-13 8.7091344954811037e+05 3.0343864334491466e+05 1.2310529589957955e+17 2.5238219448663789e+27
5.3043419476474946e-13 8.7267671304279228e+05 3.0401763033146015e+05 1.2388748877266677e+17 2.5667560094570340e+27
5.1832012126339740e-13 8.7445314430931932e+05 3.0459394505055732e+05 1.2467268932857350e+17 2.6110981920765754e+27
5.0648270936916735e-13 8.7624239746171597e+05 3.0516739093458152e+05 1.2546069830155789e+17 2.6566609334428186e+27
4.9491564067522283e-13 8.7804451578891370e+05 3.0573787593163346e+05 1.2625146664633478e+17 2.7036997193457333e+27
4.8361274107470329e-13 8.7985954353517853e+05 3.0630533551990805e+05 1.2704497260489218e+17 2.7521781944833604e+27
4.7256797746521049e-13 8.8168740439246432e+05 3.0686969052835734e+05 1.2784116394276958e+17 2.8021146981665349e+27
4.6177545452852868e-13 8.8352778145576001e+05 3.0743082934916561e+05 1.2863992413286656e+17 2.8536718342417918e+27
4.5122941158391827e-13 8.8538036937051534e+05 3.0798861244214058e+05 1.2944110895840419e+17 2.9065623668488090e+27
4.4092421951325472e-13 8.8724545796393743e+05 3.0854308099273383e+05 1.3024483197786288e+17 2.9612693041812712e+27
4.3085437775639206e-13 8.8912327114913194e+05 3.0909433523057698e+05 1.3105126135387699e+17 3.0177059989012743e+27
4.2101451137516242e-13 8.9101411816997477e+05 3.0964260160845332e+05 1.3186070270537638e+17 3.0757113952768272e+27
4.1139936818441155e-13 8.9291802155221882e+05 3.1018824644469807e+05 1.3267356517952418e+17 3.1356070604253144e+27
4.0200381594855675e-13 8.9483281988649117e+05 3.1073166438977694e+05 1.3348997196365856e+17 3.1971219818290960e+27
3.9282283964218600e-13 8.9673764710226015e+05 3.1126803414766176e+05 1.3430209511419651e+17 3.2596443748509694e+27
3.8385153877319545e-13 8.9863297484426259e+05 3.1179511557552253e+05 1.3510769064849102e+17 3.3232907640874861e+27
3.7508512476708503e-13 9.0053636905109906e+05 3.1231585334052210e+05 1.3591224452965728e+17 3.3888311216381966e+27
3.6651891841097572e-13 9.0244817246504873e+05 3.1283020163366012e+05 1.3671576314533211e+17 3.4563278914321894e+27
3.5814834735600098e-13 9.0436790488295176e+05 3.1333786927292187e+05 1.3751788295033990e+17 3.5258688939674849e+27
3.4996894367675177e-13 9.0629536109977937e+05 3.1383862400179170e+05 1.3831833766283821e+17 3.5975145835005375e+27
3.4197634148644563e-13 9.0823035873662762e+05 3.1433224494409148e+05 1.3911687399277552e+17 3.6713740207638487e+27
3.3416627460656126e-13 9.1017251449767349e+05 3.1481847323008080e+05 1.3991316920908635e+17 3.7472002414108937e+27
3.2653457428970620e-13 9.1212155470134201e+05 3.1529706725010567e+05 1.4070692794757269e+17 3.8254632684530907e+27
3.1907716699447724e-13 9.1407695181380748e+05 3.1576771354735375e+05 1.4149774175046334e+17 3.9060134073055797e+27
3.1179007221113923e-13 9.1603864913852233e+05 3.1623016188011435e+05 1.4228533730943672e+17 3.9889458154093128e+27
3.0466940033697372e-13 9.1800672784795205e+05 3.1668422391955188e+05 1.4306952668145382e+17 4.0744956522884560e+27
2.9771135060013152e-13 9.1998090450148168e+05 3.1712967573671514e+05 1.4385002576333152e+17 4.1625601940790633e+27
2.9091220903091890e-13 9.2196092125452438e+05 3.1756629662121827e+05 1.4462655561449990e+17 4.2532369200285138e+27
2.8426834647940371e-13 9.2394612455462688e+05 3.1799381512338069e+05 1.4539871704534637e+17 4.3467215657331924e+27
2.7777621667829500e-13 9.2593604979113513e+05 3.1841192884940957e+05 1.4616610672685104e+17 4.4429260202995279e+27
2.7143235435007391e-13 9.2793044630177924e+05 3.1882036645596556e+05 1.4692838620424278e+17 4.5420620071889605e+27
2.6523337335734285e-13 9.2992911980639782e+05 3.1921885992616776e+05 1.4768522923030733e+17 4.6441721891969590e+27
2.5917596489541772e-13 9.3193201789014158e+05 3.1960717735965730e+05 1.4843637009242506e+17 4.7491596572836315e+27
2.5325689572620839e-13 9.3393903115313209e+05 3.1998512909464532e+05 1.4918157619650947e+17 4.8575552749019852e+27
2.4747300645241784e-13 9.3594924098402669e+05 3.2035242057547387e+05 1.4992036239158822e+17 4.9691528258711421e+27
2.4182120983117104e-13 9.3796222759649204e+05 3.2070873419892642e+05 1.5065230276111030e+17 5.0840530581603519e+27
2.3629848912614671e-13 9.3997792986712023e+05 3.2105380145129660e+05 1.5137708764865402e+17 5.2022668728313955e+27
2.3090189649734352e-13 9.4199624428897386e+05 3.2138739205463609e+05 1.5209443542816970e+17 5.3241048208698030e+27
2.2562855142762949e-13 9.4401658794105356e+05 3.2170923277832050e+05 1.5280393362892531e+17 5.4497034889825271e+27
2.2047563918521709e-13 9.4603863406713924e+05 3.2201903626950842e+05 1.5350520007987725e+17 5.5789454446715732e+27
2.1544040932125280e-13 9.4806222744419740e+05 3.2231654454270558e+05 1.5419791285418918e+17 5.7119380482318674e+27
2.1052017420172673e-13 9.5008724749657931e+05 3.2260153825169918e+05 1.5488179865381008e+17 5.8489774078494936e+27
2.0571230757290243e-13 9.5211298416672705e+05 3.2287378861843830e+05 1.5555646005755597e+17 5.9903093853697843e+27
2.0101424315950971e-13 9.5413889362864778e+05 3.2313299907163007e+05 1.5622145823896282e+17 6.1356482631295421e+27
1.9642347329496030e-13 9.5616450613936316e+05 3.2337888876681781e+05 1.5687638252169174e+17 6.2852901344930549e+27
1.9193754758283432e-13 9.5818929601157107e+05 3.2361111543521757e+05 1.5752074509150602e+17 6.4394286615603324e+27
1.8755407158894795e-13 9.6021314594702621e+05 3.2382933182817098e+05 1.5815413293316285e+17 6.5982087498498291e+27
1.8327070556328355e-13 9.6223619652177719e+05 3.2403326684428117e+05 1.5877626601619990e+17 6.7613453990612005e+27
1.7908516319110873e-13 9.6425820539937273e+05 3.2422271887491090e+05 1.5938686148016902e+17 6.9296151617721660e+27
1.7499521037262478e-13 9.6627839367495687e+05 3.2439744395007170e+05 1.5998548309344586e+17 7.1029905036569785e+27
1.7099866403047436e-13 9.6829648406328156e+05 3.2455718237119634e+05 1.6057177945034787e+17 7.2812385842734284e+27
1.6709339094449448e-13 9.7031177050656092e+05 3.2470167435792304e+05 1.6114530810335302e+17 7.4650191167146623e+27
1.6327730661307397e-13 9.7232382320778212e+05 3.2483058598657633e+05 1.6170560755390586e+17 7.6538690815952862e+27
1.5954837414051565e-13 9.7433250064311700e+05 3.2494358241234533e+05 1.6225227345305056e+17 7.8483448518732850e+27
1.5590460314981504e-13 9.7633769868003135e+05 3.2504037711944093e+05 1.6278496398905251e+17 8.0484178782835037e+27
1.5234404872026269e-13 9.7833914395621011e+05 3.2512075198850548e+05 1.6330337515351955e+17 8.2546482917565094e+27
1.4886481034931015e-13 9.8033627048154362e+05 3.2518447494050191e+05 1.6380712502498557e+17 8.4669214451543774e+27
1.4546503093815020e-13 9.8232885628675111e+05 3.2523132353076851e+05 1.6429591768846061e+17 8.6852527619495365e+27
1.4214289580045901e-13 9.8431599358087778e+05 3.2526111743008438e+05 1.6476935076067539e+17 8.9100766512666237e+27
1.3889663169377659e-13 9.8629715421536635e+05 3.2527352095869812e+05 1.6522694055887635e+17 9.1413824863554234e+27
1.3572450587301461e-13 9.8827223817952431e+05 3.2526814637631009e+05 1.6566824629515158e+17 9.3791453105108116e+27
1.3262482516557153e-13 9.9024140453141788e+05 3.2524470274427411e+05 1.6609299235967706e+17 9.6238547285358312e+27
1.2959593506757878e-13 9.9220447128345829e+05 3.2520308718668349e+05 1.6650102646506787e+17 9.8759158152688773e+27
1.2663621886078123e-13 9.9415997787490545e+05 3.2514329577542265e+05 1.6689200677283040e+17 1.0134769373554504e+28
1.2374409674958667e-13 9.9610726938721852e+05 3.2506498487119342e+05 1.6726541636817056e+17 1.0401325977905612e+28
1.2091802501782780e-13 9.9804614664065908e+05 3.2496771545715682e+05 1.6762074739994541e+17 1.0675333688071338e+28
1.1815649520477777e-13 9.9997662201945554e+05 3.2485111959624308e+05 1.6795762153430163e+17 1.0957053415683822e+28
1.1545803329998362e-13 1.0018984836837086e+06 3.2471494649348548e+05 1.6827573310437693e+17 1.1246672576633661e+28
1.1282119895649331e-13 1.0038112185533077e+06 3.2455902707337914e+05 1.6857479411741885e+17 1.1544668803087454e+28
1.1024458472204377e-13 1.0057145314636832e+06 3.2438312730228325e+05 1.6885450292622733e+17 1.1851339282146887e+28
1.0772681528781416e-13 1.0076080464205851e+06 3.2418713941856369e+05 1.6911467313320659e+17 1.2165992436767221e+28
1.0526654675433147e-13 1.0094907525865810e+06 3.2397097849538224e+05 1.6935498665317456e+17 1.2489811666040429e+28
1.0286246591414157e-13 1.0113622264798128e+06 3.2373431597880641e+05 1.6957501769456096e+17 1.2822328708411833e+28
1.0051328955086642e-13 1.0132222366124953e+06 3.2347678401783772e+05 1.6977435174346352e+17 1.3164403587546057e+28
9.8217763754265583e-14 1.0150706436598551e+06 3.2319808248886728e+05 1.6995267309913907e+17 1.3515228892218601e+28
9.5974663250940560e-14 1.0169072750694735e+06 3.2289803924870648e+05 1.7010979506826704e+17 1.3875913388567297e+28
9.3782790750328011e-14 1.0187311945224855e+06 3.2257674205383816e+05 1.7024560754256605e+17 1.4246738910188198e+28
9.1640976305625656e-14 1.0205417238580390e+06 3.2223396542681492e+05 1.7035974360052995e+17 1.4627199872060616e+28
8.9548076689313450e-14 1.0223384752426711e+06 3.2186936971518304e+05 1.7045179670269802e+17 1.5017745393124953e+28
8.7502974782940347e-14 1.0241212334450756e+06 3.2148259125288838e+05 1.7052138609946829e+17 1.5419050624825622e+28
8.5504578980841602e-14 1.0258897496303145e+06 3.2107335992964701e+05 1.7056822441187430e+17 1.5830884653597035e+28
8.3551822607479450e-14 1.0276437395601434e+06 3.2064150408734579e+05 1.7059212197588640e+17 1.6253519592509685e+28
8.1643663348086941e-14 1.0293826442225128e+06 3.2018694997527963e+05 1.7059291939597520e+17 1.6687494876524971e+28
7.9779082692314898e-14 1.0311061824178959e+06 3.1970948207844753e+05 1.7057039150612691e+17 1.7132551792514852e+28
7.7957085390588123e-14 1.0328140726771280e+06 3.1920899032565427e+05 1.7052442489301773e+17 1.7589691089277767e+28
7.6176698922872544e-14 1.0345057294511172e+06 3.1868547353922378e+05 1.7045493893286314e+17 1.8058504427058079e+28
7.4436972979579387e-14 1.0361809109972082e+06 3.1813875716225064e+05 1.7036177363155923e+17 1.8539032081794997e+28
7.2736978954321352e-14 1.0378392978136056e+06 3.1756890277863241e+05 1.7024499060736221e+17 1.9032090144908836e+28
7.1075809448253324e-14 1.0394798230797246e+06 3.1697617418898595e+05 1.7010465096767398e+17 1.9537210551445740e+28
6.9452577785735583e-14 1.0411019644046879e+06 3.1636032619302784e+05 1.6994045468064282e+17 2.0054836817948051e+28
6.7866417541055714e-14 1.0427052688695427e+06 3.1572105805910059e+05 1.6975207320995418e+17 2.0584871303721828e+28
6.6316482075959181e-14 1.0442894131482444e+06 3.1505803380539466e+05 1.6953918581608304e+17 2.1128070081584449e+28
6.4801944087744509e-14 1.0458540229188993e+06 3.1437100633221382e+05 1.6930155340014176e+17 2.1684574956224603e+28
6.3321995167676364e-14 1.0473987590639151e+06 3.1365973742060841e+05 1.6903896193845667e+17 2.2254439574136368e+28
6.1875845369483762e-14 1.0489234178280032e+06 3.1292394379371818e+05 1.6875120091064787e+17 2.2837639338676978e+28
6.0462722787715319e-14 1.0504278468893571e+06 3.1216347468518943e+05 1.6843821102068573e+17 2.3435664679800593e+28
5.9081873145721601e-14 1.0519120074409065e+06 3.1137831497087044e+05 1.6810010476578224e+17 2.4047270135001129e+28
5.7732559393047217e-14 1.0533752135826026e+06 3.1056909464175202e+05 1.6773743830032726e+17 2.4672834253415264e+28
5.6414061312020209e-14 1.0548168515432768e+06 3.0973593506492215e+05 1.6735029255880400e+17 2.5312883490948152e+28
5.5125675133322412e-14 1.0562366299871707e+06 3.0887871038392046e+05 1.6693860639145872e+17 2.5967819103202264e+28
5.3866713160343085e-14 1.0576341340866163e+06 3.0799756229710323e+05 1.6650254562379296e+17 2.6637171206197431e+28
5.2636503402109189e-14 1.0590087180687797e+06 3.0709261649265274e+05 1.6604219436101565e+17 2.7321428443503158e+28
5.1434389214598862e-14 1.0603599590881893e+06 3.0616371831651428e+05 1.6555743916242883e+17 2.8019571078819234e+28
5.0259728950248755e-14 1.0616874545581506e+06 3.0521069268227572e+05 1.6504815890834131e+17 2.8733225081796529e+28
4.9111895615462751e-14 1.0629909178100533e+06 3.0423332555321493e+05 1.6451423867823482e+17 2.9462485785426874e+28
4.7990276535945624e-14 1.0642700691932661e+06 3.0323150900712569e+05 1.6395567343241779e+17 3.0206610508944731e+28
4.6894273029677714e-14 1.0655247165269125e+06 3.0220519851654937e+05 1.6337254892093181e+17 3.0966060319376754e+28
4.5823300087358381e-14 1.0667545099403597e+06 3.0115472832603951e+05 1.6276526136621763e+17 3.1741544717946120e+28
4.4776786060149089e-14 1.0679589849925223e+06 3.0008030204650341e+05 1.6213405155701267e+17 3.2532490875686308e+28
4.3754172354546191e-14 1.0691378657001487e+06 2.9898187121745356e+05 1.6147898752268006e+17 3.3338749196655754e+28
4.2754913134222209e-14 1.0702909465990975e+06 2.9785951301294239e+05 1.6080027921952806e+17 3.4161571802046504e+28
4.1778475028678120e-14 1.0714177723062043e+06 2.9671366015785525e+05 1.6009838653378717e+17 3.4998640922859009e+28
4.0824336848547811e-14 1.0725179628150975e+06 2.9554435350229545e+05 1.5937344026956880e+17 3.5851993121503306e+28
3.9891989307404462e-14 1.0735912599074093e+06 2.9435158786811121e+05 1.5862556442952758e+17 3.6722522413363063e+28
3.8980934749921996e-14 1.0746373934772587e+06 2.9313552000152832e+05 1.5785503589175261e+17 3.7607841451809472e+28
3.8090686886242321e-14 1.0756559674264998e+06 2.9189642112758610e+05 1.5706219382628534e+17 3.8508868003580054e+28
3.7220770532411519e-14 1.0766466944789286e+06 2.9063431411018845e+05 1.5624719291465747e+17 3.9426339684060124e+28
3.6370721356742348e-14 1.0776093507068204e+06 2.8934924357791839e+05 1.5541023148158630e+17 4.0358971035266295e+28
3.5540085631969392e-14 1.0785436956361297e+06 2.8804153725906176e+05 1.5455175332735091e+17 4.1307511901818829e+28
3.4728419993065977e-14 1.0794493833482463e+06 2.8671147769038897e+05 1.5367213099971171e+17 4.2269462006522661e+28
3.3935291200589816e-14 1.0803261705170225e+06 2.8535912931530783e+05 1.5277158131045434e+17 4.3248679644314060e+28
3.3160275909435640e-14 1.0811738974319000e+06 2.8398460085506691e+05 1.5185038726616749e+17 4.4243718623799081e+28
3.2402960442867525e-14 1.0819923475962679e+06 2.8258842972587666e+05 1.5090918320187674e+17 4.5253806206309417e+28
3.1662940571711986e-14 1.0827811931557357e+06 2.8117095704746648e+05 1.4994839873391130e+17 4.6278815013837664e+28
3.0939821298595029e-14 1.0835401903725381e+06 2.7973228297469142e+05 1.4896828436685658e+17 4.7318750739553032e+28
3.0233216647105607e-14 1.0842691339500376e+06 2.7827253769021446e+05 1.4796913708144982e+17 4.8370963410461269e+28
2.9542749455774224e-14 1.0849678493576976e+06 2.7679209566601890e+05 1.4695145999729549e+17 4.9440043920407574e+28
2.8868051176757726e-14 1.0856361068501489e+06 2.7529123954854062e+05 1.4591566491637293e+17 5.0523382107637365e+28
2.8208761679120653e-14 1.0862737328282986e+06 2.7377012622452778e+05 1.4486208038430470e+17 5.1619630537829407e+28
2.7564529056609296e-14 1.0868806521900881e+06 2.7222895164504094e+05 1.4379109535316131e+17 5.2729220901321504e+28
2.6935009439816838e-14 1.0874568381625509e+06 2.7066842096545437e+05 1.4270352567073835e+17 5.3852661802949826e+28
2.6319866812637211e-14 1.0880020479201418e+06 2.6908920693487476e+05 1.4160008714179986e+17 5.4989569914863925e+28
2.5718772832910860e-14 1.0885160710675172e+06 2.6749149573095312e+05 1.4048111003337850e+17 5.6138803624621902e+28
2.5131406657167638e-14 1.0889987259340312e+06 2.6587548616449902e+05 1.3934694504551944e+17 5.7300607474865170e+28
2.4557454769370657e-14 1.0894498886526756e+06 2.6424147232887015e+05 1.3819803526738813e+17 5.8473273172154009e+28
2.3996610813572847e-14 1.0898694112885355e+06 2.6258987099476258e+05 1.3703491073120160e+17 5.9656721749777121e+28
2.3448575430394285e-14 1.0902571497033297e+06 2.6092092099834053e+05 1.3585796301550586e+17 6.0852325158151781e+28
2.2913056097234067e-14 1.0906130150706784e+06 2.5923486838498799e+05 1.3466760357628253e+17 6.2058470617220082e+28
2.2389766972132404e-14 1.0909370066459400e+06 2.5753203280474828e+05 1.3346432690409845e+17 6.3274363439446557e+28
2.1878428741197178e-14 1.0912291589508362e+06 2.5581321864465991e+05 1.3224900004184400e+17 6.4499957843930160e+28
2.1378768469516348e-14 1.0914893763763797e+06 2.5407885443525674e+05 1.3102215845700763e+17 6.5733994795598506e+28
2.0890519455474319e-14 1.0917175941931864e+06 2.5232922288703136e+05 1.2978423336606717e+17 6.6976649420373936e+28
2.0413421088395478e-14 1.0919138110803892e+06 2.5056462908083719e+05 1.2853568954547963e+17 6.8227426370459374e+28
1.9947218709439593e-14 1.0920781808202872e+06 2.4878570638072066e+05 1.2727727365813234e+17 6.9486239173648784e+28
1.9491663475673367e-14 1.0922107513672127e+06 2.4699339842322969e+05 1.2600991735903986e+17 7.0750314688561067e+28
1.9046512227246311e-14 1.0923114405085905e+06 2.4518803488531831e+05 1.2473405585387166e+17 7.2021314358149766e+28
1.8611527357600804e-14 1.0923801948107271e+06 2.4336993281331618e+05 1.2345012088086555e+17 7.3297052619412535e+28
1.8186476686645556e-14 1.0924170032818113e+06 2.4153942348207752e+05 1.2215856360110402e+17 7.4577696593359323e+28
1.7771133336825583e-14 1.0924219379293642e+06 2.3969705053389771e+05 1.2086000417167222e+17 7.5861487570722577e+28
1.7365275612023216e-14 1.0923950161504289e+06 2.3784330094449763e+05 1.1955499946395918e+17 7.7149645855088781e+28
1.6968686879223694e-14 1.0923362527292573e+06 2.3597851938963492e+05 1.1824400008206117e+17 7.8440002666884960e+28
1.6581155452884349e-14 1.0922457075713761e+06 2.3410306297028018e+05 1.1692747397324349e+17 7.9731508317118080e+28
1.6202474481943860e-14 1.0921235468040518e+06 2.3221734088095746e+05 1.1560594828240683e+17 8.1026920837689390e+28
1.5832441839412017e-14 1.0919701295097610e+06 2.3032240792490257e+05 1.1428043268617078e+17 8.2320032576533174e+28
1.5470860014481690e-14 1.0917855609654384e+06 2.2841893549866605e+05 1.1295158927809936e+17 8.3614740837937577e+28
1.5117536007103770e-14 1.0915698713761300e+06 2.2650729102996204e+05 1.1161984624162790e+17 8.4907398241529935e+28
1.4772281224970779e-14 1.0913231178995504e+06 2.2458784814784327e+05 1.1028563881123018e+17 8.6196774071864644e+28
1.4434911382852522e-14 1.0910454097292863e+06 2.2266099590677183e+05 1.0894941941059606e+17 8.7483815260493953e+28
1.4105246404230745e-14 1.0907369563295555e+06 2.2072735445222165e+05 1.0761181122158075e+17 8.8767706738934974e+28
1.3783110325180794e-14 1.0903978928289893e+06 2.1878743174007221e+05 1.0627333379896099e+17 9.0046174668091249e+28
1.3468331200447878e-14 1.0900283323896264e+06 2.1684161212532522e+05 1.0493441358062546e+17 9.1319834378260499e+28
1.3160741011668400e-14 1.0896284253140308e+06 2.1489028665777756e+05 1.0359548506114320e+17 9.2588017678129793e+28
1.2860175577687812e-14 1.0891983880871369e+06 2.1293385907418249e+05 1.0225699992556352e+17 9.3849001932539365e+28
1.2566474466926146e-14 1.0887386666228839e+06 2.1097312301051253e+05 1.0091970229212163e+17 9.5105503276661117e+28
1.2279480911744954e-14 1.0882496016430652e+06 2.0900892841017901e+05 9.9584329126133472e+16 9.6345912849567174e+28
1.1999041724770400e-14 1.0877313529270969e+06 2.0704166904301010e+05 9.8251272864079008e+16 9.7584538113288322e+28
1.1725007217126900e-14 1.0871840960773476e+06 2.0507174000886499e+05 9.6920926620109424e+16 9.8810984598878264e+28
1.1457231118538169e-14 1.0866080492004193e+06 2.0309954047357311e+05 9.5593688046159200e+16 1.0002475341647187e+29
1.1195570499253468e-14 1.0860035399938980e+06 2.0112556748404849e+05 9.4270031902980080e+16 1.0122714892312211e+29
1.0939885693756198e-14 1.0853710444102313e+06 1.9915068923896653e+05 9.2950676436164480e+16 1.0241833720317349e+29
1.0690040226215535e-14 1.0847107849840473e+06 1.9717536363573864e+05 9.1636021041250992e+16 1.0359554025238420e+29
1.0445900737640148e-14 1.0840229433513752e+06 1.9519993426577383e+05 9.0326380256879920e+16 1.0475820593309388e+29
1.0207336914695582e-14 1.0833077178638449e+06 1.9322468293448028e+05 8.9022031285797504e+16 1.0590609997985996e+29
9.9742214201477500e-15 1.0825654325485474e+06 1.9125000266633130e+05 8.7723337750438496e+16 1.0703526550954576e+29
9.7464298248943204e-15 1.0817966421163483e+06 1.8927659527734065e+05 8.6430881528375232e+16 1.0815096448288534e+29
9.5238405415489943e-15 1.0810018792742235e+06 1.8730528500342177e+05 8.5145292041722416e+16 1.0925229814729023e+29
9.3063347595421789e-15 1.0801814352999188e+06 1.8533645858825344e+05 8.3866882825537296e+16 1.1033434226539897e+29
9.0937963817038467e-15 1.0793357080931126e+06 1.8337063828293499e+05 8.2596058201506304e+16 1.1139631131418929e+29
8.8861119622950472e-15 1.0784650620808147e+06 1.8140833565192699e+05 8.1333197091342192e+16 1.1243928142833524e+29
8.6831706464543330e-15 1.0775697930396963e+06 1.7944992070658339e+05 8.0078576252349520e+16 1.1346350676579556e+29
8.4848641110271021e-15 1.0766501594505175e+06 1.7749569796228636e+05 7.8832422286996496e+16 1.1446752090937462e+29
8.2910865067466053e-15 1.0757064892844136e+06 1.7554598567464552e+05 7.7594976792501184e+16 1.1545037735718629e+29
8.1017344017351153e-15 1.0747391828336779e+06 1.7360114796506785e+05 7.6366514608881808e+16 1.1640770969729669e+29
7.9167067262954120e-15 1.0737489275602242e+06 1.7166190469663002e+05 7.5147545726809840e+16 1.1734906843053877e+29
7.7359047189634282e-15 1.0727362806920321e+06 1.6972892234257018e+05 7.3938509309944464e+16 1.1826065138969049e+29
7.5592318737926421e-15 1.0717015850068731e+06 1.6780253978105931e+05 7.2739617213389888e+16 1.1915487238390916e+29
7.3865938888424051e-15 1.0706451457005979e+06 1.6588303290915492e+05 7.1551035801564616e+16 1.2002447813843318e+29
7.2178986158429975e-15 1.0695673110695835e+06 1.6397066404413959e+05 7.0372926678531288e+16 1.2086703983696212e+29
7.0530560110097832e-15 1.0684685234303183e+06 1.6206576168571191e+05 6.9205496681391352e+16 1.2168741370876908e+29
6.8919780869811397e-15 1.0673494758494666e+06 1.6016890602722991e+05 6.8049118086806744e+16 1.2248312160586139e+29
6.7345788658535760e-15 1.0662109495888150e+06 1.5828091312989022e+05 6.6904279822843168e+16 1.2325106652486453e+29
6.5807743332898606e-15 1.0650533130821697e+06 1.5640209837541153e+05 6.5771131764004040e+16 1.2399698219537852e+29
6.4304823936749431e-15 1.0638768778775637e+06 1.5453270699161568e+05 6.4649772837928376e+16 1.2471346946883942e+29
6.2836228262960381e-15 1.0626818772433014e+06 1.5267283293207170e+05 6.3540210668435904e+16 1.2540347101521775e+29
6.1401172425237023e-15 1.0614687258816911e+06 1.5082273740496361e+05 6.2442562774161792e+16 1.2606737416143366e+29
5.9998890439705759e-15 1.0602379051807937e+06 1.4898271713055574e+05 6.1356968954760448e+16 1.2670781096472411e+29
5.8628633816057044e-15 1.0589900876784290e+06 1.4715329103329693e+05 6.0283698860532968e+16 1.2731908135066476e+29
5.7289671158028247e-15 1.0577257658477430e+06 1.4533479924285607e+05 5.9222896047999160e+16 1.2790312221996487e+29
5.5981287773008504e-15 1.0564453734031201e+06 1.4352749416931107e+05 5.8174646349403824e+16 1.2845927029929500e+29
5.4702785290559493e-15 1.0551493956934945e+06 1.4173166509987589e+05 5.7139055031771872e+16 1.2898725094444816e+29
5.3453481289650542e-15 1.0538383136680899e+06 1.3994759776558931e+05 5.6116218335867912e+16 1.2948746343994961e+29
5.2232708934404756e-15 1.0525125667256622e+06 1.3817552053687169e+05 5.5106193754729664e+16 1.2996020765372996e+29
5.1039816618164203e-15 1.0511725915842496e+06 1.3641564554845466e+05 5.4109025888889400e+16 1.3040673468184075e+29
4.9874167615685985e-15 1.0498188105465404e+06 1.3466814703370986e+05 5.3124735622687424e+16 1.3082125198497548e+29
4.8735139743278304e-15 1.0484516996112181e+06 1.3293322686533650e+05 5.2153359827904776e+16 1.3121410203706101e+29
4.7622125026701672e-15 1.0470717587376944e+06 1.3121108664173938e+05 5.1194934726592896e+16 1.3157736452740717e+29
4.6534529376651431e-15 1.0456796576692781e+06 1.2950207623174510e+05 5.0249580210227232e+16 1.3191168306600083e+29
4.5471772271654456e-15 1.0442759907275828e+06 1.2780649552822624e+05 4.9317374951941040e+16 1.3221910826246398e+29
4.4433286448206034e-15 1.0428612314768378e+06 1.2612451999618327e+05 4.8398321863500272e+16 1.3250096271496628e+29
4.3418517597983386e-15 1.0414358920255629e+06 1.2445633158387980e+05 4.7492426325725592e+16 1.3275373795035716e+29
4.2426924071975897e-15 1.0400005443835931e+06 1.2280217175920482e+05 4.6599723502635832e+16 1.3298261489606809e+29
4.1457976591370770e-15 1.0385556827102192e+06 1.2116220570382962e+05 4.5720200549403688e+16 1.3318105429420187e+29
4.0511157965041552e-15 1.0371017967346441e+06 1.1953657818536823e+05 4.4853831675061160e+16 1.3335409500517351e+29
3.9585962813490184e-15 1.0356394147943743e+06 1.1792545862505551e+05 4.4000603573778304e+16 1.3350261913986969e+29
3.8681897299092095e-15 1.0341690918935365e+06 1.1632902922956421e+05 4.3160505655665408e+16 1.3362586612311256e+29
3.7798478862502085e-15 1.0326913072340460e+06 1.1474741291164489e+05 4.2333492287679144e+16 1.3372148925769498e+29
3.6935235965081540e-15 1.0312065676855717e+06 1.1318072725328809e+05 4.1519514544415224e+16 1.3379689951522561e+29
3.6091707837206704e-15 1.0297155018997386e+06 1.1162919638945289e+05 4.0718578984613736e+16 1.3384191950754641e+29
3.5267444232325131e-15 1.0282186553316191e+06 1.1009298706047746e+05 3.9930653344809872e+16 1.3386365410354240e+29
3.4462005186630304e-15 1.0267164722146984e+06 1.0857218917163799e+05 3.9155660525701920e+16 1.3386216309557061e+29
3.3674960784223519e-15 1.0252093824073646e+06 1.0706687646059250e+05 3.8393512994446304e+16 1.3383573558695257e+29
3.2905890927639030e-15 1.0236976634389930e+06 1.0557699699753718e+05 3.7644056905369040e+16 1.3378838005283289e+29
3.2154385113611301e-15 1.0221817343947735e+06 1.0410258462534955e+05 3.6907187390608024e+16 1.3371786556959815e+29
3.1420042213961282e-15 1.0206620406467252e+06 1.0264370312946575e+05 3.6182813805748128e+16 1.3362231396161387e+29
3.0702470261488918e-15 1.0191389710181009e+06 1.0120038055838489e+05 3.5470824325125572e+16 1.3350607254720662e+29
3.0001286240753394e-15 1.0176127131404519e+06 9.9772465721931832e+04 3.4771018181217412e+16 1.3336835668902522e+29
2.9316115883633456e-15 1.0160836971380508e+06 9.8359966510875063e+04 3.4083282512350604e+16 1.3320698822171022e+29
2.8646593469555428e-15 1.0145523960639114e+06 9.6962923156912148e+04 3.3407520476356056e+16 1.3302728422262404e+29
2.7992361630283719e-15 1.0130192717748189e+06 9.5581363978875801e+04 3.2743628646404340e+16 1.3282720146235217e+29
2.7353071159170559e-15 1.0114847425626285e+06 9.4215277042768284e+04 3.2091483895233796e+16 1.3260550234305087e+29
2.6728380824761013e-15 1.0099492785116369e+06 9.2864678933074654e+04 3.1450978536858952e+16 1.3236732543525962e+29
2.6117957188654957e-15 1.0084133592457973e+06 9.1529587763655247e+04 3.0822005775290780e+16 1.3210520192346965e+29
2.5521474427529691e-15 1.0068774875887616e+06 9.0210030490509918e+04 3.0204463768132252e+16 1.3182962082906254e+29
2.4938614159226217e-15 1.0053422778052938e+06 8.8906117396837639e+04 2.9598288908836784e+16 1.3153833483132876e+29
2.4369065272807395e-15 1.0038081698399250e+06 8.7617869808107105e+04 2.9003370336643384e+16 1.3122097646853799e+29
2.3812523762498158e-15 1.0022755890994306e+06 8.6345281892588420e+04 2.8419582623712604e+16 1.3089180395377973e+29
2.3268692565417277e-15 1.0007448599220030e+06 8.5088319425508147e+04 2.7846783818881292e+16 1.3054535131672382e+29
2.2737281403015041e-15 9.9921585610404832e+05 8.3846619240228727e+04 2.7284680048354532e+16 1.3018504441874289e+29
2.2218006626133126e-15 9.9768887503005832e+05 8.2620048488885805e+04 2.6733099718253824e+16 1.2980617500230797e+29
2.1710591063601611e-15 9.9616438762949896e+05 8.1408587144884936e+04 2.6191925871709232e+16 1.2942580855062619e+29
2.1214763874295099e-15 9.9464284275001218e+05 8.0212211213924005e+04 2.5661040300015472e+16 1.2900833229343945e+29
2.0730260402566669e-15 9.9312478064215940e+05 7.9030934335325277e+04 2.5140342415487944e+16 1.2858700654759100e+29
2.0256822036983470e-15 9.9161067656904145e+05 7.7864752051997464e+04 2.4629721430019796e+16 1.2815321508128632e+29
1.9794196072289361e-15 9.9010095219070464e+05 7.6713626669790028e+04 2.4129051032033596e+16 1.2770778891636850e+29
1.9342135574518784e-15 9.8859600980436942e+05 7.5577516173319163e+04 2.3638202581593804e+16 1.2724921443907022e+29
1.8900399249192402e-15 9.8709612511122564e+05 7.4456310755178580e+04 2.3157016358945208e+16 1.2677839028619930e+29
1.8468751312522100e-15 9.8560149290524737e+05 7.3349826695193333e+04 2.2685304822429216e+16 1.2629934692577496e+29
1.8046961365557400e-15 9.8411252209809120e+05 7.2258009207886382e+04 2.2222940824846528e+16 1.2580478934619081e+29
1.7634804271206827e-15 9.8262960812572413e+05 7.1180803407377593e+04 2.1769796982329136e+16 1.2529839022241841e+29
1.7232060034067163e-15 9.8115309494399128e+05 7.0118138158419184e+04 2.1325738291320844e+16 1.2479177511571325e+29
1.6838513682997199e-15 9.7968312162583519e+05 6.9069809141691570e+04 2.0890574202952032e+16 1.2427253663771535e+29
1.6453955156373893e-15 9.7822002306916250e+05 6.8035715523721854e+04 2.0464163899143104e+16 1.2373959793936736e+29
1.6078179189968424e-15 9.7676417980815214e+05 6.7015792282268361e+04 2.0046382464228656e+16 1.2320325099975232e+29
1.5710985207382948e-15 9.7531595061126759e+05 6.6009971813308119e+04 1.9637103629963520e+16 1.2265726609521492e+29
1.5352177212990160e-15 9.7387549750166060e+05 6.5018090409935678e+04 1.9236159879499000e+16 1.2210399924426761e+29
1.5001563687317299e-15 9.7244293751022499e+05 6.4039929231971473e+04 1.8843366874421128e+16 1.2154512632616260e+29
1.4658957484819409e-15 9.7101863732874452e+05 6.3075413412669288e+04 1.8458603108350800e+16 1.2097561904978709e+29
1.4324175733987857e-15 9.6960293031068833e+05 6.2124467494815101e+04 1.8081746461548764e+16 1.2040576905948583e+29
1.3997039739739272e-15 9.6819605972606211e+05 6.1186994668650346e+04 1.7712663932738106e+16 1.1976354977434519e+29
1.3677374888034679e-15 9.6679769998323033e+05 6.0262559553295934e+04 1.7351087571005086e+16 1.1923596372675369e+29
1.3365010552676013e-15 9.6540800191084377e+05 5.9350948559644217e+04 1.6996852756378674e+16 1.1865042448246159e+29
1.3059780004232072e-15 9.6402739550847898e+05 5.8452084961194596e+04 1.6649852662809780e+16 1.1805555346493165e+29
1.2761520321043861e-15 9.6265627023068944e+05 5.7565885484773120e+04 1.6309977647617404e+16 1.1745606189232858e+29
1.2470072302262402e-15 9.6129502954797016e+05 5.6692264758126912e+04 1.5977119034372674e+16 1.1685527075972508e+29
1.2185280382873081e-15 9.5994400499723468e+05 5.5831106443499571e+04 1.5651156426046872e+16 1.1624871575898710e+29
1.1906992550660171e-15 9.5860358817132586e+05 5.4982322722551122e+04 1.5331982361736948e+16 1.1564169185744578e+29
1.1635060265067758e-15 9.5727416502548172e+05 5.4145827814505072e+04 1.5019490770872296e+16 1.1502371075352407e+29
1.1369338377914151e-15 9.5595611068768485e+05 5.3321535105575749e+04 1.4713575788989964e+16 1.1441557570862413e+29
1.1109685055916584e-15 9.5464971202987141e+05 5.2509326158183801e+04 1.4414119293434502e+16 1.1379903268252806e+29
1.0855961704985305e-15 9.5335521496769763e+05 5.1709049460696740e+04 1.4120993260091188e+16 1.1318267866598156e+29
1.0608032896247057e-15 9.5207297145499114e+05 5.0920612622219087e+04 1.3834093501774930e+16 1.1256573741954289e+29
1.0365766293757621e-15 9.5080331252031017e+05 5.0143925287602382e+04 1.3553316789632746e+16 1.1195141222519647e+29
1.0129032583865274e-15 9.4954652081908076e+05 4.9378895426979339e+04 1.3278558262025880e+16 1.1133613416522925e+29
9.8977054061878349e-16 9.4830240625620657e+05 4.8625226776025920e+04 1.3009635592128762e+16 1.1072013835620301e+29
9.6716612861656596e-16 9.4707071062747762e+05 4.7882498723340868e+04 1.2746332886220156e+16 1.1010423738753189e+29
9.4507795691550233e-16 9.4585187874556938e+05 4.7150619187207798e+04 1.2488561547595760e+16 1.0948920138533381e+29
9.2349423560270548e-16 9.4464637248191284e+05 4.6429500354710377e+04 1.2236235653961470e+16 1.0887519088811278e+29
9.0240344402369017e-16 9.4345466143550200e+05 4.5719053368093097e+04 1.1989270193358570e+16 1.0826396784799168e+29
8.8179432463306952e-16 9.4227735838705231e+05 4.5019247844028796e+04 1.1747602895479298e+16 1.0765203647518675e+29
8.6165587698563285e-16 9.4111510981609893e+05 4.4330100931151414e+04 1.1511185877360094e+16 1.0704832223916032e+29
8.4197735186470735e-16 9.3996831522771902e+05 4.3651521930165436e+04 1.1279931713695324e+16 1.0644582766545288e+29
8.2274824554458266e-16 9.3883733081405796e+05 4.2983401174398045e+04 1.1053747124313290e+16 1.0584681481223306e+29
8.0395829418396960e-16 9.3772252605095820e+05 4.2325637667594521e+04 1.0832543010185404e+16 1.0525009373530826e+29
