8.0395829418396959e-13 5.8957176599428768e+05 1.8668845105963104e+05 2.9902667544545128e+16 4.4700665502352862e+26
7.8559746834753246e-13 5.9131499789374392e+05 1.8660604497048791e+05 2.9960560979485604e+16 4.6371242938089951e+26
7.6765596765250801e-13 5.9311692548609432e+05 1.8651639655881241e+05 3.0019899371368100e+16 4.8159283938146453e+26
7.5012421553758558e-13 5.9498236987149203e+05 1.8642032252124432e+05 3.0081364178991628e+16 5.0075342306223258e+26
7.3299285415128468e-13 5.9691628543033311e+05 1.8631883741131212e+05 3.0145734332144768e+16 5.2128463534872640e+26
7.1625273935704306e-13 5.9892407645768311e+05 1.8621312817014017e+05 3.0213895031863896e+16 5.4339778016347750e+26
6.9989493585237990e-13 6.0101178142335545e+05 1.8610455252396857e+05 3.0286849906957708e+16 5.6715896767679004e+26
6.8391071239955609e-13 6.0318622047784529e+05 1.8599467699749605e+05 3.0365747070773532e+16 5.9281039605521199e+26
6.6829153716511489e-13 6.0545519402834133e+05 1.8588533546656824e+05 3.0451916835529284e+16 6.2062061674115218e+26
6.5302907316589952e-13 6.0782688227561209e+05 1.8577875122414890e+05 3.0546889048274764e+16 6.5070828570419490e+26
6.3811517381904706e-13 6.1031005261708947e+05 1.8567751818547412e+05 3.0652402649465508e+16 6.8343739439240181e+26
6.2354187859361313e-13 6.1291432355362026e+05 1.8558463662595555e+05 3.0770441073013052e+16 7.1902025224499350e+26
6.0930140876152718e-13 6.1565067207852576e+05 1.8550355591510935e+05 3.0903287614419132e+16 7.5792558113616381e+26
5.9538616324556484e-13 6.1853117344961152e+05 1.8543831804519097e+05 3.1053576004009536e+16 8.0048385388591648e+26
5.8178871456214496e-13 6.2156885450331401e+05 1.8539363893414772e+05 3.1224326227127664e+16 8.4714780583438019e+26
5.6850180485680912e-13 6.2477853187641164e+05 1.8537499819981994e+05 3.1419047923390900e+16 8.9855192321861515e+26
5.5551834203020698e-13 6.2817630386385554e+05 1.8538883535398988e+05 3.1641806324676724e+16 9.5521011870165050e+26
5.4283139595259256e-13 6.3177934055351885e+05 1.8544266427241228e+05 3.1897279929725572e+16 1.0179418585383715e+27
5.3043419476474946e-13 6.3560715844572335e+05 1.8554525435466727e+05 3.2190948731338944e+16 1.0875021715643330e+27
5.1832012126339740e-13 6.3968096661914571e+05 1.8570691887404080e+05 3.2529209682526300e+16 1.1649106629116012e+27
5.0648270936916735e-13 6.4402330629057321e+05 1.8593973473961448e+05 3.2919496102006848e+16 1.2513195908881582e+27
4.9491564067522283e-13 6.4865966309802537e+05 1.8625795220809212e+05 3.3370624777751784e+16 1.3478105834040559e+27
4.8361274107470329e-13 6.5361765264317987e+05 1.8667847849137880e+05 3.3893032247188848e+16 1.4562521950198969e+27
4.7256797746521049e-13 6.5892658465879387e+05 1.8722141816242217e+05 3.4499087624920832e+16 1.5777012884234445e+27
4.6177545452852868e-13 6.6461677715556615e+05 1.8791073812964794e+05 3.5203472903276708e+16 1.7144350992924677e+27
4.5122941158391827e-13 6.7071971448251395e+05 1.8877526987832232e+05 3.6023813611387940e+16 1.8684791368435969e+27
4.4092421951325472e-13 6.7726907100493414e+05 1.8985055637178276e+05 3.6981799140984688e+16 2.0416531422900741e+27
4.3085437775639206e-13 6.8429726275553403e+05 1.9118123939459579e+05 3.8104280277269696e+16 2.2360552939559636e+27
4.2101451137516242e-13 6.9183306247382180e+05 1.9282598973678850e+05 3.9425617883048928e+16 2.4527270071676372e+27
4.1139936818441155e-13 6.9989909975920501e+05 1.9487069817292228e+05 4.0993655861901288e+16 2.6915248247981930e+27
4.0200381594855675e-13 7.0801545848820452e+05 1.9732318603164845e+05 4.2778685028055576e+16 2.9316615235710901e+27
3.9282283964218600e-13 7.1224350069708540e+05 1.9886493558527002e+05 4.3838227227135456e+16 3.0498971914270338e+27
3.8385153877319545e-13 7.1396762765650591e+05 1.9956692312764094e+05 4.4305507913436608e+16 3.0953016694468629e+27
3.7508512476708503e-13 7.1562933251342434e+05 2.0023957464259071e+05 4.4757514085896776e+16 3.1397821366356270e+27
3.6651891841097572e-13 7.1730831989170029e+05 2.0091343082391488e+05 4.5215063449729176e+16 3.1857930478365141e+27
3.5814834735600098e-13 7.1900432694874774e+05 2.0158830794621279e+05 4.5678120447665040e+16 3.2331394542688613e+27
3.4996894367675177e-13 7.2071707110714819e+05 2.0226401688630367e+05 4.6146643070326128e+16 3.2819976808232111e+27
3.4197634148644563e-13 7.2244630806129961e+05 2.0294038003512472e+05 4.6620596770446616e+16 3.3324804814295017e+27
3.3416627460656126e-13 7.2419171898188745e+05 2.0361718910351358e+05 4.7099923928816688e+16 3.3847943552872359e+27
3.2653457428970620e-13 7.2595305695628666e+05 2.0429426841625251e+05 4.7584586759762296e+16 3.4378654427015224e+27
3.1907716699447724e-13 7.2772997935190075e+05 2.0497139608508878e+05 4.8074515038326864e+16 3.4930254857529796e+27
3.1179007221113923e-13 7.2952222394828964e+05 2.0564838473271669e+05 4.8569660085337432e+16 3.5498093697667202e+27
3.0466940033697372e-13 7.3132950361309596e+05 2.0632503344772730e+05 4.9069962450102704e+16 3.6084334837766568e+27
2.9771135060013152e-13 7.3315148881504207e+05 2.0700112956415612e+05 4.9575350625821408e+16 3.6686949994036722e+27
2.9091220903091890e-13 7.3498788664419518e+05 2.0767646936951517e+05 5.0085758525902096e+16 3.7307936018848853e+27
2.8426834647940371e-13 7.3683830909340456e+05 2.0835081612445094e+05 5.0601092108492936e+16 3.7947386925244678e+27
2.7777621667829500e-13 7.3870245187551726e+05 2.0902396000518854e+05 5.1121276127890384e+16 3.8606509234392872e+27
2.7143235435007391e-13 7.4057993334601319e+05 2.0969566272117791e+05 5.1646210730750160e+16 3.9283765302852703e+27
2.6523337335734285e-13 7.4247046163420600e+05 2.1036571251909860e+05 5.2175815833396064e+16 3.9982011014684735e+27
2.5917596489541772e-13 7.4437363843036396e+05 2.1103386651743681e+05 5.2709981645008304e+16 4.0701546238100941e+27
2.5325689572620839e-13 7.4628917697202822e+05 2.1169991254707897e+05 5.3248622755164680e+16 4.1440118473378843e+27
2.4747300645241784e-13 7.4821659397471824e+05 2.1236357716096725e+05 5.3791598727322752e+16 4.2201966523755929e+27
2.4182120983117104e-13 7.5015557419672480e+05 2.1302463483142137e+05 5.4338808192197040e+16 4.2987756095718241e+27
2.3629848912614671e-13 7.5210568135528895e+05 2.1368282264370041e+05 5.4890114174688504e+16 4.3795081355445517e+27
2.3090189649734352e-13 7.5406660532641411e+05 2.1433791395852758e+05 5.5445409010340536e+16 4.4624799416038909e+27
2.2562855142762949e-13 7.5603785296600114e+05 2.1498962704399560e+05 5.6004532552747168e+16 4.5481406974474776e+27
2.2047563918521709e-13 7.5801908638951031e+05 2.1563772265411072e+05 5.6567360687428720e+16 4.6362234731758761e+27
2.1544040932125280e-13 7.6000982945088902e+05 2.1628192054246480e+05 5.7133728410422040e+16 4.7266964981475811e+27
2.1052017420172673e-13 7.6200973395236430e+05 2.1692197509980388e+05 5.7703499934069560e+16 4.8198202610829558e+27
2.0571230757290243e-13 7.6401827492369188e+05 2.1755759221946794e+05 5.8276489206815968e+16 4.9156426545832926e+27
2.0101424315950971e-13 7.6603504016453482e+05 2.1818850108976907e+05 5.8852531985185120e+16 5.0143745377986181e+27
1.9642347329496030e-13 7.6805954702582944e+05 2.1881441618180423e+05 5.9431443268977056e+16 5.1157944808939871e+27
1.9193754758283432e-13 7.7009131955035788e+05 2.1943504404479419e+05 6.0013030848609408e+16 5.2202074193916005e+27
1.8755407158894795e-13 7.7212995477469661e+05 2.2005011470988896e+05 6.0597119677127944e+16 5.3274036084138200e+27
1.8327070556328355e-13 7.7417494080497290e+05 2.2065932456266446e+05 6.1183498783857040e+16 5.4378459579476256e+27
1.7908516319110873e-13 7.7622588374531281e+05 2.2126240403392710e+05 6.1771986429900280e+16 5.5516146691039965e+27
1.7499521037262478e-13 7.7828213681323139e+05 2.2185901240789163e+05 6.2362325142177256e+16 5.6682879823682680e+27
1.7099866403047436e-13 7.8034333952633583e+05 2.2244888094510054e+05 6.2954329260937536e+16 5.7886021604881741e+27
1.6709339094449448e-13 7.8240881818521849e+05 2.2303166419186883e+05 6.3547725130530416e+16 5.9120026182922282e+27
1.6327730661307397e-13 7.8447815889552317e+05 2.2360706800012005e+05 6.4142297525134872e+16 6.0390952224959349e+27
1.5954837414051565e-13 7.8655078297729976e+05 2.2417477049071577e+05 6.4737788610133552e+16 6.1693847185843256e+27
1.5590460314981504e-13 7.8862617543965415e+05 2.2473444808131724e+05 6.5333943894178128e+16 6.3039753926126563e+27
1.5234404872026269e-13 7.9070386314753874e+05 2.2528580130953912e+05 6.5930523331152568e+16 6.4418842600378325e+27
1.4886481034931015e-13 7.9278314253083745e+05 2.2582846706455728e+05 6.6527213819360088e+16 6.5837737780854144e+27
1.4546503093815020e-13 7.9486360962200735e+05 2.2636214785039306e+05 6.7123777320105208e+16 6.7299028479650571e+27
1.4214289580045901e-13 7.9694447625440219e+05 2.2688646661774890e+05 6.7719870074571472e+16 6.8797209826967891e+27
1.3889663169377659e-13 7.9902526244375424e+05 2.2740109667318902e+05 6.8315217028912720e+16 7.0335420175779603e+27
1.3572450587301461e-13 8.0110540542947454e+05 2.2790570707953768e+05 6.8909523381646640e+16 7.1921165773540675e+27
1.3262482516557153e-13 8.0318422863861022e+05 2.2839993194049434e+05 6.9502452870290432e+16 7.3549342736110055e+27
1.2959593506757878e-13 8.0526129954027361e+05 2.2888346131714137e+05 7.0093733026153168e+16 7.5217872614009636e+27
1.2663621886078123e-13 8.0733569175854709e+05 2.2935588815920168e+05 7.0682955071502640e+16 7.6936764384885605e+27
1.2374409674958667e-13 8.0940691063351545e+05 2.2981686863016218e+05 7.1269808593197280e+16 7.8700931706494855e+27
1.2091802501782780e-13 8.1147432741882582e+05 2.3026605536109651e+05 7.1853954572331312e+16 8.0512310655512496e+27
1.1815649520477777e-13 8.1353719056425046e+05 2.3070305316649348e+05 7.2435003264174416e+16 8.2373075380998975e+27
1.1545803329998362e-13 8.1559507106965384e+05 2.3112753771257936e+05 7.3012652304666720e+16 8.4287917799304471e+27
1.1282119895649331e-13 8.1764705711195886e+05 2.3153910906635682e+05 7.3586472099746288e+16 8.6250916162434091e+27
1.1024458472204377e-13 8.1969257147508918e+05 2.3193739586173024e+05 7.4156100959016624e+16 8.8262213436709922e+27
1.0772681528781416e-13 8.2173103126953053e+05 2.3232205957029306e+05 7.4721189384889264e+16 9.0333668305269661e+27
1.0526654675433147e-13 8.2376143084751104e+05 2.3269266948712646e+05 7.5281259658312624e+16 9.2457960238885473e+27
1.0286246591414157e-13 8.2578330435140408e+05 2.3304886946024507e+05 7.5835964942653888e+16 9.4639297015195270e+27
1.0051328955086642e-13 8.2779584954564297e+05 2.3339028237207120e+05 7.6384883091316432e+16 9.6871632865734772e+27
9.8217763754265583e-14 8.2979825897710561e+05 2.3371649755847137e+05 7.6927568469278288e+16 9.9170723877375342e+27
9.5974663250940560e-14 8.3179007080281735e+05 2.3402716568480260e+05 7.7463667974537216e+16 1.0152658746359662e+28
9.3782790750328011e-14 8.3377022668306355e+05 2.3432188352785463e+05 7.7992685889911392e+16 1.0393976080579588e+28
9.1640976305625656e-14 8.3573800837129529e+05 2.3460024232128277e+05 7.8514182228145712e+16 1.0642025994726075e+28
8.9548076689313450e-14 8.3769287720286497e+05 2.3486188158828442e+05 7.9027773974348160e+16 1.0895846574724407e+28
8.7502974782940347e-14 8.3963374879842263e+05 2.3510638939394653e+05 7.9532943619558896e+16 1.1156807644920645e+28
8.5504578980841602e-14 8.4156000799058983e+05 2.3533336346583389e+05 8.0029265040971792e+16 1.1424176645857420e+28
8.3551822607479450e-14 8.4347103626532224e+05 2.3554244305727640e+05 8.0516332388153504e+16 1.1697681853862106e+28
8.1643663348086941e-14 8.4536567481173633e+05 2.3573321868905477e+05 8.0993604930169920e+16 1.1978346554190367e+28
7.9779082692314898e-14 8.4724332937080669e+05 2.3590528294220695e+05 8.1460651384983264e+16 1.2265521511371603e+28
7.7957085390588123e-14 8.4910332722847478e+05 2.3605827843021075e+05 8.1917051168628720e+16 1.2560537329373744e+28
7.6176698922872544e-14 8.5094447407877317e+05 2.3619180448261808e+05 8.2362253519353056e+16 1.2861726396765248e+28
7.4436972979579387e-14 8.5276617170911399e+05 2.3630544712475417e+05 8.2795819038555296e+16 1.3171449957162530e+28
7.2736978954321352e-14 8.5456772357703862e+05 2.3639885607682404e+05 8.3217322788655008e+16 1.3487657436531627e+28
7.1075809448253324e-14 8.5634785616622958e+05 2.3647164985994366e+05 8.3626203142724656e+16 1.3811156973583375e+28
6.9452577785735583e-14 8.5810592565443902e+05 2.3652339917861242e+05 8.4022001753204720e+16 1.4143047590759702e+28
6.7866417541055714e-14 8.5984126000835968e+05 2.3655374159907911e+05 8.4404291753920048e+16 1.4481310994902269e+28
6.6316482075959181e-14 8.6155261240215052e+05 2.3656232039620765e+05 8.4772528534195760e+16 1.4828238691070080e+28
6.4801944087744509e-14 8.6323928988031042e+05 2.3654869818771695e+05 8.5126241245937040e+16 1.5182726808404070e+28
6.3321995167676364e-14 8.6490066734191589e+05 2.3651250169165182e+05 8.5465010741099008e+16 1.5545764224307921e+28
6.1875845369483762e-14 8.6653549463877943e+05 2.3645342894380164e+05 8.5788323303098960e+16 1.5916508377911795e+28
6.0462722787715319e-14 8.6814298535263748e+05 2.3637104414062301e+05 8.6095694650088720e+16 1.6294487845856701e+28
5.9081873145721601e-14 8.6972256089535519e+05 2.3626495814543657e+05 8.6386714883684528e+16 1.6681365675603429e+28
5.7732559393047217e-14 8.7127300355489610e+05 2.3613494483251264e+05 8.6660924183116112e+16 1.7077202918306120e+28
5.6414061312020209e-14 8.7279332252597529e+05 2.3598060555167918e+05 8.6917822354154752e+16 1.7480206978066363e+28
5.5125675133322412e-14 8.7428289129528671e+05 2.3580151374612731e+05 8.7156979937733104e+16 1.7892660537669923e+28
5.3866713160343085e-14 8.7574078344481566e+05 2.3559743391122654e+05 8.7378007550285264e+16 1.8311780530982240e+28
5.2636503402109189e-14 8.7716575684455410e+05 2.3536807283899965e+05 8.7580417363748784e+16 1.8741079305825014e+28
5.1434389214598862e-14 8.7855710892171971e+05 2.3511297937973257e+05 8.7763764977205520e+16 1.9176506071235677e+28
5.0259728950248755e-14 8.7991415159655293e+05 2.3483182875980905e+05 8.7927683730695696e+16 1.9622632520560565e+28
4.9111895615462751e-14 8.8123559280363843e+05 2.3452448219098648e+05 8.8071772356940336e+16 2.0076614979504050e+28
4.7990276535945624e-14 8.8252058205346134e+05 2.3419051018591411e+05 8.8195583769947936e+16 2.0539255202991294e+28
4.6894273029677714e-14 8.8376847243198915e+05 2.3382950197154179e+05 8.8298736880546672e+16 2.1009963324737592e+28
4.5823300087358381e-14 8.8497825273054990e+05 2.3344138478016137e+05 8.8380951098788976e+16 2.1489103869571023e+28
4.4776786060149089e-14 8.8614876471673441e+05 2.3302591803695619e+05 8.8441829865147056e+16 2.1975222961813836e+28
4.3754172354546191e-14 8.8727925707944098e+05 2.3258265690397398e+05 8.8480975365454176e+16 2.2471288599007838e+28
4.2754913134222209e-14 8.8836906233235891e+05 2.3211131316035512e+05 8.8498102021731376e+16 2.2975964995763545e+28
4.1778475028678120e-14 8.8941696115160803e+05 2.3161197656428732e+05 8.8492996703987264e+16 2.3487446265232027e+28
4.0824336848547811e-14 8.9042201249804872e+05 2.3108426784884030e+05 8.8465279794243344e+16 2.4007224515844829e+28
3.9891989307404462e-14 8.9138348131207330e+05 2.3052777068959968e+05 8.8414614576825424e+16 2.4534785154755601e+28
3.8980934749921996e-14 8.9230062594121369e+05 2.2994240631662289e+05 8.8340847338575584e+16 2.5070718378872971e+28
3.8090686886242321e-14 8.9317225190577540e+05 2.2932827206901819e+05 8.8243813208247168e+16 2.5613758171532185e+28
3.7220770532411519e-14 8.9399749725225987e+05 2.2868494233246884e+05 8.8123174843147760e+16 2.6163528639828719e+28
3.6370721356742348e-14 8.9477565360883530e+05 2.2801203709405180e+05 8.7978670269506368e+16 2.6722634403792892e+28
3.5540085631969392e-14 8.9550593530588213e+05 2.2730974829020043e+05 8.7810317626471328e+16 2.7286958596088092e+28
3.4728419993065977e-14 8.9618725035707408e+05 2.2657812252596728e+05 8.7617996822241616e+16 2.7858309440211366e+28
3.3935291200589816e-14 8.9681874061337684e+05 2.2581674358094033e+05 8.7401430117579008e+16 2.8434951859206000e+28
3.3160275909435640e-14 8.9739971112138603e+05 2.2502527609792576e+05 8.7160436979641200e+16 2.9021928610005845e+28
3.2402960442867525e-14 8.9792943741941662e+05 2.2420414956573627e+05 8.6895215900141888e+16 2.9611498815496567e+28
3.1662940571711986e-14 8.9840690965692361e+05 2.2335340364839160e+05 8.6605715034982784e+16 3.0206924497036927e+28
3.0939821298595029e-14 8.9883124741931469e+05 2.2247264746279200e+05 8.6291722562598128e+16 3.0807850874357882e+28
3.0233216647105607e-14 8.9920174326507677e+05 2.2156157142592256e+05 8.5953127396597328e+16 3.1414939003005919e+28
2.9542749455774224e-14 8.9951782766232220e+05 2.2062074545587544e+05 8.5590284266709856e+16 3.2025918693697228e+28
2.8868051176757726e-14 8.9977858428144641e+05 2.1965033672790899e+05 8.5203279887224240e+16 3.2639676973129650e+28
2.8208761679120653e-14 8.9998309712538065e+05 2.1864997705929173e+05 8.4791966862657744e+16 3.3259387443477998e+28
2.7564529056609296e-14 9.0013062573325064e+05 2.1761937090001494e+05 8.4356295382708144e+16 3.3882136012699329e+28
2.6935009439816838e-14 9.0022080177086813e+05 2.1655911306684301e+05 8.3896733260986784e+16 3.4507110959983987e+28
2.6319866812637211e-14 9.0025287615920359e+05 2.1546972115151098e+05 8.3413624687062272e+16 3.5134199396786961e+28
2.5718772832910860e-14 9.0022590824870695e+05 2.1435086377213060e+05 8.2906894995609680e+16 3.5762568369926009e+28
2.5131406657167638e-14 9.0013908252845949e+05 2.1320225675634036e+05 8.2376543433362064e+16 3.6392446394559120e+28
2.4557454769370657e-14 8.9999203205980454e+05 2.1202419659184208e+05 8.1822957195663760e+16 3.7022422920552651e+28
2.3996610813572847e-14 8.9978444002082210e+05 2.1081774416377305e+05 8.1246878174569056e+16 3.7656811929171755e+28
2.3448575430394285e-14 8.9951536622466345e+05 2.0958268183263348e+05 8.0648342642037888e+16 3.8285112619320551e+28
2.2913056097234067e-14 8.9918394461083692e+05 2.0831875167176459e+05 8.0027409177059680e+16 3.8914992989427208e+28
2.2389766972132404e-14 8.9878962498282222e+05 2.0702590957009880e+05 7.9384326887638208e+16 3.9542862966030889e+28
2.1878428741197178e-14 8.9833267914350226e+05 2.0570564037690021e+05 7.8720202017570208e+16 4.0167808441133432e+28
2.1378768469516348e-14 8.9781240285774053e+05 2.0435820981788303e+05 7.8035386375445888e+16 4.0789514312781607e+28
2.0890519455474319e-14 8.9722787417892297e+05 2.0298339264615966e+05 7.7329990363536960e+16 4.1408450618616228e+28
2.0413421088395478e-14 8.9657831267564173e+05 2.0158101241345194e+05 7.6604201021635760e+16 4.2022244726359689e+28
1.9947218709439593e-14 8.9586375008424849e+05 2.0015175705191260e+05 7.5858769052068864e+16 4.2630185356588827e+28
1.9491663475673367e-14 8.9508451517735841e+05 1.9869715914872894e+05 7.5094850842327952e+16 4.3231484524060747e+28
1.9046512227246311e-14 8.9423969238760916e+05 1.9721709815167091e+05 7.4312643276790944e+16 4.3827563555195951e+28
1.8611527357600804e-14 8.9332840844000049e+05 1.9571141787037571e+05 7.3512359694475936e+16 4.4414402316293753e+28
1.8186476686645556e-14 8.9234999238519848e+05 1.9418003285498571e+05 7.2694310033940512e+16 4.4994729111504142e+28
1.7771133336825583e-14 8.9130526857407112e+05 1.9262450796810887e+05 7.1859797762923832e+16 4.5562384025691209e+28
1.7365275612023216e-14 8.9019432750385941e+05 1.9104593302511051e+05 7.1009754875680000e+16 4.6120657696134497e+28
1.6968686879223694e-14 8.8901626054448925e+05 1.8944419460057758e+05 7.0144429854228776e+16 4.6670628225028607e+28
1.6581155452884349e-14 8.8777024816347705e+05 1.8781920437850576e+05 6.9264120613175144e+16 4.7207870778864397e+28
1.6202474481943860e-14 8.8645577561118419e+05 1.8617101637695724e+05 6.8369265823055184e+16 4.7729452718398998e+28
1.5832441839412017e-14 8.8507440749517130e+05 1.8450179202539430e+05 6.7461537663087832e+16 4.8240342501399767e+28
1.5470860014481690e-14 8.8362621187783277e+05 1.8281247035173874e+05 6.6541800211989880e+16 4.8736156684591463e+28
1.5117536007103770e-14 8.8211032376584073e+05 1.8110300341816759e+05 6.5610360374842552e+16 4.9220916850663735e+28
1.4772281224970779e-14 8.8052596064865170e+05 1.7937336379502789e+05 6.4667567433695256e+16 4.9683451542037993e+28
1.4434911382852522e-14 8.7887260407663847e+05 1.7762362775901757e+05 6.3713881145695016e+16 5.0132256792590077e+28
1.4105246404230745e-14 8.7715220600996469e+05 1.7585605891435529e+05 6.2751035700416768e+16 5.0560874877454293e+28
1.3783110325180794e-14 8.7536525075298781e+05 1.7407186369501677e+05 6.1780050496475152e+16 5.0977779564066253e+28
1.3468331200447878e-14 8.7351092495072517e+05 1.7227105503294183e+05 6.0801264663657664e+16 5.1369116411416382e+28
1.3160741011668400e-14 8.7158847738293814e+05 1.7045365777753128e+05 5.9815048405427672e+16 5.1740089707955371e+28
1.2860175577687812e-14 8.6959731405202521e+05 1.6861973257755322e+05 5.8821830319494280e+16 5.2095730792055800e+28
1.2566474466926146e-14 8.6753910660073056e+05 1.6677105169517559e+05 5.7823047484520656e+16 5.2423804329399950e+28
1.2279480911744954e-14 8.6541560756126139e+05 1.6490969884861392e+05 5.6820201756557912e+16 5.2734270784425790e+28
1.1999041724770400e-14 8.6322606453786034e+05 1.6303574420800543e+05 5.5813636569831816e+16 5.3018079929793681e+28
1.1725007217126900e-14 8.6096974990172265e+05 1.6114925478908519e+05 5.4803710176736464e+16 5.3284238823708229e+28
1.1457231118538169e-14 8.5864601573690213e+05 1.5925030910160660e+05 5.3790810386128704e+16 5.3521698301743469e+28
1.1195570499253468e-14 8.5625497378352948e+05 1.5733943293351008e+05 5.2775612060060160e+16 5.3736552769362694e+28
1.0939885693756198e-14 8.5379912340891443e+05 1.5541894250066334e+05 5.1759743255101072e+16 5.3921641365754667e+28
1.0690040226215535e-14 8.5127830980622256e+05 1.5348927615726192e+05 5.0743744319215168e+16 5.4086506126793291e+28
1.0445900737640148e-14 8.4869290992786363e+05 1.5155114305318744e+05 4.9728326383246904e+16 5.4222565744255805e+28
1.0207336914695582e-14 8.4604447997463471e+05 1.4960612988094421e+05 4.8714636578473624e+16 5.4335447989186961e+28
9.9742214201477500e-15 8.4333258953765873e+05 1.4765444006405689e+05 4.7703053922747360e+16 5.4416780358700243e+28
9.7464298248943204e-15 8.4055809966460930e+05 1.4569705751941880e+05 4.6694394168587464e+16 5.4473866874274393e+28
9.5238405415489943e-15 8.3772234999250562e+05 1.4373534872003310e+05 4.5689627163830984e+16 5.4503347549971170e+28
9.3063347595421789e-15 8.3482488287453959e+05 1.4176946711928659e+05 4.4689069659850560e+16 5.4504945618147627e+28
9.0937963817038467e-15 8.3186695867144095e+05 1.3980058918022062e+05 4.3693587255401384e+16 5.4481919589592430e+28
8.8861119622950472e-15 8.2884974165099941e+05 1.3782989212945270e+05 4.2703993359350576e+16 5.4426153835553416e+28
8.6831706464543330e-15 8.2577281314955500e+05 1.3585752420233638e+05 4.1720562126198400e+16 5.4344250215518309e+28
8.4848641110271021e-15 8.2263767054952960e+05 1.3388473158159721e+05 4.0744138257891056e+16 5.4233313835434998e+28
8.2910865067466053e-15 8.1944545241816493e+05 1.3191259641415079e+05 3.9775430832151944e+16 5.4094985327573705e+28
8.1017344017351153e-15 8.1619578369524935e+05 1.2994126283572552e+05 3.8814668599412448e+16 5.3929921692404302e+28
7.9167067262954120e-15 8.1289032050614525e+05 1.2797198049392938e+05 3.7862639889285424e+16 5.3735194439725254e+28
7.7359047189634282e-15 8.0953044004274707e+05 1.2600588759394505e+05 3.6920023985647200e+16 5.3514526797611008e+28
7.5592318737926421e-15 8.0611580393063033e+05 1.2404311946588721e+05 3.5986995941927924e+16 5.3263698545986035e+28
7.3865938888424051e-15 8.0264781803703273e+05 1.2208470345173625e+05 3.5064173371866312e+16 5.2988895936680095e+28
7.2178986158429975e-15 7.9912820947922464e+05 1.2013187596659779e+05 3.4152226916587944e+16 5.2688600564672384e+28
7.0530560110097832e-15 7.9555668873640744e+05 1.1818476212298819e+05 3.3251279574826764e+16 5.2359252240945302e+28
6.8919780869811397e-15 7.9193444298535213e+05 1.1624418924714944e+05 3.2361797410608916e+16 5.2008711228101133e+28
6.7345788658535760e-15 7.8826403837300220e+05 1.1431171917242993e+05 3.1484545466855456e+16 5.1629124754629914e+28
6.5807743332898606e-15 7.8454530696634820e+05 1.1238750161257964e+05 3.0619603823782016e+16 5.1223791519654689e+28
6.4304823936749431e-15 7.8077881787520577e+05 1.1047199469914884e+05 2.9767204733445984e+16 5.0796881853775269e+28
6.2836228262960381e-15 7.7696754061594896e+05 1.0856682855917045e+05 2.8928083721677284e+16 5.0341847582912126e+28
6.1401172425237023e-15 7.7311162440555647e+05 1.0667226405375398e+05 2.8102321022641628e+16 4.9866527960529600e+28
5.9998890439705759e-15 7.6921112582596485e+05 1.0478847258310881e+05 2.7289963945462836e+16 4.9373220926402230e+28
5.8628633816057044e-15 7.6526897300151072e+05 1.0291692962954043e+05 2.6491621627282400e+16 4.8852140972970248e+28
5.7289671158028247e-15 7.6128599285099213e+05 1.0105815538623756e+05 2.5707442129952608e+16 4.8317495888237699e+28
5.5981287773008504e-15 7.5726204137723183e+05 9.9212196082881186e+04 2.4937367994490528e+16 4.7757404958859248e+28
5.4702785290559493e-15 7.5319900850913336e+05 9.7379948538935074e+04 2.4181706526304312e+16 4.7183584557601317e+28
5.3453481289650542e-15 7.4909899206928327e+05 9.5562414877903531e+04 2.3440769818201952e+16 4.6584788072696747e+28
5.2232708934404756e-15 7.4496187660161289e+05 9.3759614567333556e+04 2.2714446438546428e+16 4.5973250887829215e+28
5.1039816618164203e-15 7.4078821755839803e+05 9.1971810779763677e+04 2.2002732953723172e+16 4.5344161210267468e+28
4.9874167615685985e-15 7.3658096072414319e+05 9.0200247223687969e+04 2.1306004142405652e+16 4.4698986525567580e+28
4.8735139743278304e-15 7.3234040604816854e+05 8.8445072164033161e+04 2.0624166983535404e+16 4.4042598259071541e+28
4.7622125026701672e-15 7.2806648025896179e+05 8.6706256808517152e+04 1.9957063120814520e+16 4.3374651474634651e+28
4.6534529376651431e-15 7.2376143293506489e+05 8.4984649474935708e+04 1.9304877304637028e+16 4.2689626392852932e+28
4.5471772271654456e-15 7.1942693125841662e+05 8.3280874623298834e+04 1.8667677323290696e+16 4.1995092247398177e+28
4.4433286448206034e-15 7.1506291453097551e+05 8.1594865195012622e+04 1.8045261501463464e+16 4.1290032537896227e+28
4.3418517597983386e-15 7.1067010415848810e+05 7.9926806211355550e+04 1.7437532835963160e+16 4.0568694274432799e+28
4.2426924071975897e-15 7.0625301967827487e+05 7.8278262968838884e+04 1.6844885569391602e+16 3.9850166188866661e+28
4.1457976591370770e-15 7.0181241616225184e+05 7.6649417951456227e+04 1.6267170547875624e+16 3.9118895735823632e+28
4.0511157965041552e-15 6.9734829359267757e+05 7.5040160687786891e+04 1.5704135565776632e+16 3.8378630334687262e+28
3.9585962813490184e-15 6.9286205855860992e+05 7.3450842303612866e+04 1.5155698282613658e+16 3.7639384012695099e+28
3.8681897299092095e-15 6.8835607007962768e+05 7.1882140883576896e+04 1.4621872971314342e+16 3.6892213765653782e+28
3.7798478862502085e-15 6.8383037754464825e+05 7.0333927903273434e+04 1.4102385180505506e+16 3.6139141906382063e+28
3.6935235965081540e-15 6.7928501050463237e+05 6.8806053999152617e+04 1.3596961041617444e+16 3.5386245822922976e+28
3.6091707837206704e-15 6.7472193640672357e+05 6.7298981176543442e+04 1.3105534577920330e+16 3.4628694855561442e+28
3.5267444232325131e-15 6.7014231219447590e+05 6.5812904310621845e+04 1.2627937822608394e+16 3.3873610254982099e+28
3.4462005186630304e-15 6.6554612817034230e+05 6.4347628468207775e+04 1.2163877180698968e+16 3.3119635691695578e+28
3.3674960784223519e-15 6.6093376509521704e+05 6.2903054046526675e+04 1.1713100391493240e+16 3.2364305026705675e+28
3.2905890927639030e-15 6.5631010957787186e+05 6.1480427800055200e+04 1.1275774124164080e+16 3.1612723917506463e+28
3.2154385113611301e-15 6.5167666116218001e+05 6.0079964022972388e+04 1.0851712658556700e+16 3.0860250948333308e+28
3.1420042213961282e-15 6.4703348414365714e+05 5.8701433683944684e+04 1.0440595193428058e+16 3.0110253825481605e+28
3.0702470261488918e-15 6.4238089291120658e+05 5.7344668728853307e+04 1.0042127919750782e+16 2.9371000060983067e+28
3.0001286240753394e-15 6.3772087349137908e+05 5.6009966864917442e+04 9.6561568134376680e+15 2.8631899441222869e+28
2.9316115883633456e-15 6.3305385137315316e+05 5.4697178859983775e+04 9.2823923542622800e+15 2.7898483155130720e+28
2.8646593469555428e-15 6.2837984381149011e+05 5.3406034133423273e+04 8.9205169841955310e+15 2.7173085169582528e+28
2.7992361630283719e-15 6.2369939606868406e+05 5.2136388055353229e+04 8.5702585759403760e+15 2.6449250030754653e+28
2.7353071159170559e-15 6.1901601839677210e+05 5.0888868228936175e+04 8.2315580631466570e+15 2.5738464398805470e+28
2.6728380824761013e-15 6.1433037544994662e+05 4.9663344615705515e+04 7.9041370286510630e+15 2.5031363997267014e+28
2.6117957188654957e-15 6.0964249874042207e+05 4.8459516139349660e+04 7.5876772769030030e+15 2.4336007313068227e+28
2.5521474427529691e-15 6.0495278828314180e+05 4.7277163282134155e+04 7.2818918346912370e+15 2.3647372277273587e+28
2.4938614159226217e-15 6.0026426957539655e+05 4.6116702279383768e+04 6.9866609086119100e+15 2.2966938849290479e+28
2.4369065272807395e-15 5.9557761200034665e+05 4.4977966269398385e+04 6.7017079548374780e+15 2.2298510042055095e+28
2.3812523762498158e-15 5.9089284562751662e+05 4.3860629783490884e+04 6.4267229122800310e+15 2.1639406009235509e+28
2.3268692565417277e-15 5.8621012747599615e+05 4.2764391374810606e+04 6.1614110338299340e+15 2.0991234039086060e+28
2.2737281403015041e-15 5.8153198584836978e+05 4.1689482131083467e+04 5.9056121105056390e+15 2.0352521377917057e+28
2.2218006626133126e-15 5.7685931874592695e+05 4.0635758572274048e+04 5.6590719811058730e+15 1.9726616121441318e+28
2.1710591063601611e-15 5.7219214335418458e+05 3.9602876317184418e+04 5.4214948687768680e+15 1.9111154484931319e+28
2.1214763874295099e-15 5.6753045244777843e+05 3.8590484184427463e+04 5.1925924120876290e+15 1.8507031782774786e+28
2.0730260402566669e-15 5.6287625094289321e+05 3.7598648508949118e+04 4.9721781770907700e+15 1.7914692949995312e+28
2.0256822036983470e-15 5.5823096716533252e+05 3.6627311243858858e+04 4.7600358184361420e+15 1.7334425798811667e+28
1.9794196072289361e-15 5.5359460241776635e+05 3.5676113830800539e+04 4.5558869881438000e+15 1.6766380942593539e+28
1.9342135574518784e-15 5.4896712013066118e+05 3.4744690626386589e+04 4.3594604040617150e+15 1.6211925421074959e+28
1.8900399249192402e-15 5.4434982850164350e+05 3.3832931551339316e+04 4.1705472218308345e+15 1.5668177458562635e+28
1.8468751312522100e-15 5.3974568166327651e+05 3.2941041489703523e+04 3.9890034366559810e+15 1.5136262921038141e+28
1.8046961365557400e-15 5.3515480842276104e+05 3.2068675931794194e+04 3.8145718996212505e+15 1.4618956302910921e+28
1.7634804271206827e-15 5.3057721626345755e+05 3.1215471239436985e+04 3.6469991194885795e+15 1.4112628492876359e+28
1.7232060034067163e-15 5.2601289042439312e+05 3.0381064211307479e+04 3.4860392709139215e+15 1.3618523439447301e+28
1.6838513682997199e-15 5.2146183774885564e+05 2.9565099889642504e+04 3.3314555207705135e+15 1.3137734406000046e+28
1.6453955156373893e-15 5.1692399251039873e+05 2.8767214603978711e+04 3.1830166046514780e+15 1.2667891310351046e+28
1.6078179189968424e-15 5.1239922937612468e+05 2.7987037915889028e+04 3.0404973899933135e+15 1.2212736244041252e+28
1.5710985207382948e-15 5.0788736107239476e+05 2.7224189663221328e+04 2.9036788182191525e+15 1.1767249490457056e+28
1.5352177212990160e-15 5.0339113737781730e+05 2.6478761033885567e+04 2.7724336480648640e+15 1.1334240337556691e+28
1.5001563687317299e-15 4.9891530617845937e+05 2.5751160157793114e+04 2.6466854680441615e+15 1.0913681310788597e+28
1.4658957484819409e-15 4.9445994792965357e+05 2.5041029610003436e+04 2.5262220724238690e+15 1.0505992823835227e+28
1.4324175733987857e-15 4.9002506534036121e+05 2.4348005166964864e+04 2.4108368041404300e+15 1.0110970453463088e+28
1.3997039739739272e-15 4.8561064215617726e+05 2.3671725891321741e+04 2.3003301446501850e+15 9.7265194513734165e+27
1.3677374888034679e-15 4.8121665640243894e+05 2.3011836093678263e+04 2.1945098314749388e+15 9.3537707821573767e+27
1.3365010552676013e-15 4.7684305947135133e+05 2.2367982331494331e+04 2.0931901523299348e+15 8.9937499655875650e+27
1.3059780004232072e-15 4.7248977466546564e+05 2.1739813455767326e+04 1.9961917797489988e+15 8.6432610134190232e+27
1.2761520321043861e-15 4.6815670438991830e+05 2.1126981508805406e+04 1.9033417696971398e+15 8.3048341914889487e+27
1.2470072302262402e-15 4.6384376703597186e+05 2.0529146760186635e+04 1.8144741471127480e+15 7.9766701621121225e+27
1.2185280382873081e-15 4.5955101642105274e+05 1.9945993577984402e+04 1.7294319138918200e+15 7.6594901800352543e+27
1.1906992550660171e-15 4.5527830080445152e+05 1.9377184199613406e+04 1.6480599519920902e+15 7.3522669269998092e+27
1.1635060265067758e-15 4.5102540603826311e+05 1.8822378027434657e+04 1.5702081198175422e+15 7.0551471870626715e+27
1.1369338377914151e-15 4.4679204838353238e+05 1.8281229628831494e+04 1.4957311041284872e+15 6.7675403531182915e+27
1.1109685055916584e-15 4.4258022482920956e+05 1.7753672309578029e+04 1.4245272659660778e+15 6.4898923718629570e+27
1.0855961704985305e-15 4.3839492858321557e+05 1.7240001982602815e+04 1.3565427361913928e+15 6.2221419270227819e+27
1.0608032896247057e-15 4.3423627704758593e+05 1.6739910762060903e+04 1.2916418902518535e+15 5.9633976404180364e+27
1.0365766293757621e-15 4.3010419656009553e+05 1.6253073792104491e+04 1.2296915392172275e+15 5.7145766536962939e+27
1.0129032583865274e-15 4.2599860053421342e+05 1.5779171581069626e+04 1.1705638140850565e+15 5.4746864256818779e+27
9.8977054061878349e-16 4.2191939705845411e+05 1.5317890738572951e+04 1.1141360783035776e+15 5.2437379819953958e+27
9.6716612861656596e-16 4.1786648560430075e+05 1.4868923658622180e+04 1.0602906928324886e+15 5.0213270691156776e+27
9.4507795691550233e-16 4.1383974357209780e+05 1.4431967037313882e+04 1.0089146653305889e+15 4.8074540389422874e+27
9.2349423560270548e-16 4.0983903539476695e+05 1.4006722820039224e+04 9.5989961111235825e+14 4.6009288744535997e+27
9.0240344402369017e-16 4.0586421135793615e+05 1.3592898048570180e+04 9.1314157755890450e+14 4.4019860080501587e+27
8.8179432463306952e-16 4.0191517856426822e+05 1.3190211840255964e+04 8.6854167086846450e+14 4.2110475200699987e+27
8.6165587698563285e-16 3.9799189854980574e+05 1.2798394977325430e+04 8.2600572640830325e+14 4.0275366125830745e+27
8.4197735186470735e-16 3.9409418995259743e+05 1.2417170124166232e+04 7.8544201157852075e+14 3.8507392883895817e+27
8.2274824554458266e-16 3.9022191116397211e+05 1.2046270009877646e+04 7.4676315133006338e+14 3.6809160536837427e+27
8.0395829418396960e-16 3.8637487185281026e+05 1.1685428926584835e+04 7.0988505208736788e+14 3.5177387990993499e+27
