4.0068243578303145e-13 6.9936214204552514e+05 1.9126003533895765e+05 4.0017093291600696e+16 3.0032555606318661e+27
3.9153163720012869e-13 7.0093436314587342e+05 1.9191344550001898e+05 4.0423574429400400e+16 3.0435011394044522e+27
3.8258982485477294e-13 7.0252461167398200e+05 1.9256877014257273e+05 4.0835476875012280e+16 3.0850380402318111e+27
3.7385222591242781e-13 7.0413265611023852e+05 1.9322584409253308e+05 4.1252783176391944e+16 3.1278710565853887e+27
3.6531417654071292e-13 7.0575825405201968e+05 1.9388449733534586e+05 4.1675471726436416e+16 3.1720998274658309e+27
3.5697111942000436e-13 7.0740116277187050e+05 1.9454455958245476e+05 4.2103519398614856e+16 3.2176966363591611e+27
3.4881860131088853e-13 7.0906112724134035e+05 1.9520585411305542e+05 4.2536897932201240e+16 3.2646793019627386e+27
3.4085227067718518e-13 7.1073789034551883e+05 1.9586820303614193e+05 4.2975576856146024e+16 3.3131771669919178e+27
3.3306787536323397e-13 7.1243118701637140e+05 1.9653142422220146e+05 4.3419521615703520e+16 3.3631521174225734e+27
3.2546126032424900e-13 7.1414074437335273e+05 1.9719533182557521e+05 4.3868693673092064e+16 3.4146414255661235e+27
3.1802836540849312e-13 7.1586628688654408e+05 1.9785973780107885e+05 4.4323051546258872e+16 3.4677132597558257e+27
3.1076522319010349e-13 7.1760752633581858e+05 1.9852444811235394e+05 4.4782548157247528e+16 3.5224024849232829e+27
3.0366795685142290e-13 7.1936417450531351e+05 1.9918926835563176e+05 4.5247134239334632e+16 3.5787375262783941e+27
2.9673277811368249e-13 7.2113593038219609e+05 1.9985399801840811e+05 4.5716754638624720e+16 3.6367749728996062e+27
2.8995598521494452e-13 7.2292248994838085e+05 2.0051843418450232e+05 4.6191350694820416e+16 3.6965515921197862e+27
2.8333396093423609e-13 7.2472353992104589e+05 2.0118236900000504e+05 4.6670858466437816e+16 3.7581356953721133e+27
2.7686317066079070e-13 7.2653876084365475e+05 2.0184559235034772e+05 4.7155209965907232e+16 3.8215237563045602e+27
2.7054016050740169e-13 7.2836782618733810e+05 2.0250788935458276e+05 4.7644332004428488e+16 3.8868052819033158e+27
2.6436155546685144e-13 7.3021040057379089e+05 2.0316904129929389e+05 4.8138146185941000e+16 3.9540579100697548e+27
2.5832405761044430e-13 7.3206614403821470e+05 2.0382882638944345e+05 4.8636569623948832e+16 4.0232531580962548e+27
2.5242444432769144e-13 7.3393470590914844e+05 2.0448701739109255e+05 4.9139513133934704e+16 4.0945497062436512e+27
2.4665956660618765e-13 7.3581572975474456e+05 2.0514338466702626e+05 4.9646882945522040e+16 4.1678973457709227e+27
2.4102634735077324e-13 7.3770885096738080e+05 2.0579769375681653e+05 5.0158579252280728e+16 4.2434039103192832e+27
2.3552177974109242e-13 7.3961369668458879e+05 2.0644970626057862e+05 5.0674496535330200e+16 4.3211229231324813e+27
2.3014292562664706e-13 7.4152988647745957e+05 2.0709917927449630e+05 5.1194523181776152e+16 4.4010888008263027e+27
2.2488691395851942e-13 7.4345703182154836e+05 2.0774586683930698e+05 5.1718541970331024e+16 4.4833795423600366e+27
2.1975093925690063e-13 7.4539473718095536e+05 2.0838951821882289e+05 5.2246429373288200e+16 4.5680888568586521e+27
2.1473226011361895e-13 7.4734259470600437e+05 2.0902987762661942e+05 5.2778054596063960e+16 4.6552031452718684e+27
2.0982819772887483e-13 7.4930019405379507e+05 2.0966668693040262e+05 5.3313281890072656e+16 4.7448670499225616e+27
2.0503613448138618e-13 7.5126711149793759e+05 2.1029968248262955e+05 5.3851967677866304e+16 4.8371175784985263e+27
2.0035351253118889e-13 7.5324291662031761e+05 2.1092859623699900e+05 5.4393961761411064e+16 4.9319709924318892e+27
1.9577783245435423e-13 7.5522717215324903e+05 2.1155315707832659e+05 5.4939107789754832e+16 5.0296352790620436e+27
1.9130665190887886e-13 7.5721942719136784e+05 2.1217308806760510e+05 5.5487241006818632e+16 5.1300382551350792e+27
1.8693758433104374e-13 7.5921922864222585e+05 2.1278810974559191e+05 5.6038191148774208e+16 5.2333173804520189e+27
1.8266829766155324e-13 7.6122610812056914e+05 2.1339793664524460e+05 5.6591779038900240e+16 5.3395482763891335e+27
1.7849651310075517e-13 7.6323959002649249e+05 2.1400227909398286e+05 5.7147818307570264e+16 5.4486898502770131e+27
1.7442000389230075e-13 7.6525919327663712e+05 2.1460084506787866e+05 5.7706116413292136e+16 5.5611268390477924e+27
1.7043659413457540e-13 7.6728442250655405e+05 2.1519333596273299e+05 5.8266471427506808e+16 5.6766221191408651e+27
1.6654415761927481e-13 7.6931477403356810e+05 2.1577944954386508e+05 5.8828674023978752e+16 5.7953962095819980e+27
1.6274061669651161e-13 7.7134973850498383e+05 2.1635888034854707e+05 5.9392508034032800e+16 5.9175118225556028e+27
1.5902394116583449e-13 7.7338879460863583e+05 2.1693131781758764e+05 5.9957748569764648e+16 6.0430602199767397e+27
1.5539214719257453e-13 7.7543140664026013e+05 2.1749644584331571e+05 6.0524161356065752e+16 6.1721201711958078e+27
1.5184329624894650e-13 7.7747703725512058e+05 2.1805394641067798e+05 6.1091506167955552e+16 6.3048015927147549e+27
1.4837549407932370e-13 7.7952513711626502e+05 2.1860349640051011e+05 6.1659533849029208e+16 6.4411810419012153e+27
1.4498688968915322e-13 7.8157514172721968e+05 2.1914476741142754e+05 6.2227985586281232e+16 6.5813112025085836e+27
1.4167567435695637e-13 7.8362648163695319e+05 2.1967742714129668e+05 6.2796595003975744e+16 6.7253569402117844e+27
1.3844008066889301e-13 7.8567857817515789e+05 2.2020114217804786e+05 6.3365088907648240e+16 6.8733616359426955e+27
1.3527838157537986e-13 7.8773084141437616e+05 2.2071557124782709e+05 6.3933183620358264e+16 7.0254654322148903e+27
1.3218888946924850e-13 7.8978266878831375e+05 2.2122037073944139e+05 6.4500587366942624e+16 7.1817268574766600e+27
1.2916995528495671e-13 7.9183344829700224e+05 2.2171519247070924e+05 6.5066999672729520e+16 7.3422860408024662e+27
1.2621996761837719e-13 7.9388256093961548e+05 2.2219968551687943e+05 6.5632112587111488e+16 7.5072342631170675e+27
1.2333735186668069e-13 7.9592937600596086e+05 2.2267349419278375e+05 6.6195609006999048e+16 7.6766388970691199e+27
1.2052056938787058e-13 7.9797325481595355e+05 2.2313626093188042e+05 6.6757164586659112e+16 7.8506183120965654e+27
1.1776811667950638e-13 8.0001354106059950e+05 2.2358762137602177e+05 6.7316443863610736e+16 8.0292894771070892e+27
1.1507852457618415e-13 8.0204957370052137e+05 2.2402720993275102e+05 6.7873104940736088e+16 8.2127598454844126e+27
1.1245035746534897e-13 8.0408068139866681e+05 2.2445465725907200e+05 6.8426797532722032e+16 8.4011962338503204e+27
1.0988221252101241e-13 8.0610618177910999e+05 2.2486959049142516e+05 6.8977162889813936e+16 8.5946341025737748e+27
1.0737271895497054e-13 8.0812538316990901e+05 2.2527163410158502e+05 6.9523834598872192e+16 8.7931600751252527e+27
1.0492053728512704e-13 8.1013758314658108e+05 2.2566040931570594e+05 7.0066438075126728e+16 8.9969488637605192e+27
1.0252435862051986e-13 8.1214206782035972e+05 2.2603553430317671e+05 7.0604590614734792e+16 9.2060661038958044e+27
1.0018290396268282e-13 8.1413811216753302e+05 2.2639662421452408e+05 7.1137901538322496e+16 9.4206343319594280e+27
9.7894923522958566e-14 8.1612498348251684e+05 2.2674329271624639e+05 7.1665973675410752e+16 9.6408497958110885e+27
9.5659196055402811e-14 8.1810193770771695e+05 2.2707514980912113e+05 7.2188401717864096e+16 9.8667870763433119e+27
9.3474528204927317e-14 8.2006822140156280e+05 2.2739180399091123e+05 7.2704773784731232e+16 1.0098470385025952e+28
9.1339753870326374e-14 8.2202307243541477e+05 2.2769286284436984e+05 7.3214671985544592e+16 1.0336096459431742e+28
8.9253733581850653e-14 8.2396571598742274e+05 2.2797792986269243e+05 7.3717670241634992e+16 1.0579772566647215e+28
8.7215353892999396e-14 8.2589537010258844e+05 2.2824660879326423e+05 7.4213337624304720e+16 1.0829535255010538e+28
8.5223526786199413e-14 8.2781124122835882e+05 2.2849850119013805e+05 7.4701236592567152e+16 1.1085610416014029e+28
8.3277189092057449e-14 8.2971252736899874e+05 2.2873320838342281e+05 7.5180924620492832e+16 1.1348051707362812e+28
8.1375301921879006e-14 8.3159841635940725e+05 2.2895032939065990e+05 7.5651953130733600e+16 1.1617056005366757e+28
7.9516850113142266e-14 8.3346808732639393e+05 2.2914946373634582e+05 7.6113869387536128e+16 1.1892530851204011e+28
7.7700841687641298e-14 8.3532070985575509e+05 2.2933021021979189e+05 7.6566215983689920e+16 1.2174775881344248e+28
7.5926307322000880e-14 8.3715544525745325e+05 2.2949216770620382e+05 7.7008531705624928e+16 1.2463807105399691e+28
7.4192299830283846e-14 8.3897144581021264e+05 2.2963493574838879e+05 7.7440352031666976e+16 1.2759766614274506e+28
7.2497893658417379e-14 8.4076785531557049e+05 2.2975811354789045e+05 7.7861208973512784e+16 1.3062747465327310e+28
7.0842184390162843e-14 8.4254380894334510e+05 2.2986130153600746e+05 7.8270632175396784e+16 1.3372879096167717e+28
6.9224288264368410e-14 8.4429843527637084e+05 2.2994410228018367e+05 7.8668150068901232e+16 1.3690190429419024e+28
6.7643341703249517e-14 8.4603085324622213e+05 2.3000611835189926e+05 7.9053288575586160e+16 1.4014801330381724e+28
6.6098500851438170e-14 8.4774017556375870e+05 2.3004695502545961e+05 7.9425573486359424e+16 1.4346847201778270e+28
6.4588941125563723e-14 8.4942550834416493e+05 2.3006622069190542e+05 7.9784530982861968e+16 1.4686285534438877e+28
6.3113856774117520e-14 8.5108594907284575e+05 2.3006352469052543e+05 8.0129686490350832e+16 1.5033345950621111e+28
6.1672460447369472e-14 8.5272058980896522e+05 2.3003848048330616e+05 8.0460567393847488e+16 1.5388074315222886e+28
6.0263982777109140e-14 8.5432851620761689e+05 2.2999070484073306e+05 8.0776702769107296e+16 1.5750465533839257e+28
5.8887671965982480e-14 8.5590880705533968e+05 2.2991981795064293e+05 8.1077623845089792e+16 1.6120601232508023e+28
5.7542793386207261e-14 8.5746053887472244e+05 2.2982544587182775e+05 8.1362866533709360e+16 1.6498605978963886e+28
5.6228629187455576e-14 8.5898277817523386e+05 2.2970721732547347e+05 8.1631968810823728e+16 1.6884472448777885e+28
5.4944477913687850e-14 8.6047459087796148e+05 2.2956476792206103e+05 8.1884475073507792e+16 1.7278224708226708e+28
5.3689654128741193e-14 8.6193503497542616e+05 2.2939773782913113e+05 8.2119934130501552e+16 1.7679964122512622e+28
5.2463488050466229e-14 8.6336316692695371e+05 2.2920577453100384e+05 8.2337902211937024e+16 1.8089552846989592e+28
5.1265325193219578e-14 8.6475803893432370e+05 2.2898853144757761e+05 8.2537942289256080e+16 1.8507181465715107e+28
5.0094526018523057e-14 8.6611870751752937e+05 2.2874566978805169e+05 8.2719627401296944e+16 1.8932678304575132e+28
4.8950465593699166e-14 8.6744421979932033e+05 2.2847685572114086e+05 8.2882536679120464e+16 1.9366533923744971e+28
4.7832533258302735e-14 8.6873362167791708e+05 2.2818176584588597e+05 8.3026260362650544e+16 1.9808173483684949e+28
4.6740132298172635e-14 8.6998595650022570e+05 2.2786008540604450e+05 8.3150399182074224e+16 2.0257780628258404e+28
4.5672679626924498e-14 8.7120026736721920e+05 2.2751150959053173e+05 8.3254565918889344e+16 2.0715311305524203e+28
4.4629605474720460e-14 8.7237559677906323e+05 2.2713574416913194e+05 8.3338386234109888e+16 2.1180640821618839e+28
4.3610353084144854e-14 8.7351099226494820e+05 2.2673250388196917e+05 8.3401499573217248e+16 2.1653288973266827e+28
4.2614378413025559e-14 8.7460550789870764e+05 2.2630150974851003e+05 8.3443558806346496e+16 2.2134724594230460e+28
4.1641149844043923e-14 8.7565818815499148e+05 2.2584249835087592e+05 8.3464231494702080e+16 2.2623320581255535e+28
4.0690147900974991e-14 8.7666807965810550e+05 2.2535521942599342e+05 8.3463201881674864e+16 2.3119207193455888e+28
3.9760864971408369e-14 8.7763423361912300e+05 2.2483943832006160e+05 8.3440173078916448e+16 2.3622518925987805e+28
3.8852805035802969e-14 8.7855571069802507e+05 2.2429493120142541e+05 8.3394866368648832e+16 2.4133090177221065e+28
3.7965483402728235e-14 8.7943158312915929e+05 2.2372147627720147e+05 8.3327017945836704e+16 2.4651028362800073e+28
3.7098426450151883e-14 8.8026091155270522e+05 2.2311887619708272e+05 8.3236384726341840e+16 2.5175709944426210e+28
3.6251171372637729e-14 8.8104276540830871e+05 2.2248695435439740e+05 8.3122747588943824e+16 2.5706923502871664e+28
3.5423265934314671e-14 8.8177622577343765e+05 2.2182555143998662e+05 8.2985910830101904e+16 2.6244936867916383e+28
3.4614268227489706e-14 8.8246039344854699e+05 2.2113449929384911e+05 8.2825692133550800e+16 2.6789043455532638e+28
3.3823746436772147e-14 8.8309435749420058e+05 2.2041366139575056e+05 8.2641934633370208e+16 2.7339325652811784e+28
3.3051278608584939e-14 8.8367721899653226e+05 2.1966293185032828e+05 8.2434512065109360e+16 2.7895183338622400e+28
3.2296452425941173e-14 8.8420810086324788e+05 2.1888221951409517e+05 8.2203324083544080e+16 2.8456504583799355e+28
3.1558864988362247e-14 8.8468613533918327e+05 2.1807141291823806e+05 8.1948277460176528e+16 2.9023108835327589e+28
3.0838122596824262e-14 8.8511045126736339e+05 2.1723045800753235e+05 8.1669318945306512e+16 2.9594341662015213e+28
3.0133840543614529e-14 8.8548020285643637e+05 2.1635933593173706e+05 8.1366431907506096e+16 3.0170083220394317e+28
2.9445642906987290e-14 8.8579456584449788e+05 2.1545799320684595e+05 8.1039604041757136e+16 3.0748935919324011e+28
2.8773162350510318e-14 8.8605270652724011e+05 2.1452641716714943e+05 8.0688854222970928e+16 3.1333396167909505e+28
2.8116039926992833e-14 8.8625382373403362e+05 2.1356466125508025e+05 8.0314253561261728e+16 3.1919919029972091e+28
2.7473924886891390e-14 8.8639713988309796e+05 2.1257273965880802e+05 7.9915876501020176e+16 3.2509377658729611e+28
2.6846474491092458e-14 8.8648186414599756e+05 2.1155068657461315e+05 7.9493818427983888e+16 3.3101152988223618e+28
2.6233353827969582e-14 8.8650725537801243e+05 2.1049863680974088e+05 7.9048245497275568e+16 3.3694311582839640e+28
2.5634235634618673e-14 8.8647258404044341e+05 2.0941665454004196e+05 7.8579311041970736e+16 3.4289383550984017e+28
2.5048800122176880e-14 8.8637711034861463e+05 2.0830484698963846e+05 7.8087199571107824e+16 3.4885013098702419e+28
2.4476734805129859e-14 8.8622017274131544e+05 2.0716343456628945e+05 7.7572176906273168e+16 3.5480626605773504e+28
2.3917734334517380e-14 8.8600107450690912e+05 2.0599250476812961e+05 7.7034459046155696e+16 3.6076042794178800e+28
2.3371500334949142e-14 8.8571915849710745e+05 2.0479228465016789e+05 7.6474344179550208e+16 3.6670249059269808e+28
2.2837741245341396e-14 8.8537384125174303e+05 2.0356304247550125e+05 7.5892178649963936e+16 3.7262365550234525e+28
2.2316172163292252e-14 8.8496445330934343e+05 2.0230491149157227e+05 7.5288246729870976e+16 3.7852924783335671e+28
2.1806514693010194e-14 8.8449047784366575e+05 2.0101827976654578e+05 7.4662985537227856e+16 3.8440260341652433e+28
2.1308496796715630e-14 8.8395132491597091e+05 1.9970333984476881e+05 7.4016748734416688e+16 3.9023798424521280e+28
2.0821852649437046e-14 8.8334646054253471e+05 1.9836043914372890e+05 7.3349977255374992e+16 3.9602935004104004e+28
2.0346322497121973e-14 8.8267544942224724e+05 1.9698997330759597e+05 7.2663165472885360e+16 4.0177142539786677e+28
1.9881652517989754e-14 8.8193771560602856e+05 1.9559217718446121e+05 7.1956722679763984e+16 4.0745398033438090e+28
1.9427594687049867e-14 8.8113294976208394e+05 1.9416761336834737e+05 7.1231257793560384e+16 4.1306703797808636e+28
1.8983906643714391e-14 8.8026059476161143e+05 1.9271649476268972e+05 7.0487197487915224e+16 4.1861168499986140e+28
1.8550351562434690e-14 8.7932041085081769e+05 1.9123945632108013e+05 6.9725210221074976e+16 4.2407236639396338e+28
1.8126698026291755e-14 8.7831192198961286e+05 1.8973677483790397e+05 6.8945784122219688e+16 4.2944392685322205e+28
1.7712719903473519e-14 8.7723491065324214e+05 1.8820908975699139e+05 6.8149607260397352e+16 4.3471599247671022e+28
1.7308196226573869e-14 8.7608902257236058e+05 1.8665678805657438e+05 6.7337250734018288e+16 4.3988389963882808e+28
1.6912911074647538e-14 8.7487404136963026e+05 1.8508048528640566e+05 6.6509404086116680e+16 4.4493416599995076e+28
1.6526653457958668e-14 8.7358974415345886e+05 1.8348068402302379e+05 6.5666719688268424e+16 4.4986845196677592e+28
1.6149217205362160e-14 8.7223592619732697e+05 1.8185798638512703e+05 6.4809891558155168e+16 4.5466585817954420e+28
1.5780400854256023e-14 8.7081247335260431e+05 1.8021297875301802e+05 6.3939631140084800e+16 4.5933047088301902e+28
1.5420007543047948e-14 8.6931923675676493e+05 1.7854629443186329e+05 6.3056658369601080e+16 4.6383448594340090e+28
1.5067844906077112e-14 8.6775615372797917e+05 1.7685854133847760e+05 6.2161704527476392e+16 4.6820748081761846e+28
1.4723724970935778e-14 8.6612320717491664e+05 1.7515045159399111e+05 6.1255549501423816e+16 4.7240557612161920e+28
1.4387464058136434e-14 8.6442030068734032e+05 1.7342257751385291e+05 6.0338896356692120e+16 4.7643199031730717e+28
1.4058882683069494e-14 8.6264764376622951e+05 1.7167582104186440e+05 5.9412621441073472e+16 4.8027840243339883e+28
1.3737805460200927e-14 8.6080501603291300e+05 1.6991061290602814e+05 5.8477356684788344e+16 4.8394278161438233e+28
1.3424061009457267e-14 8.5889293136173452e+05 1.6812806495288195e+05 5.7534095121565400e+16 4.8741082418601396e+28
1.3117481864748612e-14 8.5691100674641505e+05 1.6632847699646992e+05 5.6583385427732144e+16 4.9068028319343261e+28
1.2817904384581267e-14 8.5486004370064358e+05 1.6451312480823306e+05 5.5626309997729680e+16 4.9374016418279473e+28
1.2525168664711320e-14 8.5273960994431586e+05 1.6268229049625411e+05 5.4663390350204392e+16 4.9657861904511635e+28
1.2239118452793066e-14 8.5055055768279661e+05 1.6083720351955801e+05 5.3695679230637888e+16 4.9920555543932741e+28
1.1959601064977133e-14 8.4829281534001313e+05 1.5897844070873852e+05 5.2723839283152072e+16 5.0160211009903580e+28
1.1686467304412899e-14 8.4596668127961853e+05 1.5710675387846833e+05 5.1748649224196512e+16 5.0377161496984059e+28
1.1419571381612157e-14 8.4357297184420982e+05 1.5522334473760659e+05 5.0771096626687792e+16 5.0568870401862377e+28
1.1158770836631944e-14 8.4111130779633415e+05 1.5332847825558542e+05 4.9791666634965504e+16 5.0737145683140137e+28
1.0903926463034135e-14 8.3858307602273021e+05 1.5142366426798995e+05 4.8811505182328232e+16 5.0880142891243393e+28
1.0654902233581664e-14 8.3598807021069305e+05 1.4950932215219163e+05 4.7831142832724232e+16 5.0997370300590385e+28
1.0411565227632129e-14 8.3332687409209239e+05 1.4758631976095703e+05 4.6851366659074752e+16 5.1089685621625447e+28
1.0173785560188939e-14 8.3060065005814959e+05 1.4565597702530495e+05 4.5873160046083728e+16 5.1155776777239536e+28
9.9414363125734378e-15 8.2780893163520016e+05 1.4371847668233889e+05 4.4896905251985152e+16 5.1195211847067717e+28
9.7143934646798998e-15 8.2495338405808888e+05 1.4177534346532979e+05 4.3923683905840016e+16 5.1208162777221605e+28
9.4925358287777123e-15 8.2203435375108756e+05 1.3982730559390885e+05 4.2954117285373848e+16 5.1193763226807962e+28
9.2757449848257842e-15 8.1905174398503895e+05 1.3787473134135883e+05 4.1988653132536808e+16 5.1152986960803032e+28
9.0639052172636390e-15 8.1600768112999143e+05 1.3591935907226347e+05 4.1028417167924752e+16 5.1084914080482731e+28
8.8569034532466756e-15 8.1290209447875514e+05 1.3396160579499591e+05 4.0073824562673256e+16 5.0989407151723629e+28
8.6546292022916134e-15 8.0973523200995370e+05 1.3200199771780107e+05 3.9125360399719064e+16 5.0867114403417995e+28
8.4569744973003411e-15 8.0650944606023817e+05 1.3004231063865352e+05 3.8184100130039216e+16 5.0717445263264722e+28
8.2638338369309746e-15 8.0322454723348957e+05 1.2808284806114624e+05 3.7250353838763304e+16 5.0540808225195144e+28
8.0751041292847255e-15 7.9988084659908898e+05 1.2612412232613828e+05 3.6324548723748216e+16 5.0337130765665163e+28
7.8906846368788638e-15 7.9648099976529879e+05 1.2416796350191653e+05 3.5407719093321660e+16 5.0107032072985041e+28
7.7104769228766874e-15 7.9302492388705420e+05 1.2221469369091661e+05 3.4500131814704308e+16 4.9850535011454966e+28
7.5343847985451905e-15 7.8951263159282575e+05 1.2026462298000508e+05 3.3602060339169240e+16 4.9567223746495690e+28
7.3623142719127096e-15 7.8594709735262394e+05 1.1831961357385719e+05 3.2714490246116976e+16 4.9259792333565338e+28
7.1941734975994238e-15 7.8232870877298538e+05 1.1638019028597484e+05 3.1837728859013640e+16 4.8925899767795804e+28
7.0298727277931879e-15 7.7865712935002032e+05 1.1444645758161391e+05 3.0971893200079476e+16 4.8567557131047812e+28
6.8693242643454144e-15 7.7493477072633535e+05 1.1251984730369673e+05 3.0117709415709888e+16 4.8184893096604093e+28
6.7124424119607014e-15 7.7116343822260725e+05 1.1060152482571770e+05 2.9275724445540196e+16 4.7778580775788944e+28
6.5591434324555265e-15 7.6734281194193091e+05 1.0869157519912714e+05 2.8445985341011752e+16 4.7349104729073710e+28
6.4093455000618253e-15 7.6347331500181300e+05 1.0679038531884585e+05 2.7628685282971236e+16 4.6897050874137305e+28
6.2629686577511007e-15 7.5955860733226314e+05 1.0489986211916983e+05 2.6824656233793564e+16 4.6423506557402943e+28
6.1199347745560125e-15 7.5559904502202745e+05 1.0302036986102023e+05 2.6034010303099872e+16 4.5928786296865587e+28
5.9801675038669125e-15 7.5159437172723247e+05 1.0115195878591656e+05 2.5256727019215176e+16 4.5414075382870668e+28
5.8435922426804227e-15 7.4754588083337992e+05 9.9295315899771318e+04 2.4493065502041676e+16 4.4879002042023086e+28
5.7101360917790699e-15 7.4345727764724591e+05 9.7452206334311151e+04 2.3743695095231388e+16 4.4326192493391737e+28
5.5797278168200962e-15 7.3932856231880840e+05 9.5622753199206622e+04 2.3008566740535444e+16 4.3755536827287325e+28
5.4522978103129256e-15 7.3515953005882713e+05 9.3806967043768862e+04 2.2287590565876980e+16 4.3167957873360023e+28
5.3277780544651992e-15 7.3095140795150877e+05 9.2005405650594374e+04 2.1580907443513900e+16 4.2564213357867634e+28
5.2061020848771234e-15 7.2670835987118084e+05 9.0219844659154056e+04 2.0889107810242628e+16 4.1945216585364736e+28
5.0872049550649803e-15 7.2243055133122194e+05 8.8450402830727311e+04 2.0212089201381448e+16 4.1313272104204892e+28
4.9710232017950351e-15 7.1811782607718557e+05 8.6697049533539044e+04 1.9549694781858624e+16 4.0665709306433007e+28
4.8574948112089624e-15 7.1377035782772244e+05 8.4959847438329525e+04 1.8901813986708136e+16 4.0009393981140041e+28
4.7465591857229024e-15 7.0939262811830593e+05 8.3240492463834409e+04 1.8268942550469824e+16 3.9340196838239280e+28
4.6381571116826775e-15 7.0498606782480609e+05 8.1539512909187397e+04 1.7651089637730296e+16 3.8661351995034699e+28
4.5322307277574063e-15 7.0055058113617613e+05 7.9856836697436593e+04 1.7048037842274300e+16 3.7973235736592578e+28
4.4287234940552311e-15 6.9608605202407343e+05 7.8192368836694470e+04 1.6459568468622264e+16 3.7276484566181054e+28
4.3275801619441958e-15 6.9159347985145380e+05 7.6546374516916039e+04 1.5885602365169596e+16 3.6572467017619155e+28
4.2287467445623547e-15 6.8707789424256678e+05 7.4920538778508315e+04 1.5326538708319040e+16 3.5862644538186271e+28
4.1321704880015520e-15 6.8253990237099235e+05 7.3314971739667555e+04 1.4782188507730614e+16 3.5147819258757522e+28
4.0377998431490462e-15 6.7797945343953569e+05 7.1729540299093831e+04 1.4252281792648030e+16 3.4428568875877419e+28
3.9455844381724701e-15 6.7339646783908887e+05 7.0164090118052060e+04 1.3736548845372428e+16 3.3705684871316043e+28
3.8554750516330101e-15 6.6879133201062831e+05 6.8618590757964092e+04 1.3234772338251034e+16 3.2980195498905724e+28
3.7674235862126371e-15 6.6416928645004821e+05 6.7094566855806363e+04 1.2747235920664016e+16 3.2253399074866893e+28
3.6813830430414928e-15 6.5953181357647909e+05 6.5592317647847536e+04 1.2273787081413080e+16 3.1526505816767561e+28
3.5973074966114453e-15 6.5487891446798539e+05 6.4111653030311732e+04 1.1814116225470896e+16 3.0799940747049336e+28
3.5151520702625782e-15 6.5021055606805359e+05 6.2652366294491192e+04 1.1367916013550116e+16 3.0074008705189535e+28
3.4348729122296451e-15 6.4552666982309485e+05 6.1214229333623829e+04 1.0934881404622140e+16 2.9350253917634403e+28
3.3564271722354493e-15 6.4082847746924020e+05 5.9797365833991178e+04 1.0514825327705330e+16 2.8628662333050095e+28
3.2797729786187865e-15 6.3612161845294386e+05 5.8403181985361894e+04 1.0107928791633024e+16 2.7911107288029001e+28
3.2048694159848621e-15 6.3140679826016084e+05 5.7031625493658314e+04 9.7139142784860680e+15 2.7197995574230752e+28
3.1316765033660063e-15 6.2668404667815845e+05 5.5682441703693570e+04 9.3324506603292620e+15 2.6489994102856473e+28
3.0601551728811595e-15 6.2195335709404259e+05 5.4355363007649939e+04 8.9632113249287670e+15 2.5787428190135895e+28
2.9902672488828586e-15 6.1721468225678767e+05 5.3050105778650228e+04 8.6058740667595930e+15 2.5091028201191479e+28
2.9219754275802771e-15 6.1246795248530677e+05 5.1766367272021373e+04 8.2601223707267380e+15 2.4401021283148316e+28
2.8552432571278328e-15 6.0771764303536573e+05 5.0505009113160253e+04 7.9259605312758710e+15 2.3718510684012424e+28
2.7900351181683399e-15 6.0296717602976668e+05 4.9266607286270963e+04 7.6032907287225660e+15 2.3044543529960315e+28
2.7263162048206907e-15 5.9821661939981836e+05 4.8050853754468058e+04 7.2917770601805510e+15 2.2379281352012413e+28
2.6640525061016308e-15 5.9346600808657194e+05 4.6857432592843637e+04 6.9910902151478990e+15 2.1723199037174663e+28
2.6032107877718208e-15 5.8871534054607025e+05 4.5686019034879217e+04 6.7009073946749330e+15 2.1076304625101715e+28
2.5437585745965998e-15 5.8396457333783794e+05 4.4536277396915815e+04 6.4209121184435520e+15 2.0439086988458899e+28
2.4856641330117781e-15 5.7921361091817787e+05 4.3407855762859079e+04 6.1507937449995490e+15 1.9811631790317118e+28
2.4288964541853141e-15 5.7446381168449589e+05 4.2300717283879480e+04 5.8903282778431690e+15 1.9194539149481449e+28
2.3734252374659165e-15 5.6972122387447255e+05 4.1215878843926213e+04 5.6395336966896000e+15 1.8588705096574375e+28
2.3192208742095603e-15 5.6498656153720163e+05 4.0153131001201837e+04 5.3981263329478180e+15 1.7994400477813968e+28
2.2662544319753733e-15 5.6025987811563164e+05 3.9112115146037868e+04 5.1657953910222970e+15 1.7411681617956786e+28
2.2144976390825422e-15 5.5554119648915052e+05 3.8092469044576254e+04 4.9422380117863660e+15 1.6840583554610983e+28
2.1639228695198260e-15 5.5083050587744173e+05 3.7093826330278396e+04 4.7271591178415450e+15 1.6281244763745633e+28
2.1145031281997064e-15 5.4612775721974240e+05 3.6115815447823326e+04 4.5202712038560850e+15 1.5733241656955966e+28
2.0662120365493821e-15 5.4143285509911401e+05 3.5158057296284504e+04 4.3212939992827265e+15 1.5197919545437311e+28
2.0190238184307627e-15 5.3674564018761751e+05 3.4220158746453220e+04 4.1299537555858815e+15 1.4673957825393280e+28
1.9729132863820162e-15 5.3206854273334774e+05 3.3302213705448252e+04 3.9460854411565085e+15 1.4162131486093785e+28
1.9278558281734226e-15 5.2740709848436492e+05 3.2404902318268545e+04 3.7696344053502465e+15 1.3662998476647948e+28
1.8838273936701369e-15 5.2276153328131215e+05 3.1527873066830776e+04 3.6003348108017140e+15 1.3176590877489747e+28
1.8408044819951119e-15 5.1813187380433257e+05 3.0670740821625579e+04 3.4379222381209915e+15 1.2702678313178615e+28
1.7987641289850706e-15 5.1351812295419612e+05 2.9833121342848524e+04 3.2821405548528755e+15 1.2241187079781067e+28
1.7576838949330690e-15 5.0892025467675470e+05 2.9014630659037630e+04 3.1327416060316135e+15 1.1791978961765973e+28
1.7175418526109260e-15 5.0433821463816328e+05 2.8214885281739414e+04 2.9894851074155425e+15 1.1354929087250824e+28
1.6783165755651936e-15 4.9977191482334503e+05 2.7433501376182190e+04 2.8521383527978325e+15 1.0929898194352452e+28
1.6399871266804900e-15 4.9522122784529708e+05 2.6670093655806773e+04 2.7204759383269695e+15 1.0516735772876548e+28
1.6025330470039594e-15 4.9068597567676584e+05 2.5924272834588795e+04 2.5942793584641085e+15 1.0115249796097154e+28
1.5659343448249612e-15 4.8616589907306520e+05 2.5195637560569045e+04 2.4733361204559295e+15 9.7253169411387378e+27
1.5301714850042166e-15 4.8166495071450266e+05 2.4484436283593383e+04 2.3575480022700325e+15 9.3471139585847721e+27
1.4952253785465964e-15 4.7718722349541233e+05 2.3790927964720380e+04 2.2468123115352430e+15 8.9808177613221799e+27
1.4610773724120487e-15 4.7273270952185319e+05 2.3114729485795135e+04 2.1409230457166048e+15 8.6261411016267119e+27
1.4277092395592790e-15 4.6830138316529384e+05 2.2455461856661612e+04 2.0396817094965328e+15 8.2828497469393112e+27
1.3951031692167585e-15 4.6389320049250766e+05 2.1812750256390220e+04 1.9428970909640355e+15 7.9507315475768716e+27
1.3632417573759239e-15 4.5950809840182815e+05 2.1186224025987889e+04 1.8503850365250725e+15 7.6294954634724062e+27
1.3321079975015521e-15 4.5514599361542845e+05 2.0575516632202769e+04 1.7619682297667505e+15 7.3189148230181531e+27
1.3016852714542056e-15 4.5080678128070722e+05 1.9980265564202913e+04 1.6774759689780770e+15 7.0187563923197910e+27
1.2719573406200811e-15 4.4649033306917740e+05 1.9400112151276731e+04 1.5967439442791315e+15 6.7287244849824165e+27
1.2429083372433477e-15 4.4219649449474458e+05 1.8834701246610552e+04 1.5196140101344888e+15 6.4486589021458251e+27
1.2145227559565171e-15 4.3792508088957978e+05 1.8283680689326735e+04 1.4459339477427472e+15 6.1782236856340799e+27
1.1867854455041911e-15 4.3367587065405719e+05 1.7746700306214705e+04 1.3755571994040638e+15 5.9172007353242506e+27
1.1596816006558233e-15 4.2944859251021588e+05 1.7223409833207479e+04 1.3083425325067192e+15 5.6653717520539751e+27
1.1331967543032216e-15 4.2524288824701472e+05 1.6713452359716503e+04 1.2441533719288205e+15 5.4224719360553683e+27
1.1073167697384845e-15 4.2106236288641195e+05 1.6216933857836524e+04 1.1829158846613178e+15 5.1884849173798116e+27
1.0820278331082939e-15 4.1691098789265571e+05 1.5733994784068751e+04 1.1245580338696325e+15 4.9633928748102552e+27
1.0573164460405805e-15 4.1278867400277487e+05 1.5264298606509734e+04 1.0689504764251674e+15 4.7469198324747454e+27
1.0331694184395368e-15 4.0869532081231754e+05 1.4807514879217639e+04 1.0159692858378072e+15 4.5387945945367575e+27
1.0095738614451830e-15 4.0463081689287937e+05 1.4363319232995262e+04 9.6549575259353362e+14 4.3387560596912064e+27
9.8651718055375789e-16 4.0059503961462545e+05 1.3931393335234625e+04 9.1741618712530112e+14 4.1465294721902072e+27
9.6398706889518930e-16 3.9658785502621159e+05 1.3511424847064545e+04 8.7162172935344762e+14 3.9618665773609575e+27
9.4197150066409420e-16 3.9260911764417688e+05 1.3103107368853951e+04 8.2800816350301850e+14 3.7845255889975348e+27
9.2045872470083871e-16 3.8865867010006681e+05 1.2706140373179147e+04 7.8647573794523175e+14 3.6142553429894612e+27
8.9943725821915733e-16 3.8473634278601408e+05 1.2320229128201008e+04 7.4692899078908875e+14 3.4507969658681784e+27
8.7889588067702153e-16 3.8084195333116455e+05 1.1945084607947821e+04 7.0927658050917088e+14 3.2939527793308093e+27
8.5882362778752369e-16 3.7697530588893197e+05 1.1580423381102461e+04 6.7343112097938075e+14 3.1434659673170733e+27
8.3920978566648523e-16 3.7313619017391477e+05 1.1225967477914774e+04 6.3930902105326638e+14 2.9991338020658817e+27
8.2004388511377899e-16 3.6932438031520636e+05 1.0881444232713651e+04 6.0683032900603525e+14 2.8607247168237142e+27
8.0131569602519935e-16 3.6553963301900064e+05 1.0546586069448189e+04 5.7591857874169712e+14 2.7280317941443237e+27
7.8301522193200558e-16 3.6178168515414966e+05 1.0221130225210129e+04 5.4650063908998712e+14 2.6008529679380340e+27
7.6513269466513681e-16 3.5805025000230432e+05 9.9048183448549880e+03 5.1850656170772969e+14 2.4789834769545531e+27
7.4765856914128760e-16 3.5434501103435917e+05 9.5973958312797567e+03 4.9186942193004844e+14 2.3622292785482777e+27
7.3058351826808693e-16 3.5066561021983786e+05 9.2986106284691341e+03 4.6652513620293150e+14 2.2504063930040480e+27
7.1389842796560426e-16 3.4701161853273702e+05 9.0082100844773486e+03 4.4241218481444194e+14 2.1433265994172871e+27
6.9759439230155628e-16 3.4338465463859803e+05 8.7261000683471211e+03 4.1948466471174981e+14 2.0408734825886506e+27
6.8166270873764114e-16 3.3978950473005086e+05 8.4524251750933818e+03 3.9771616770741294e+14 1.9430089523965976e+27
6.6609487348441149e-16 3.3622619778347720e+05 8.1869641221371658e+03 3.7705090051614919e+14 1.8495500011222911e+27
6.5088257696223359e-16 3.3269454399824986e+05 7.9294847971379886e+03 3.5743439706278250e+14 1.7603213157318288e+27
6.3601769936593357e-16 3.2919434925190918e+05 7.6797608151839941e+03 3.3881478081870269e+14 1.6751402234251726e+27
6.2149230633071343e-16 3.2572541525057354e+05 7.4375714196695926e+03 3.2114264879147550e+14 1.5938369609156204e+27
6.0729864469705086e-16 3.2228753964242426e+05 7.2027013818842361e+03 3.0437096015229538e+14 1.5162606425488636e+27
5.9342913837234430e-16 3.1888051614746888e+05 6.9749408991463079e+03 2.8845492932672225e+14 1.4422449123346453e+27
5.7987638428703326e-16 3.1550413461998128e+05 6.7540854926257734e+03 2.7335192349820450e+14 1.3716379817424794e+27
5.6663314844311164e-16 3.1215818118710129e+05 6.5399359064020382e+03 2.5902136449278128e+14 1.3042959766532750e+27
5.5369236205284741e-16 3.0884243829955359e+05 6.3322980046457769e+03 2.4542463460268369e+14 1.2400794905015541e+27
5.4104711776572100e-16 3.0555668481029198e+05 6.1309826685965063e+03 2.3252498635890406e+14 1.1788514949354590e+27
5.2869066598150971e-16 3.0230069605731871e+05 5.9358056961395778e+03 2.2028745632697012e+14 1.1204861612894229e+27
5.1661641124757559e-16 2.9907424390121264e+05 5.7465876990788729e+03 2.0867878236458097e+14 1.0648551682533378e+27
5.0481790873845006e-16 2.9587709675905842e+05 5.5631540013505310e+03 1.9766732448055909e+14 1.0118395887648892e+27
4.9328886081579940e-16 2.9270901963316806e+05 5.3853345377137739e+03 1.8722298911440359e+14 9.6132489411263070e+26
4.8202311366695447e-16 2.8956977413754462e+05 5.2129637539660307e+03 1.7731715677641450e+14 9.1319951182033557e+26
4.7101465402022695e-16 2.8645911847333313e+05 5.0458805054230497e+03 1.6792261267887788e+14 8.6735803367229100e+26
4.6025760593522453e-16 2.8337680741452583e+05 4.8839279574122138e+03 1.5901348051723228e+14 8.2369827271543014e+26
4.4974622766646775e-16 2.8032259226859879e+05 4.7269534864347233e+03 1.5056515917309147e+14 7.8212212858775864e+26
4.3947490859865430e-16 2.7729622079476062e+05 4.5748085803520926e+03 1.4255426211723753e+14 7.4253611608908070e+26
4.2943816625189752e-16 2.7429743712267827e+05 4.4273487406850609e+03 1.3495855961300853e+14 7.0485053017697529e+26
4.1963064335536071e-16 2.7132598160777130e+05 4.2844333835696934e+03 1.2775692338523953e+14 6.6897771155482203e+26
4.1004710498773894e-16 2.6838159069028363e+05 4.1459257428565243e+03 1.2092927388038584e+14 6.3483780445715723e+26
4.0068243578303146e-16 2.6546399666598026e+05 4.0116927712710594e+03 1.1445652976774611e+14 6.0234937457775665e+26
