8.0395829418396959e-13 8.4926242157695850e+05 2.9513827564611088e+05 1.1232401421050280e+17 1.9871369929581134e+27
7.8559746834753246e-13 8.5077647474357102e+05 2.9574570399694267e+05 1.1304984864628285e+17 2.0125052118703959e+27
7.6765596765250801e-13 8.5230571390118881e+05 2.9635293294646638e+05 1.1378056306440789e+17 2.0386532660724076e+27
7.5012421553758558e-13 8.5385012334422534e+05 2.9695985542269592e+05 1.1451610374264650e+17 2.0655831633578745e+27
7.3299285415128468e-13 8.5540940765161254e+05 2.9756627457055444e+05 1.1525630169550525e+17 2.0933591901408814e+27
7.1625273935704306e-13 8.5698326575143530e+05 2.9817198076249380e+05 1.1600097118716272e+17 2.1220465860918867e+27
6.9989493585237990e-13 8.5857145527986914e+05 2.9877677128605958e+05 1.1674993888116334e+17 2.1515775354579289e+27
6.8391071239955609e-13 8.6017388904555771e+05 2.9938048343109200e+05 1.1750308283977826e+17 2.1820170400493902e+27
6.6829153716511489e-13 8.6179066989585524e+05 2.9998303045772942e+05 1.1826037500981566e+17 2.2133755531925024e+27
6.5302907316589952e-13 8.6342162971226720e+05 3.0058425706410309e+05 1.1902168879853744e+17 2.2457287857430673e+27
6.3811517381904706e-13 8.6506643283066037e+05 3.0118394811105449e+05 1.1978682068643214e+17 2.2791071903277652e+27
6.2354187859361313e-13 8.6672474099717522e+05 3.0178187346885196e+05 1.2055554822515582e+17 2.3134124524350070e+27
6.0930140876152718e-13 8.6839645281523874e+05 3.0237786764309159e+05 1.2132773663952966e+17 2.3488261420332172e+27
5.9538616324556484e-13 8.7008144908215140e+05 3.0297176929099276e+05 1.2210325155490814e+17 2.3852473967939822e+27
5.8178871456214496e-13 8.7177945932274498e+05 3.0356336260601296e+05 1.2288188553138456e+17 2.4227822540464551e+27
5.6850180485680912e-13 8.7349045744316326e+05 3.0415250418905175e+05 1.2366352928779938e+17 2.4615242390478657e+27
5.5551834203020698e-13 8.7521431248402898e+05 3.0473903752804955e+05 1.2444804570212538e+17 2.5014156516033151e+27
5.4283139595259256e-13 8.7695062589599926e+05 3.0532271534790745e+05 1.2523517471706688e+17 2.5424572318398340e+27
5.3043419476474946e-13 8.7869931270838343e+05 3.0590337453864608e+05 1.2602477467112286e+17 2.5847206080088931e+27
5.1832012126339740e-13 8.8046020940034045e+05 3.0648084363943030e+05 1.2681668310520123e+17 2.6284043779851132e+27
5.0648270936916735e-13 8.8223288522189599e+05 3.0705486221915600e+05 1.2761061449112056e+17 2.6732409477512806e+27
4.9491564067522283e-13 8.8401728011675260e+05 3.0762526179182768e+05 1.2840641928261213e+17 2.7195295529309184e+27
4.8361274107470329e-13 8.8581336906993785e+05 3.0819188812194776e+05 1.2920395973843355e+17 2.7666877251289625e+27
4.7256797746521049e-13 8.8762084676826734e+05 3.0875456103480456e+05 1.3000305279597686e+17 2.8162687075081341e+27
4.6177545452852868e-13 8.8943937086967973e+05 3.0931304401587410e+05 1.3080342349793949e+17 2.8667967858880657e+27
4.5122941158391827e-13 8.9126844999095320e+05 3.0986705066092213e+05 1.3160474190724326e+17 2.9188852720458513e+27
4.4092421951325472e-13 8.9310816585285449e+05 3.1041643252442253e+05 1.3240688760391792e+17 2.9724319273014098e+27
4.3085437775639206e-13 8.9495852278912312e+05 3.1096104599595646e+05 1.3320973294851152e+17 3.0277376979662035e+27
4.2101451137516242e-13 8.9681951958818047e+05 3.1150076955960889e+05 1.3401317049193830e+17 3.0845994781672076e+27
4.1139936818441155e-13 8.9869073733546527e+05 3.1203542820389988e+05 1.3481698090648336e+17 3.1432354236655152e+27
4.0200381594855675e-13 9.0057161313643155e+05 3.1256483545710129e+05 1.3562090766838058e+17 3.2035922977236456e+27
3.9282283964218600e-13 9.0245963474239281e+05 3.1308826815820468e+05 1.3642386404041349e+17 3.2656856433340109e+27
3.8385153877319545e-13 9.0435475303971791e+05 3.1360529026672064e+05 1.3722539710315763e+17 3.3294969060168733e+27
3.7508512476708503e-13 9.0625886283129826e+05 3.1411606119568780e+05 1.3802594544748339e+17 3.3953148947982070e+27
3.6651891841097572e-13 9.0817158338216902e+05 3.1462036022810882e+05 1.3882523116959693e+17 3.4630387962875735e+27
3.5814834735600098e-13 9.1009244270173693e+05 3.1511789983727300e+05 1.3962289091146021e+17 3.5328986060622286e+27
3.4996894367675177e-13 9.1202124448357872e+05 3.1560844973647624e+05 1.4041865841669104e+17 3.6046472550146637e+27
3.4197634148644563e-13 9.1395780864548660e+05 3.1609178781987913e+05 1.4121227691466376e+17 3.6787150300453623e+27
3.3416627460656126e-13 9.1590177673747391e+05 3.1656765737958252e+05 1.4200342369508691e+17 3.7548874888133647e+27
3.2653457428970620e-13 9.1785286861486745e+05 3.1703581812014506e+05 1.4279180249930307e+17 3.8334314676075634e+27
3.1907716699447724e-13 9.1981056747288816e+05 3.1749595904241974e+05 1.4357700432385846e+17 3.9142873718773583e+27
3.1179007221113923e-13 9.2177483097371901e+05 3.1794782729205280e+05 1.4435875110901990e+17 3.9975367063646223e+27
3.0466940033697372e-13 9.2374575332081411e+05 3.1839123513081257e+05 1.4513685543342835e+17 4.0832792308698197e+27
2.9771135060013152e-13 9.2572306343195424e+05 3.1882596024173981e+05 1.4591103344456256e+17 4.1716321497153376e+27
2.9091220903091890e-13 9.2770651040624466e+05 3.1925178415507171e+05 1.4668100743708218e+17 4.2626792973677389e+27
2.8426834647940371e-13 9.2969544867408136e+05 3.1966844120505964e+05 1.4744638245497168e+17 4.3564004837409977e+27
2.7777621667829500e-13 9.3168942132621631e+05 3.2007562675334333e+05 1.4820674985002320e+17 4.4530140014085846e+27
2.7143235435007391e-13 9.3368818428870640e+05 3.2047307324491092e+05 1.4896177425379843e+17 4.5523992725576232e+27
2.6523337335734285e-13 9.3569156175786722e+05 3.2086051197868248e+05 1.4971112739893536e+17 4.6547938138935583e+27
2.5917596489541772e-13 9.3769951113761368e+05 3.2123771040906798e+05 1.5045454267106403e+17 4.7603292261981751e+27
2.5325689572620839e-13 9.3971193843178602e+05 3.2160448054635833e+05 1.5119178940404717e+17 4.8690212261248579e+27
2.4747300645241784e-13 9.4172793238763278e+05 3.2196053774179640e+05 1.5192239155602771e+17 4.9808707279161007e+27
2.4182120983117104e-13 9.4374706676025433e+05 3.2230555805662053e+05 1.5264591366611923e+17 5.0962036865166785e+27
2.3629848912614671e-13 9.4576932853659242e+05 3.2263927744869335e+05 1.5336205158836550e+17 5.2148751615022271e+27
2.3090189649734352e-13 9.4779457480589068e+05 3.2296146311715286e+05 1.5407052060189302e+17 5.3371231948941358e+27
2.2562855142762949e-13 9.4982227342953742e+05 3.2327184940238873e+05 1.5477091624797430e+17 5.4629557157505586e+27
2.2047563918521709e-13 9.5185210458602500e+05 3.2357014772615233e+05 1.5546285418988246e+17 5.5928290593995792e+27
2.1544040932125280e-13 9.5388391521251807e+05 3.2385609985455888e+05 1.5614601265170272e+17 5.7264261139538421e+27
2.1052017420172673e-13 9.5591760321613122e+05 3.2412948843257851e+05 1.5682012132752285e+17 5.8639051590347849e+27
2.0571230757290243e-13 9.5795242886334471e+05 3.2439009131855500e+05 1.5748479062620842e+17 6.0054853401661257e+27
2.0101424315950971e-13 9.5998797641126858e+05 3.2463761424032156e+05 1.5813958321877066e+17 6.1514496927408583e+27
1.9642347329496030e-13 9.6202365841166943e+05 3.2487177787068463e+05 1.5878408996680563e+17 6.3016454531898194e+27
1.9193754758283432e-13 9.6405899894565006e+05 3.2509224239759502e+05 1.5941782542105898e+17 6.4561997332731386e+27
1.8755407158894795e-13 9.6609391038239817e+05 3.2529865784283134e+05 1.6004037316221574e+17 6.6155050268763714e+27
1.8327070556328355e-13 9.6812854572769324e+05 3.2549074879150436e+05 1.6065145045927638e+17 6.7793989168691981e+27
1.7908516319110873e-13 9.7016267438935745e+05 3.2566831971812836e+05 1.6125078314453302e+17 6.9483928228400002e+27
1.7499521037262478e-13 9.7219552743820264e+05 3.2583113156336558e+05 1.6183794137634790e+17 7.1220907658527798e+27
1.7099866403047436e-13 9.7422684830243560e+05 3.2597892665139731e+05 1.6241257668126515e+17 7.3011455512104500e+27
1.6709339094449448e-13 9.7625592137096764e+05 3.2611144954139675e+05 1.6297425276080810e+17 7.4853316628539046e+27
1.6327730661307397e-13 9.7828234500317823e+05 3.2622836747608572e+05 1.6352250920693949e+17 7.6750215933667898e+27
1.5954837414051565e-13 9.8030598886148457e+05 3.2632934182999178e+05 1.6405693887028861e+17 7.8701757396893387e+27
1.5590460314981504e-13 9.8232676745221461e+05 3.2641408930035657e+05 1.6457720617573526e+17 8.0712363099973284e+27
1.5234404872026269e-13 9.8434442674582545e+05 3.2648239165608847e+05 1.6508300872785802e+17 8.2780543066968755e+27
1.4886481034931015e-13 9.8635840798039525e+05 3.2653402391936356e+05 1.6557397562073194e+17 8.4910180711575090e+27
1.4546503093815020e-13 9.8836851086198015e+05 3.2656876508740732e+05 1.6604981441392794e+17 8.7102776698891492e+27
1.4214289580045901e-13 9.9037382466188003e+05 3.2658644141610916e+05 1.6651013238794576e+17 8.9358139907095182e+27
1.3889663169377659e-13 9.9237383546431223e+05 3.2658671990084357e+05 1.6695444944827984e+17 9.1678508882040294e+27
1.3572450587301461e-13 9.9436846343780495e+05 3.2656920894931251e+05 1.6738232197864694e+17 9.4066790723888232e+27
1.3262482516557153e-13 9.9635789950257330e+05 3.2653361538267240e+05 1.6779347645613798e+17 9.6522183251924784e+27
1.2959593506757878e-13 9.9834197606785118e+05 3.2647984399672056e+05 1.6818777327769085e+17 9.9052653581941152e+27
1.2663621886078123e-13 1.0003192140142560e+06 3.2640790375292423e+05 1.6856488824478080e+17 1.0165098676242645e+28
1.2374409674958667e-13 1.0022889910135875e+06 3.2631745389166195e+05 1.6892430749873555e+17 1.0432795807392621e+28
1.2091802501782780e-13 1.0042511018878327e+06 3.2620804988693685e+05 1.6926551837279968e+17 1.0707706372835553e+28
1.1815649520477777e-13 1.0062056081760532e+06 3.2607932190766145e+05 1.6958814460293683e+17 1.0990602214606373e+28
1.1545803329998362e-13 1.0081523051725726e+06 3.2593102149235306e+05 1.6989188542291392e+17 1.1281450911323693e+28
1.1282119895649331e-13 1.0100907005967776e+06 3.2576298266346316e+05 1.7017646114600483e+17 1.1580597943840417e+28
1.1024458472204377e-13 1.0120205137822084e+06 3.2557497471900011e+05 1.7044157703094320e+17 1.1888188966337405e+28
1.0772681528781416e-13 1.0139413837731264e+06 3.2536689580271137e+05 1.7068705736451917e+17 1.2204298568647088e+28
1.0526654675433147e-13 1.0158523038243010e+06 3.2513866932273761e+05 1.7091259750909645e+17 1.2529333564903203e+28
1.0286246591414157e-13 1.0177528591284554e+06 3.2488996796619386e+05 1.7111777387366394e+17 1.2863183528262235e+28
1.0051328955086642e-13 1.0196428470843799e+06 3.2462042109005054e+05 1.7130217226846912e+17 1.3206257688180266e+28
9.8217763754265583e-14 1.0215221596603782e+06 3.2432972838209342e+05 1.7146548144424525e+17 1.3558845367554635e+28
9.5974663250940560e-14 1.0233906412319988e+06 3.2401772301481909e+05 1.7160752426702410e+17 1.3921156030292220e+28
9.3782790750328011e-14 1.0252473466107685e+06 3.2368449916620797e+05 1.7172820284242061e+17 1.4293005529677071e+28
9.1640976305625656e-14 1.0270916250957093e+06 3.2332983918967406e+05 1.7182716193282621e+17 1.4675405484352414e+28
8.9548076689313450e-14 1.0289230893289013e+06 3.2295340319745726e+05 1.7190399593434355e+17 1.5067386318234129e+28
8.7502974782940347e-14 1.0307415819247299e+06 3.2255482256839174e+05 1.7195832348232906e+17 1.5470446242583781e+28
8.5504578980841602e-14 1.0325468511681291e+06 3.2213383005801053e+05 1.7198986377468253e+17 1.5884038997214632e+28
8.3551822607479450e-14 1.0343386439206988e+06 3.2169025797334785e+05 1.7199843539096925e+17 1.6308340095481532e+28
8.1643663348086941e-14 1.0361164170779428e+06 3.2122403443230409e+05 1.7198388678769997e+17 1.6744414551669797e+28
7.9779082692314898e-14 1.0378799080295049e+06 3.2073494627461140e+05 1.7194599803670915e+17 1.7191448071826317e+28
7.7957085390588123e-14 1.0396288557971914e+06 3.2022289060130587e+05 1.7188466879818448e+17 1.7650357290572503e+28
7.6176698922872544e-14 1.0413626922707206e+06 3.1968786947774841e+05 1.7179982821652438e+17 1.8120644592572818e+28
7.4436972979579387e-14 1.0430811978816190e+06 3.1912971267787996e+05 1.7169132398435184e+17 1.8603961977614397e+28
7.2736978954321352e-14 1.0447840658284985e+06 3.1854849020849675e+05 1.7155923263393738e+17 1.9099055854345714e+28
7.1075809448253324e-14 1.0464702300789807e+06 3.1794447635996889e+05 1.7140363254549405e+17 1.9606378884013069e+28
6.9452577785735583e-14 1.0481391729418326e+06 3.1731742765118688e+05 1.7122422600111149e+17 2.0126203802410773e+28
6.7866417541055714e-14 1.0497904655932225e+06 3.1666704499932477e+05 1.7102068787481491e+17 2.0659025378233248e+28
6.6316482075959181e-14 1.0514238264294544e+06 3.1599298571596330e+05 1.7079269522136154e+17 2.1204697541606588e+28
6.4801944087744509e-14 1.0530389135765827e+06 3.1529500805216731e+05 1.7054001739727920e+17 2.1763383320237568e+28
6.3321995167676364e-14 1.0546353789438205e+06 3.1457287080481037e+05 1.7026243718769171e+17 2.2335833332654137e+28
6.1875845369483762e-14 1.0562130906047614e+06 3.1382628804239037e+05 1.6995974866327242e+17 2.2921818581875387e+28
6.0462722787715319e-14 1.0577719178044018e+06 3.1305511336116324e+05 1.6963190151019514e+17 2.3521703502791218e+28
5.9081873145721601e-14 1.0593118496601577e+06 3.1225933735555608e+05 1.6927901797875341e+17 2.4136591821839431e+28
5.7732559393047217e-14 1.0608321914135516e+06 3.1143960145045316e+05 1.6890167440084653e+17 2.4765408781783937e+28
5.6414061312020209e-14 1.0623323432014138e+06 3.1059603484766360e+05 1.6849996388586592e+17 2.5408474047772095e+28
5.5125675133322412e-14 1.0638120252440486e+06 3.0972851790766319e+05 1.6807383314130208e+17 2.6066343057748858e+28
5.3866713160343085e-14 1.0652708490772462e+06 3.0883719426564663e+05 1.6762345437075750e+17 2.6739056142389193e+28
5.2636503402109189e-14 1.0667081812095486e+06 3.0792219468072429e+05 1.6714892197966102e+17 2.7426470101949868e+28
5.1434389214598862e-14 1.0681236188253711e+06 3.0698336807256215e+05 1.6665012641356314e+17 2.8127633351394374e+28
5.0259728950248755e-14 1.0695167849772179e+06 3.0602054300241056e+05 1.6612695154948806e+17 2.8845744142065138e+28
4.9111895615462751e-14 1.0708874337549296e+06 3.0503349271818431e+05 1.6557927272515034e+17 2.9577730438104115e+28
4.7990276535945624e-14 1.0722353247130956e+06 3.0402211718942138e+05 1.6500709670695546e+17 3.0325745045032454e+28
4.6894273029677714e-14 1.0735602844557809e+06 3.0298637737423880e+05 1.6441051603167434e+17 3.1089536677480485e+28
4.5823300087358381e-14 1.0748619827906110e+06 3.0192660994051356e+05 1.6378993464789488e+17 3.1869101353286151e+28
4.4776786060149089e-14 1.0761399659947578e+06 3.0084301922430849e+05 1.6314559686907712e+17 3.2663622893795384e+28
4.3754172354546191e-14 1.0773939939963012e+06 2.9973556675785437e+05 1.6247758327263165e+17 3.3474778184844306e+28
4.2754913134222209e-14 1.0786238863526238e+06 2.9860433347472077e+05 1.6178610848443702e+17 3.4301490894260998e+28
4.1778475028678120e-14 1.0798291921668181e+06 2.9744975061510020e+05 1.6107163621939523e+17 3.5143909754415143e+28
4.0824336848547811e-14 1.0810095724974871e+06 2.9627186623120244e+05 1.6033430640974618e+17 3.6001694365225824e+28
3.9891989307404462e-14 1.0821647821967565e+06 2.9507067863504426e+05 1.5957424544906845e+17 3.6876060254586389e+28
3.8980934749921996e-14 1.0832945791431023e+06 2.9384634587758378e+05 1.5879173331822672e+17 3.7766765589291151e+28
3.8090686886242321e-14 1.0843985924839517e+06 2.9259913777368463e+05 1.5798711249745315e+17 3.8673277238146503e+28
3.7220770532411519e-14 1.0854765603911593e+06 2.9132908150205639e+05 1.5716054122147728e+17 3.9595108596862950e+28
3.6370721356742348e-14 1.0865283053365643e+06 2.9003623226182646e+05 1.5631222961939318e+17 4.0532547715703524e+28
3.5540085631969392e-14 1.0875535918946548e+06 2.8872091186363989e+05 1.5544261630150176e+17 4.1486567465218844e+28
3.4728419993065977e-14 1.0885520999806216e+06 2.8738340156504477e+05 1.5455207543586688e+17 4.2455847795810360e+28
3.3935291200589816e-14 1.0895236237367226e+06 2.8602377401341253e+05 1.5364083178424806e+17 4.3441097601612301e+28
3.3160275909435640e-14 1.0904680329652298e+06 2.8464214312212839e+05 1.5270917206203754e+17 4.4440708847496154e+28
3.2402960442867525e-14 1.0913851305767430e+06 2.8323904614090995e+05 1.5175773446916205e+17 4.5457547083638859e+28
3.1662940571711986e-14 1.0922746440354965e+06 2.8181482085661299e+05 1.5078694507899280e+17 4.6488153819620586e+28
3.0939821298595029e-14 1.0931362326394632e+06 2.8036957673155901e+05 1.4979706327463350e+17 4.7533819960965477e+28
3.0233216647105607e-14 1.0939698738417772e+06 2.7890344956761517e+05 1.4878838926862378e+17 4.8595248374565173e+28
2.9542749455774224e-14 1.0947753567729825e+06 2.7741680584558280e+05 1.4776141974406659e+17 4.9671087697513063e+28
2.8868051176757726e-14 1.0955524821322218e+06 2.7590992647436645e+05 1.4671656596496528e+17 5.0760272732253511e+28
2.8208761679120653e-14 1.0963011225194442e+06 2.7438297566857567e+05 1.4565416215311082e+17 5.1865100437261775e+28
2.7564529056609296e-14 1.0970212340884460e+06 2.7283615620972257e+05 1.4457460205766710e+17 5.2982554381042165e+28
2.6935009439816838e-14 1.0977128018967987e+06 2.7127017087628337e+05 1.4347870000058357e+17 5.4113352321743999e+28
2.6319866812637211e-14 1.0983755890406216e+06 2.6968569040184573e+05 1.4236717104212674e+17 5.5258601725805497e+28
2.5718772832910860e-14 1.0990094282746883e+06 2.6808290702267550e+05 1.4124034851877630e+17 5.6415852781597357e+28
2.5131406657167638e-14 1.0996141602851527e+06 2.6646202773307695e+05 1.4009858866531424e+17 5.7586048370801445e+28
2.4557454769370657e-14 1.1001897051868215e+06 2.6482334269600973e+05 1.3894232769448184e+17 5.8767749283758603e+28
2.3996610813572847e-14 1.1007359405167496e+06 2.6316725559448567e+05 1.3777208479894277e+17 5.9961501410481764e+28
2.3448575430394285e-14 1.1012527642111389e+06 2.6149401267723594e+05 1.3658825683913042e+17 6.1166062257724885e+28
2.2913056097234067e-14 1.1017401276558856e+06 2.5980386440078157e+05 1.3539125608902629e+17 6.2380502854048620e+28
2.2389766972132404e-14 1.1021980704777662e+06 2.5809713554006608e+05 1.3418157895669107e+17 6.3606917690676367e+28
2.1878428741197178e-14 1.1026266307133893e+06 2.5637461665963932e+05 1.3296008018283120e+17 6.4841314585280915e+28
2.1378768469516348e-14 1.1030257414670666e+06 2.5463673721958240e+05 1.3172729495308840e+17 6.6086763839689179e+28
2.0890519455474319e-14 1.1033953857441607e+06 2.5288378568477984e+05 1.3048365669340318e+17 6.7340229137843638e+28
2.0413421088395478e-14 1.1037356141301550e+06 2.5111607499124791e+05 1.2922963465755181e+17 6.8603528339114477e+28
1.9947218709439593e-14 1.1040465894710536e+06 2.4933423408710395e+05 1.2796596852937043e+17 6.9872288871167788e+28
1.9491663475673367e-14 1.1043283577677272e+06 2.4753919605520586e+05 1.2669358086793130e+17 7.1148587543435039e+28
1.9046512227246311e-14 1.1045808910944900e+06 2.4573129642657714e+05 1.2541290927518541e+17 7.2431575408814770e+28
1.8611527357600804e-14 1.1048041537710186e+06 2.4391085729413875e+05 1.2412438602058179e+17 7.3719852648056675e+28
1.8186476686645556e-14 1.1049982008697819e+06 2.4207821541064710e+05 1.2282846309625083e+17 7.5012802352851389e+28
1.7771133336825583e-14 1.1051631212852823e+06 2.4023389930710822e+05 1.2152574504162795e+17 7.6309951295149147e+28
1.7365275612023216e-14 1.1052989676620164e+06 2.3837838716974418e+05 1.2021677988513309e+17 7.7612363476069058e+28
1.6968686879223694e-14 1.1054057994745709e+06 2.3651202854947568e+05 1.1890201895254722e+17 7.8915912175715679e+28
1.6581155452884349e-14 1.1054837314609715e+06 2.3463518705752591e+05 1.1758193282171781e+17 8.0223283407912129e+28
1.6202474481943860e-14 1.1055329701241064e+06 2.3274827380253450e+05 1.1625704565157133e+17 8.1531895449412770e+28
1.5832441839412017e-14 1.1055538695392131e+06 2.3085233108507219e+05 1.1492835599253045e+17 8.2841142483103771e+28
1.5470860014481690e-14 1.1055465512306090e+06 2.2894802376055147e+05 1.1359651775967810e+17 8.4150407914387105e+28
1.5117536007103770e-14 1.1055110983620496e+06 2.2703572505521783e+05 1.1226196086137547e+17 8.5457436561737432e+28
1.4772281224970779e-14 1.1054476090745733e+06 2.2511581343606554e+05 1.1092512080203621e+17 8.6764174968493147e+28
1.4434911382852522e-14 1.1053562461852552e+06 2.2318868060345546e+05 1.0958644742515277e+17 8.8068551576559945e+28
1.4105246404230745e-14 1.1052372383573363e+06 2.2125492735354268e+05 1.0824654563011966e+17 8.9370093752180719e+28
1.3783110325180794e-14 1.1050907622952291e+06 2.1931505273057433e+05 1.0690592567220219e+17 9.0667014335973347e+28
1.3468331200447878e-14 1.1049169715253180e+06 2.1736944562126018e+05 1.0556501457390648e+17 9.1958207086265420e+28
1.3160741011668400e-14 1.1047160877913837e+06 2.1541850141928188e+05 1.0422424700496712e+17 9.3245913065431018e+28
1.2860175577687812e-14 1.1044883739180150e+06 2.1346262759442464e+05 1.0288407376084054e+17 9.4527587859427713e+28
1.2566474466926146e-14 1.1042343396337912e+06 2.1150260599666263e+05 1.0154522670599629e+17 9.5800886763354974e+28
1.2279480911744954e-14 1.1039542282667803e+06 2.0953927221234527e+05 1.0020843014305138e+17 9.7065951475887305e+28
1.1999041724770400e-14 1.1036482541074646e+06 2.0757302435480375e+05 9.8874077104900496e+16 9.8321686765678130e+28
1.1725007217126900e-14 1.1033167549833180e+06 2.0560426098641279e+05 9.7542560181123008e+16 9.9568062094845442e+28
1.1457231118538169e-14 1.1029599487595572e+06 2.0363338442604707e+05 9.6214275880326816e+16 1.0080531050859763e+29
1.1195570499253468e-14 1.1025782118820772e+06 2.0166089228695171e+05 9.4889696112084336e+16 1.0203041229439212e+29
1.0939885693756198e-14 1.1021720168303107e+06 1.9968763538248514e+05 9.3569523292602256e+16 1.0324395030461684e+29
1.0690040226215535e-14 1.1017416338906521e+06 1.9771407210718427e+05 9.2254154460708928e+16 1.0444273575520643e+29
1.0445900737640148e-14 1.1012873017862067e+06 1.9574054203295018e+05 9.0943897415806096e+16 1.0562989465540079e+29
1.0207336914695582e-14 1.1008092797357831e+06 1.9376731419699453e+05 8.9639017772846288e+16 1.0680400986511287e+29
9.9742214201477500e-15 1.1003079582669504e+06 1.9179478256928359e+05 8.8339876816131648e+16 1.0796118535340426e+29
9.7464298248943204e-15 1.0997839188637969e+06 1.8982364752519425e+05 8.7047053891533472e+16 1.0910202443384277e+29
9.5238405415489943e-15 1.0992377002643712e+06 1.8785472655082087e+05 8.5761171547226464e+16 1.1022731058177226e+29
9.3063347595421789e-15 1.0986696504651261e+06 1.8588840906104870e+05 8.4482542580606816e+16 1.1133578114867106e+29
9.0937963817038467e-15 1.0980802102416395e+06 1.8392521045491655e+05 8.3211563991194496e+16 1.1242640058694026e+29
8.8861119622950472e-15 1.0974697773532809e+06 1.8196563641527272e+05 8.1948608808308112e+16 1.1349767306748018e+29
8.6831706464543330e-15 1.0968387072200188e+06 1.8001005577340408e+05 8.0693949472493232e+16 1.1455115208972343e+29
8.4848641110271021e-15 1.0961873236916785e+06 1.7805876876118223e+05 7.9447808534735872e+16 1.1558205220519422e+29
8.2910865067466053e-15 1.0955160204262065e+06 1.7611208276763358e+05 7.8210417334131200e+16 1.1659442325033961e+29
8.1017344017351153e-15 1.0948253028866074e+06 1.7417036527473835e+05 7.6982051449648880e+16 1.1758761971256933e+29
7.9167067262954120e-15 1.0941157694481192e+06 1.7223433077368778e+05 7.5763216002950608e+16 1.1855594716885134e+29
7.7359047189634282e-15 1.0933880968230164e+06 1.7030464061925097e+05 7.4554345484655200e+16 1.1950654986663293e+29
7.5592318737926421e-15 1.0926426527395009e+06 1.6838163532119797e+05 7.3355650777972704e+16 1.2042936761962307e+29
7.3865938888424051e-15 1.0918798166104113e+06 1.6646558377466642e+05 7.2167291692812736e+16 1.2133052951827478e+29
7.2178986158429975e-15 1.0911000037137067e+06 1.6455673851139113e+05 7.0989421921569776e+16 1.2220951106791091e+29
7.0530560110097832e-15 1.0903037312947288e+06 1.6265543080338550e+05 6.9822249097873304e+16 1.2306362136206506e+29
6.8919780869811397e-15 1.0894917238345293e+06 1.6076223737716544e+05 6.8666142121140616e+16 1.2389203524349138e+29
6.7345788658535760e-15 1.0886647467681123e+06 1.5887796661927798e+05 6.7521584727479312e+16 1.2469952204706061e+29
6.5807743332898606e-15 1.0878232288844257e+06 1.5700293549284880e+05 6.6388726561347072e+16 1.2547766769698027e+29
6.4304823936749431e-15 1.0869675507971873e+06 1.5513738675474346e+05 6.5267663259446080e+16 1.2623488806702170e+29
6.2836228262960381e-15 1.0860980337438728e+06 1.5328139912485378e+05 6.4158391479871904e+16 1.2696297102700167e+29
6.1401172425237023e-15 1.0852151678574625e+06 1.5143523399841558e+05 6.3061028292342768e+16 1.2766677222630761e+29
5.9998890439705759e-15 1.0843195075480354e+06 1.4959918937609618e+05 6.1975713638698384e+16 1.2834476101314508e+29
5.8628633816057044e-15 1.0834117474648717e+06 1.4777377409039525e+05 6.0902710687008200e+16 1.2899612020740040e+29
5.7289671158028247e-15 1.0824924362596672e+06 1.4595932599316194e+05 5.9842161313731664e+16 1.2961829067133920e+29
5.5981287773008504e-15 1.0815620815950267e+06 1.4415609958959636e+05 5.8794152195428896e+16 1.3021480984547998e+29
5.4702785290559493e-15 1.0806212278425440e+06 1.4236437774360110e+05 5.7758784188819712e+16 1.3078729670750780e+29
5.3453481289650542e-15 1.0796704161030129e+06 1.4058443847366824e+05 5.6736148810436704e+16 1.3133075754523622e+29
5.2232708934404756e-15 1.0787101646278426e+06 1.3881651274994886e+05 5.5726305183835088e+16 1.3184515391824999e+29
5.1039816618164203e-15 1.0777409828141278e+06 1.3706081158917668e+05 5.4729296771802760e+16 1.3233731208042507e+29
4.9874167615685985e-15 1.0767633694579219e+06 1.3531749728111000e+05 5.3745137214467064e+16 1.3279779090737804e+29
4.8735139743278304e-15 1.0757778886768157e+06 1.3358677301263268e+05 5.2773864661203000e+16 1.3323370364214045e+29
4.7622125026701672e-15 1.0747851214209378e+06 1.3186884229521817e+05 5.1815516558612984e+16 1.3364251844978059e+29
4.6534529376651431e-15 1.0737857817459621e+06 1.3016404912117941e+05 5.0870209935561288e+16 1.3402418260275908e+29
4.5471772271654456e-15 1.0727805146374193e+06 1.2847268929511751e+05 4.9938021657515856e+16 1.3437763115143959e+29
4.4433286448206034e-15 1.0717698865851830e+06 1.2679494061241749e+05 4.9018956361220112e+16 1.3470732366167112e+29
4.3418517597983386e-15 1.0707544777936651e+06 1.2513098453683962e+05 4.8113019319946304e+16 1.3500894187646407e+29
4.2426924071975897e-15 1.0697349117821788e+06 1.2348104684715740e+05 4.7220237255958712e+16 1.3528570038847345e+29
4.1457976591370770e-15 1.0687117700380206e+06 1.2184529252091229e+05 4.6340598172679448e+16 1.3553483365586781e+29
4.0511157965041552e-15 1.0676856149511070e+06 1.2022386897868266e+05 4.5474078543288096e+16 1.3575899479159566e+29
3.9585962813490184e-15 1.0666570655172868e+06 1.1861694274741788e+05 4.4620664118093760e+16 1.3595559158548089e+29
3.8681897299092095e-15 1.0656267278380769e+06 1.1702468926424705e+05 4.3780341559111000e+16 1.3613231495646937e+29
3.7798478862502085e-15 1.0645951816526612e+06 1.1544723438076986e+05 4.2953067908404200e+16 1.3628196749387664e+29
3.6935235965081540e-15 1.0635630186339840e+06 1.1388469826118198e+05 4.2138796498021424e+16 1.3640655214678659e+29
3.6091707837206704e-15 1.0625309134037930e+06 1.1233730069304573e+05 4.1337532546560112e+16 1.3650609956026637e+29
3.5267444232325131e-15 1.0614994765984963e+06 1.1080520649944271e+05 4.0549243635897184e+16 1.3658356294894301e+29
3.4462005186630304e-15 1.0604692412970772e+06 1.0928850978733039e+05 3.9773856176437152e+16 1.3663629528194265e+29
3.3674960784223519e-15 1.0594406474369580e+06 1.0778728368195998e+05 3.9011282214293224e+16 1.3666856315791755e+29
3.2905890927639030e-15 1.0584142772514799e+06 1.0630146017271484e+05 3.8261359907940160e+16 1.3667242084158364e+29
3.2154385113611301e-15 1.0573904516393768e+06 1.0483107020686337e+05 3.7523984087632528e+16 1.3666037201448364e+29
3.1420042213961282e-15 1.0563697740060377e+06 1.0337618124286126e+05 3.6799067424302800e+16 1.3662090123394565e+29
3.0702470261488918e-15 1.0553527260164216e+06 1.0193682130823543e+05 3.6086498531381688e+16 1.3656112280614201e+29
3.0001286240753394e-15 1.0543396546355849e+06 1.0051283345006623e+05 3.5386074717742232e+16 1.3648381329502330e+29
2.9316115883633456e-15 1.0533310998695947e+06 9.9104226340581154e+04 3.4697684664094608e+16 1.3637969802330080e+29
2.8646593469555428e-15 1.0523276433311917e+06 9.7711044125736924e+04 3.4021234940394032e+16 1.3625869488981543e+29
2.7992361630283719e-15 1.0513298449262273e+06 9.6333315466023399e+04 3.3356623137234644e+16 1.3611788944145332e+29
2.7353071159170559e-15 1.0503382319064152e+06 9.4971018201601066e+04 3.2703722165915852e+16 1.3595503273439824e+29
2.6728380824761013e-15 1.0493535920450096e+06 9.3624170039653254e+04 3.2062426431439928e+16 1.3578323115688955e+29
2.6117957188654957e-15 1.0483758879215587e+06 9.2292792679579448e+04 3.1432632327175412e+16 1.3557898939006513e+29
2.5521474427529691e-15 1.0474063519851657e+06 9.0976915254784137e+04 3.0814240392823820e+16 1.3536370564148836e+29
2.4938614159226217e-15 1.0464454378055207e+06 8.9676640343421575e+04 3.0207184701512540e+16 1.3513153378563868e+29
2.4369065272807395e-15 1.0454936949157374e+06 8.8391990567260844e+04 2.9611356535876204e+16 1.3488134733899288e+29
2.3812523762498158e-15 1.0445516346821495e+06 8.7122964360779151e+04 2.9026633883919440e+16 1.3461942700967550e+29
2.3268692565417277e-15 1.0436196895986781e+06 8.5869529036865162e+04 2.8452876225010628e+16 1.3433628220726022e+29
2.2737281403015041e-15 1.0426979829101885e+06 8.4631311608588803e+04 2.7889785166193860e+16 1.3404113875408172e+29
2.2218006626133126e-15 1.0417869880984009e+06 8.3408178517149528e+04 2.7337190090293656e+16 1.3372658877665310e+29
2.1710591063601611e-15 1.0408872958208115e+06 8.2200113748948963e+04 2.6794977475291144e+16 1.3340177385274115e+29
2.1214763874295099e-15 1.0399994986884808e+06 8.1007097189699809e+04 2.6263032319649132e+16 1.3306276107077396e+29
2.0730260402566669e-15 1.0391242181737276e+06 7.9829138345365544e+04 2.5741253534012192e+16 1.3271011445199857e+29
2.0256822036983470e-15 1.0382620351170832e+06 7.8666231098080956e+04 2.5229531087602784e+16 1.3234460756629338e+29
1.9794196072289361e-15 1.0374134992966693e+06 7.7518341770306652e+04 2.4727741963180604e+16 1.3196647132425249e+29
1.9342135574518784e-15 1.0365791315909928e+06 7.6385432388359754e+04 2.4235760571051848e+16 1.3158071138976316e+29
1.8900399249192402e-15 1.0357593418838745e+06 7.5267390606932444e+04 2.3753426761496520e+16 1.3116843742132262e+29
1.8468751312522100e-15 1.0349545463646707e+06 7.4164024040146862e+04 2.3280550159370820e+16 1.3076762686010353e+29
1.8046961365557400e-15 1.0341652664480800e+06 7.3075281360168097e+04 2.2817006614212628e+16 1.3034999648723610e+29
1.7634804271206827e-15 1.0333920386413407e+06 7.2001112445837600e+04 2.2362672398018676e+16 1.2991938775036863e+29
1.7232060034067163e-15 1.0326353438923142e+06 7.0941449497469774e+04 2.1917415079683496e+16 1.2948059441949463e+29
1.6838513682997199e-15 1.0318955376514526e+06 6.9896086691438046e+04 2.1481044097344672e+16 1.2903274435455659e+29
1.6453955156373893e-15 1.0311731215338100e+06 6.8864926353535309e+04 2.1053421281863700e+16 1.2857970471974600e+29
1.6078179189968424e-15 1.0304686165636985e+06 6.7847907587555543e+04 2.0634424608002004e+16 1.2811406778705027e+29
1.5710985207382948e-15 1.0297825144857182e+06 6.6844966864859671e+04 2.0223930425661428e+16 1.2764531014606080e+29
1.5352177212990160e-15 1.0291151579073167e+06 6.5855933018761018e+04 1.9821768337978592e+16 1.2716939836586012e+29
1.5001563687317299e-15 1.0284669162379680e+06 6.4880573265327126e+04 1.9427748954080304e+16 1.2668586135036352e+29
1.4658957484819409e-15 1.0278383051243559e+06 6.3918817171479117e+04 1.9041754154293488e+16 1.2619746967199746e+29
1.4324175733987857e-15 1.0272298099032405e+06 6.2970593644668676e+04 1.8663664986966676e+16 1.2570560467202986e+29
1.3997039739739272e-15 1.0266418432527946e+06 6.2035809517082693e+04 1.8293350916338752e+16 1.2520844676407838e+29
1.3677374888034679e-15 1.0260745032384648e+06 6.1114025300334491e+04 1.7930542222282186e+16 1.2470476748977132e+29
1.3365010552676013e-15 1.0255282733494905e+06 6.0205029288444442e+04 1.7575076253657356e+16 1.2419845980563216e+29
1.3059780004232072e-15 1.0250037702609729e+06 5.9308748430165455e+04 1.7226848995213942e+16 1.2368336095922410e+29
1.2761520321043861e-15 1.0245016014599641e+06 5.8425107299606701e+04 1.6885755925027506e+16 1.2317181947576355e+29
1.2470072302262402e-15 1.0240223523618464e+06 5.7554020923788412e+04 1.6551689202499672e+16 1.2265200558404564e+29
1.2185280382873081e-15 1.0235666012884157e+06 5.6695373146263322e+04 1.6224529872600140e+16 1.2213369882190901e+29
1.1906992550660171e-15 1.0231349383799430e+06 5.5849080265373537e+04 1.5904173395337668e+16 1.2161459516122397e+29
1.1635060265067758e-15 1.0227279571329101e+06 5.5015061237838141e+04 1.5590516742712612e+16 1.2109271931257038e+29
1.1369338377914151e-15 1.0223462314698668e+06 5.4193233959327466e+04 1.5283456754641008e+16 1.2056954932747873e+29
1.1109685055916584e-15 1.0219902731310171e+06 5.3383476563677970e+04 1.4982874691731842e+16 1.2004761127886163e+29
1.0855961704985305e-15 1.0216605904868459e+06 5.2585622562703553e+04 1.4688637637609298e+16 1.1952466257219941e+29
1.0608032896247057e-15 1.0213577564530805e+06 5.1799584426616559e+04 1.4400644787620276e+16 1.1900318825555164e+29
1.0365766293757621e-15 1.0210823189536931e+06 5.1025276488639916e+04 1.4118795991739550e+16 1.1848409230631446e+29
1.0129032583865274e-15 1.0208347658248136e+06 5.0262611317494600e+04 1.3842989207724146e+16 1.1796682095978636e+29
9.8977054061878349e-16 1.0206153579004474e+06 4.9511292125441112e+04 1.3573042109128274e+16 1.1744997577562346e+29
9.6716612861656596e-16 1.0204245365684982e+06 4.8770894226858087e+04 1.3308737569736372e+16 1.1693472165206166e+29
9.4507795691550233e-16 1.0202630454562443e+06 4.8041331033193092e+04 1.3049990787466246e+16 1.1642017416220077e+29
9.2349423560270548e-16 1.0201316524378872e+06 4.7322520462202534e+04 1.2796719660843866e+16 1.1591148117784407e+29
9.0240344402369017e-16 1.0200311343544058e+06 4.6614379284036164e+04 1.2548842886590686e+16 1.1540452495120687e+29
8.8179432463306952e-16 1.0199623173298500e+06 4.5916881118546524e+04 1.2306301421578928e+16 1.1490846806221942e+29
8.6165587698563285e-16 1.0199259932838639e+06 4.5230045717212080e+04 1.2069050131522916e+16 1.1441057686421347e+29
8.4197735186470735e-16 1.0199228203188800e+06 4.4553787613847795e+04 1.1837004847878900e+16 1.1392118596211546e+29
8.2274824554458266e-16 1.0199534644700418e+06 4.3887998865964721e+04 1.1610074004553604e+16 1.1343601829665720e+29
8.0395829418396960e-16 1.0200185981831555e+06 4.3232583220810899e+04 1.1388171648444994e+16 1.1295881090825253e+29
