8.0395829418396959e-13 7.3072821413425007e+05 2.4209703467432826e+05 6.3878774906179720e+16 1.2205765657362549e+27
7.8559746834753246e-13 7.3250795494384260e+05 2.4249891033920017e+05 6.4277297301801552e+16 1.2484107864762522e+27
7.6765596765250801e-13 7.3431966308291571e+05 2.4290112728773864e+05 6.4681077608476848e+16 1.2777232879228596e+27
7.5012421553758558e-13 7.3616463108200941e+05 2.4330403975472401e+05 6.5090548708678656e+16 1.3083032230679453e+27
7.3299285415128468e-13 7.3804391211095115e+05 2.4370799908475776e+05 6.5506130524845792e+16 1.3403404242240214e+27
7.1625273935704306e-13 7.3995861848695658e+05 2.4411339521357691e+05 6.5928281789442712e+16 1.3736329474910674e+27
6.9989493585237990e-13 7.4191006363836746e+05 2.4452067658705282e+05 6.6357526245465936e+16 1.4084647430606754e+27
6.8391071239955609e-13 7.4389983921807783e+05 2.4493037800510356e+05 6.6794479025312896e+16 1.4449890202605542e+27
6.6829153716511489e-13 7.4592991157653299e+05 2.4534316209540059e+05 6.7239884189236032e+16 1.4835037259233769e+27
6.5302907316589952e-13 7.4800202322112850e+05 2.4575974715794268e+05 6.7694516881470936e+16 1.5234208043330049e+27
6.3811517381904706e-13 7.5011784674376121e+05 2.4618089645935682e+05 6.8159191285002176e+16 1.5656775563608266e+27
6.2354187859361313e-13 7.5227918242043222e+05 2.4660746228166716e+05 6.8634808081850568e+16 1.6098390142385884e+27
6.0930140876152718e-13 7.5448830384706892e+05 2.4704045368566827e+05 6.9122433355713776e+16 1.6562264781070061e+27
5.9538616324556484e-13 7.5674763429671398e+05 2.4748101775400466e+05 6.9623260047452728e+16 1.7050488635705747e+27
5.8178871456214496e-13 7.5905958207396243e+05 2.4793041393415601e+05 7.0138578458549800e+16 1.7562615088079286e+27
5.6850180485680912e-13 7.6142710127733008e+05 2.4839012663773069e+05 7.0669907578208960e+16 1.8099364515535817e+27
5.5551834203020698e-13 7.6385321137857228e+05 2.4886183350189353e+05 7.1218932449969512e+16 1.8663231024246951e+27
5.4283139595259256e-13 7.6634080672051408e+05 2.4934736642272730e+05 7.1787464172054792e+16 1.9261366872906977e+27
5.3043419476474946e-13 7.6889349470242031e+05 2.4984888623431380e+05 7.2377643934689728e+16 1.9883616915468327e+27
5.1832012126339740e-13 7.7151504453040462e+05 2.5036886032916591e+05 7.2991881054804768e+16 2.0547098946695586e+27
5.0648270936916735e-13 7.7420915598482068e+05 2.5091003663364952e+05 7.3632819253188576e+16 2.1242188050493774e+27
4.9491564067522283e-13 7.7698046252311161e+05 2.5147569128297476e+05 7.4303615818457808e+16 2.1975807642308454e+27
4.8361274107470329e-13 7.7983399078276881e+05 2.5206965344103894e+05 7.5007916436798576e+16 2.2750883617230981e+27
4.7256797746521049e-13 7.8277501081392320e+05 2.5269639515911360e+05 7.5749914808657488e+16 2.3566620025573136e+27
4.6177545452852868e-13 7.8580888718556473e+05 2.5336116347596169e+05 7.6534442223355536e+16 2.4427714079007248e+27
4.5122941158391827e-13 7.8894156447116542e+05 2.5407026076824273e+05 7.7367233725295792e+16 2.5334859396458113e+27
4.4092421951325472e-13 7.9218067188925203e+05 2.5483172761904463e+05 7.8255550230900752e+16 2.6292161086587520e+27
4.3085437775639206e-13 7.9553468864972505e+05 2.5565592588131380e+05 7.9208532519658064e+16 2.7296934339294225e+27
4.2101451137516242e-13 7.9901357409107429e+05 2.5655709126554977e+05 8.0238402024909344e+16 2.8357176537403996e+27
4.1139936818441155e-13 8.0262976743564918e+05 2.5755714720565669e+05 8.1363299262336864e+16 2.9463445147611070e+27
4.0200381594855675e-13 8.0628396738619031e+05 2.5866504835735162e+05 8.2578831979296640e+16 3.0567970239840916e+27
3.9282283964218600e-13 8.0902817903566163e+05 2.5959638612101346e+05 8.3568572522448288e+16 3.1362324195592102e+27
3.8385153877319545e-13 8.1101308711265353e+05 2.6030606304719340e+05 8.4314597113384560e+16 3.1937582662178568e+27
3.7508512476708503e-13 8.1298003019189846e+05 2.6100276445092497e+05 8.5054123685558784e+16 3.2515964549014242e+27
3.6651891841097572e-13 8.1495937824179011e+05 2.6169640625867169e+05 8.5797923979923376e+16 3.3107944411159664e+27
3.5814834735600098e-13 8.1695067328107124e+05 2.6238670380997582e+05 8.6545775444567744e+16 3.3724838453361264e+27
3.4996894367675177e-13 8.1895359524820745e+05 2.6307341928637179e+05 8.7297502148859600e+16 3.4362537889828419e+27
3.4197634148644563e-13 8.2096787521692878e+05 2.6375632742151711e+05 8.8052940623116048e+16 3.5010120605327644e+27
3.3416627460656126e-13 8.2299307113211008e+05 2.6443515231871651e+05 8.8811864246615008e+16 3.5682203605138517e+27
3.2653457428970620e-13 8.2502884433191491e+05 2.6510964735658199e+05 8.9574077110355248e+16 3.6369323315816502e+27
3.1907716699447724e-13 8.2707466870350786e+05 2.6577950163807743e+05 9.0339307028065088e+16 3.7089055442667551e+27
3.1179007221113923e-13 8.2913035067836184e+05 2.6644448829535168e+05 9.1107384284972768e+16 3.7823047599843200e+27
3.0466940033697372e-13 8.3119574705715710e+05 2.6710440918715042e+05 9.1878164152753248e+16 3.8576497973473279e+27
2.9771135060013152e-13 8.3327046616630233e+05 2.6775900722445134e+05 9.2651421082990544e+16 3.9353981515158455e+27
2.9091220903091890e-13 8.3535414870999334e+05 2.6840802953296778e+05 9.3426933228582880e+16 4.0159478563688844e+27
2.8426834647940371e-13 8.3744613853363704e+05 2.6905115020130394e+05 9.4204377435172080e+16 4.0981701943970788e+27
2.7777621667829500e-13 8.3954597773591813e+05 2.6968806973700115e+05 9.4983473245575184e+16 4.1835862441713254e+27
2.7143235435007391e-13 8.4165327165281994e+05 2.7031850819301448e+05 9.5763959332880496e+16 4.2709543461206414e+27
2.6523337335734285e-13 8.4376773678534362e+05 2.7094220643296279e+05 9.6545602364121872e+16 4.3610160710532837e+27
2.5917596489541772e-13 8.4588908878540259e+05 2.7155891539248929e+05 9.7328173001341024e+16 4.4535613138860038e+27
2.5325689572620839e-13 8.4801706962110847e+05 2.7216840806940955e+05 9.8111459035148816e+16 4.5498970935537024e+27
2.4747300645241784e-13 8.5015080183624930e+05 2.7277030139782780e+05 9.8895031317710800e+16 4.6478329702004863e+27
2.4182120983117104e-13 8.5228986449051881e+05 2.7336429280200950e+05 9.9678585587343488e+16 4.7491361435069445e+27
2.3629848912614671e-13 8.5443395913751808e+05 2.7395011129633978e+05 1.0046185660472843e+17 4.8536033079497870e+27
2.3090189649734352e-13 8.5658283762572799e+05 2.7452751059264399e+05 1.0124460248190355e+17 4.9617915439205634e+27
2.2562855142762949e-13 8.5873583020183211e+05 2.7509615386074985e+05 1.0202644093731667e+17 5.0721628970823306e+27
2.2047563918521709e-13 8.6089255883371888e+05 2.7565574689788901e+05 1.0280706416559373e+17 5.1856873514327499e+27
2.1544040932125280e-13 8.6305263529512624e+05 2.7620600541396701e+05 1.0358616637504797e+17 5.3030822652628748e+27
2.1052017420172673e-13 8.6521577929228963e+05 2.7674667301798682e+05 1.0436347774063515e+17 5.4246439239634685e+27
2.0571230757290243e-13 8.6738122166475386e+05 2.7727741204597213e+05 1.0513857941234373e+17 5.5488700247717943e+27
2.0101424315950971e-13 8.6954839974913443e+05 2.7779788769131619e+05 1.0591108413514170e+17 5.6760921476039871e+27
1.9642347329496030e-13 8.7171674760348524e+05 2.7830777775863494e+05 1.0668060861748325e+17 5.8087836106646476e+27
1.9193754758283432e-13 8.7388568547500868e+05 2.7880672513148253e+05 1.0744673524696378e+17 5.9441094060828123e+27
1.8755407158894795e-13 8.7605495465843286e+05 2.7929443171401497e+05 1.0820914429400894e+17 6.0836702789433519e+27
1.8327070556328355e-13 8.7822433931158634e+05 2.7977062318982341e+05 1.0896753982813030e+17 6.2275373050170839e+27
1.7908516319110873e-13 8.8039346901421121e+05 2.8023503263869567e+05 1.0972160155452018e+17 6.3752860957000797e+27
1.7499521037262478e-13 8.8256146777504974e+05 2.8068729006630869e+05 1.1047083318387686e+17 6.5275743514072068e+27
1.7099866403047436e-13 8.8472799126851722e+05 2.8112710971398983e+05 1.1121489612364446e+17 6.6843347025394686e+27
1.6709339094449448e-13 8.8689219971539825e+05 2.8155412373035349e+05 1.1195329228959792e+17 6.8449305314381143e+27
1.6327730661307397e-13 8.8905364424882771e+05 2.8196799625973916e+05 1.1268561646579528e+17 7.0111009660469458e+27
1.5954837414051565e-13 8.9121193028928619e+05 2.8236840324573196e+05 1.1341147992192466e+17 7.1819075065361397e+27
1.5590460314981504e-13 8.9336671329671040e+05 2.8275503647860681e+05 1.1413051365501070e+17 7.3574239187395159e+27
1.5234404872026269e-13 8.9551757850341895e+05 2.8312761042496248e+05 1.1484235076936299e+17 7.5386175062827306e+27
1.4886481034931015e-13 8.9766376191003667e+05 2.8348578083853394e+05 1.1554650711664250e+17 7.7238783998540111e+27
1.4546503093815020e-13 8.9980493142258213e+05 2.8382926322895463e+05 1.1624262692473490e+17 7.9139803072934002e+27
1.4214289580045901e-13 9.0194006980229856e+05 2.8415770665052574e+05 1.1693016284329555e+17 8.1104678495099702e+27
1.3889663169377659e-13 9.0406863027506683e+05 2.8447074462095834e+05 1.1760864451011090e+17 8.3137393903499269e+27
1.3572450587301461e-13 9.0619029513239581e+05 2.8476804459028860e+05 1.1827767269603552e+17 8.5204514701483098e+27
1.3262482516557153e-13 9.0830479340961983e+05 2.8504930221965828e+05 1.1893687979308461e+17 8.7362937139927777e+27
1.2959593506757878e-13 9.1041178334506543e+05 2.8531428304248065e+05 1.1958593849225422e+17 8.9561984941065240e+27
1.2663621886078123e-13 9.1250981475861906e+05 2.8556264985014230e+05 1.2022420619923107e+17 9.1822803768406774e+27
1.2374409674958667e-13 9.1459827329487773e+05 2.8579401826075040e+05 1.2085117205882800e+17 9.4140446335938686e+27
1.2091802501782780e-13 9.1667677067023644e+05 2.8600803103086288e+05 1.2146639326726462e+17 9.6531157052284676e+27
1.1815649520477777e-13 9.1874493238142761e+05 2.8620433729038615e+05 1.2206943511846656e+17 9.8981251414332810e+27
1.1545803329998362e-13 9.2080243697822432e+05 2.8638263330622268e+05 1.2265991224718758e+17 1.0149999616778210e+28
1.1282119895649331e-13 9.2284847797501856e+05 2.8654261993803049e+05 1.2323733699629454e+17 1.0409746692200313e+28
1.1024458472204377e-13 9.2488260378654185e+05 2.8668398139222991e+05 1.2380128481495158e+17 1.0676289151683707e+28
1.0772681528781416e-13 9.2690427600575320e+05 2.8680645687374246e+05 1.2435135643171923e+17 1.0949799473678973e+28
1.0526654675433147e-13 9.2891234697199764e+05 2.8690974197265197e+05 1.2488697969945390e+17 1.1231140693010925e+28
1.0286246591414157e-13 9.3090637038026820e+05 2.8699346815277665e+05 1.2540768752291080e+17 1.1520337714285717e+28
1.0051328955086642e-13 9.3288584235192800e+05 2.8705730469578528e+05 1.2591303097988302e+17 1.1816228756154483e+28
9.8217763754265583e-14 9.3485027581161878e+05 2.8710091243177722e+05 1.2640255971394808e+17 1.2121363127883022e+28
9.5974663250940560e-14 9.3679936297203857e+05 2.8712401635203738e+05 1.2687591785335051e+17 1.2433513350585294e+28
9.3782790750328011e-14 9.3873197600038769e+05 2.8712642294269166e+05 1.2733262430820195e+17 1.2753442388507726e+28
9.1640976305625656e-14 9.4064736569573299e+05 2.8710777835951326e+05 1.2777215775282790e+17 1.3083568428381234e+28
8.9548076689313450e-14 9.4254508904542529e+05 2.8706773096946534e+05 1.2819407285770590e+17 1.3421587193188698e+28
8.7502974782940347e-14 9.4442450925501809e+05 2.8700596267406293e+05 1.2859790703145877e+17 1.3768589794749184e+28
8.5504578980841602e-14 9.4628519076097896e+05 2.8692212474024255e+05 1.2898322491899827e+17 1.4124509145510478e+28
8.3551822607479450e-14 9.4812668972780136e+05 2.8681595061628212e+05 1.2934965833922666e+17 1.4491580745588329e+28
8.1643663348086941e-14 9.4994810786943510e+05 2.8668722927892231e+05 1.2969677382713346e+17 1.4863501398780218e+28
7.9779082692314898e-14 9.5174899372879358e+05 2.8653562377940759e+05 1.3002415179776830e+17 1.5244855791733875e+28
7.7957085390588123e-14 9.5352888750488323e+05 2.8636091048899340e+05 1.3033146424164130e+17 1.5641229303835852e+28
7.6176698922872544e-14 9.5528685574122146e+05 2.8616291750037676e+05 1.3061830877957997e+17 1.6042311992988140e+28
7.4436972979579387e-14 9.5702248447082331e+05 2.8594133271671453e+05 1.3088430656831030e+17 1.6458589229440759e+28
7.2736978954321352e-14 9.5873526669555192e+05 2.8569601094590878e+05 1.3112919190412979e+17 1.6879699546523847e+28
7.1075809448253324e-14 9.6042396053780138e+05 2.8542690218870610e+05 1.3135258837421619e+17 1.7318347345634204e+28
6.9452577785735583e-14 9.6208797572017682e+05 2.8513364283620013e+05 1.3155404382260488e+17 1.7759849430188925e+28
6.7866417541055714e-14 9.6372679192552343e+05 2.8481592039973836e+05 1.3173316974251291e+17 1.8212202656291244e+28
6.6316482075959181e-14 9.6533966331835173e+05 2.8447348378980008e+05 1.3188957279491803e+17 1.8680382289771752e+28
6.4801944087744509e-14 9.6692606808352296e+05 2.8410598169370246e+05 1.3202284627170112e+17 1.9154245553714307e+28
6.3321995167676364e-14 9.6848555270858505e+05 2.8371311309138284e+05 1.3213264819988659e+17 1.9645324553154424e+28
6.1875845369483762e-14 9.7001745019086637e+05 2.8329469247576082e+05 1.3221867694553645e+17 2.0143467784752022e+28
6.0462722787715319e-14 9.7152131653159240e+05 2.8285043678001896e+05 1.3228062133598526e+17 2.0653653313293457e+28
5.9081873145721601e-14 9.7299686768433196e+05 2.8238013863029587e+05 1.3231828135019333e+17 2.1172790940119547e+28
5.7732559393047217e-14 9.7444315861996415e+05 2.8188405594075652e+05 1.3233164111137501e+17 2.1712509888586502e+28
5.6414061312020209e-14 9.7585937782164535e+05 2.8136205477940198e+05 1.3232042472034360e+17 2.2255911752771817e+28
5.5125675133322412e-14 9.7724510686403106e+05 2.8081385511111573e+05 1.3228435848257858e+17 2.2813816211901502e+28
5.3866713160343085e-14 9.7859972140733653e+05 2.8023946727921418e+05 1.3222334268388722e+17 2.3379275028358322e+28
5.2636503402109189e-14 9.7992230810510635e+05 2.7963887402378884e+05 1.3213718169855360e+17 2.3961891414703974e+28
5.1434389214598862e-14 9.8121232527111203e+05 2.7901176057224238e+05 1.3202556572949133e+17 2.4553442565536534e+28
5.0259728950248755e-14 9.8246927621049760e+05 2.7835790219572635e+05 1.3188827567259349e+17 2.5159668141238323e+28
4.9111895615462751e-14 9.8369245364153001e+05 2.7767724718560401e+05 1.3172517179471075e+17 2.5776256784262996e+28
4.7990276535945624e-14 9.8488132352458755e+05 2.7696953995312960e+05 1.3153602019004512e+17 2.6408391002442422e+28
4.6894273029677714e-14 9.8603550206458429e+05 2.7623455422330776e+05 1.3132066210510054e+17 2.7046631419257079e+28
4.5823300087358381e-14 9.8715439532390749e+05 2.7547251514414180e+05 1.3107922167542248e+17 2.7703877548738258e+28
4.4776786060149089e-14 9.8823724066097720e+05 2.7468346793185046e+05 1.3081164870713365e+17 2.8366527566437784e+28
4.3754172354546191e-14 9.8928355993676558e+05 2.7386716893263918e+05 1.3051777180141234e+17 2.9047909489111812e+28
4.2754913134222209e-14 9.9029297661422449e+05 2.7302354160207999e+05 1.3019758200027595e+17 2.9738178273509587e+28
4.1778475028678120e-14 9.9126475529119489e+05 2.7215297591144434e+05 1.2985131200693856e+17 3.0437751233505488e+28
4.0824336848547811e-14 9.9219828342520271e+05 2.7125532911752985e+05 1.2947885252869211e+17 3.1157316240911687e+28
3.9891989307404462e-14 9.9309309573391813e+05 2.7033039679033612e+05 1.2908010425256498e+17 3.1880458646966012e+28
3.8980934749921996e-14 9.9394877526395791e+05 2.6937828477037529e+05 1.2865521363534306e+17 3.2623170551725612e+28
3.8090686886242321e-14 9.9476462300794420e+05 2.6839929518308985e+05 1.2820439103053608e+17 3.3373131973321318e+28
3.7220770532411519e-14 9.9554010372209141e+05 2.6739324027436611e+05 1.2772755752101115e+17 3.4136461404187081e+28
3.6370721356742348e-14 9.9627480266366678e+05 2.6635996869799338e+05 1.2722470752589288e+17 3.4902929502358431e+28
3.5540085631969392e-14 9.9696831017053674e+05 2.6529983841263049e+05 1.2669620054759323e+17 3.5691022714788933e+28
3.4728419993065977e-14 9.9761999431305216e+05 2.6421310466954927e+05 1.2614226523217099e+17 3.6488457804472667e+28
3.3935291200589816e-14 9.9822935263924615e+05 2.6309960942740773e+05 1.2556289306453381e+17 3.7293494218566656e+28
3.3160275909435640e-14 9.9879601844032307e+05 2.6195926552548670e+05 1.2495817672357594e+17 3.8120182978280849e+28
3.2402960442867525e-14 9.9931963895721966e+05 2.6079266781804163e+05 1.2432868254754267e+17 3.8944254289663968e+28
3.1662940571711986e-14 9.9979963251750171e+05 2.5960008454651586e+05 1.2367469209013742e+17 3.9782688700540038e+28
3.0939821298595029e-14 1.0002354914519816e+06 2.5838139557224419e+05 1.2299625801973174e+17 4.0631518636965675e+28
3.0233216647105607e-14 1.0006268265896573e+06 2.5713653891447297e+05 1.2229351965324066e+17 4.1492259978314148e+28
2.9542749455774224e-14 1.0009733528712273e+06 2.5586608165959205e+05 1.2156706794548144e+17 4.2362207793526561e+28
2.8868051176757726e-14 1.0012745662006157e+06 2.5457031704105480e+05 1.2081725328648128e+17 4.3244431734170077e+28
2.8208761679120653e-14 1.0015299955057265e+06 2.5324917442026103e+05 1.2004420808608638e+17 4.4116078268497106e+28
2.7564529056609296e-14 1.0017393007463461e+06 2.5190263810427143e+05 1.1924815117640291e+17 4.5011925066980132e+28
2.6935009439816838e-14 1.0019023991735040e+06 2.5053144777934969e+05 1.1842986420124872e+17 4.5920618895463098e+28
2.6319866812637211e-14 1.0020189052115831e+06 2.4913628979896408e+05 1.1759000272561962e+17 4.6833890939267635e+28
2.5718772832910860e-14 1.0020883137604343e+06 2.4771712824801885e+05 1.1672873728664350e+17 4.7748423943916822e+28
2.5131406657167638e-14 1.0021102051539137e+06 2.4627395966141077e+05 1.1584629477714819e+17 4.8665834016982565e+28
2.4557454769370657e-14 1.0020843852303630e+06 2.4480712214551304e+05 1.1494318791846142e+17 4.9598823093298595e+28
2.3996610813572847e-14 1.0020106447153552e+06 2.4331741000172496e+05 1.1402020362461854e+17 5.0531251321894311e+28
2.3448575430394285e-14 1.0018885182780512e+06 2.4180487611162607e+05 1.1307760503905818e+17 5.1471394081184016e+28
2.2913056097234067e-14 1.0017176086951544e+06 2.4026955767115462e+05 1.1211567620995211e+17 5.2412394632814676e+28
2.2389766972132404e-14 1.0014977171452175e+06 2.3871163511826663e+05 1.1113485310837571e+17 5.3361827716640667e+28
2.1878428741197178e-14 1.0012290139946203e+06 2.3713229341865680e+05 1.1013626878381835e+17 5.4309690087986546e+28
2.1378768469516348e-14 1.0009111691583820e+06 2.3553192470423656e+05 1.0912043895200022e+17 5.5260863707034341e+28
2.0890519455474319e-14 1.0005437767053496e+06 2.3391060319707598e+05 1.0808767880831286e+17 5.6210901021705431e+28
2.0413421088395478e-14 1.0001265409353365e+06 2.3226844222414328e+05 1.0703836641547122e+17 5.7167267796986209e+28
1.9947218709439593e-14 9.9965960428283841e+05 2.3060613770437735e+05 1.0597333793259155e+17 5.8114951882425475e+28
1.9491663475673367e-14 9.9914316935155494e+05 2.2892495237029812e+05 1.0489375255747755e+17 5.9068557130051523e+28
1.9046512227246311e-14 9.9857683100879402e+05 2.2722503840652388e+05 1.0379997000701502e+17 6.0018269193119515e+28
1.8611527357600804e-14 9.9796022756259865e+05 2.2550652581535204e+05 1.0269235665565261e+17 6.0967568100615066e+28
1.8186476686645556e-14 9.9729311324960808e+05 2.2376958622941081e+05 1.0157134142476381e+17 6.1914446567597345e+28
1.7771133336825583e-14 9.9657581027367595e+05 2.2201522774820687e+05 1.0043795971661717e+17 6.2856009640098201e+28
1.7365275612023216e-14 9.9580830923017557e+05 2.2024421656497868e+05 9.9293011653024896e+16 6.3795652319231106e+28
1.6968686879223694e-14 9.9499026416810078e+05 2.1845671662598467e+05 9.8136882716739168e+16 6.4719332981526691e+28
1.6581155452884349e-14 9.9412140351592971e+05 2.1665291303359493e+05 9.6969995183465600e+16 6.5631342401368720e+28
1.6202474481943860e-14 9.9320164381107234e+05 2.1483308262403819e+05 9.5792874261567536e+16 6.6559648456079245e+28
1.5832441839412017e-14 9.9223180449667899e+05 2.1299876849706654e+05 9.4606925261423360e+16 6.7477132900133348e+28
1.5470860014481690e-14 9.9121196890129382e+05 2.1115077025267179e+05 9.3412952320728752e+16 6.8370355009490834e+28
1.5117536007103770e-14 9.9014182705334411e+05 2.0928929572367514e+05 9.2211353455105264e+16 6.9258141927397977e+28
1.4772281224970779e-14 9.8902113123825204e+05 2.0741456754503908e+05 9.1002553188712928e+16 7.0138156710331969e+28
1.4434911382852522e-14 9.8784977141894388e+05 2.0552686261770813e+05 8.9787041438190544e+16 7.1001141060941184e+28
1.4105246404230745e-14 9.8662848180178332e+05 2.0362746774037048e+05 8.8566005590971104e+16 7.1856748908454170e+28
1.3783110325180794e-14 9.8535743086758361e+05 2.0171717276327981e+05 8.7340224915770848e+16 7.2697764529741713e+28
1.3468331200447878e-14 9.8403637372338108e+05 1.9979621988366038e+05 8.6110105814929152e+16 7.3514979494856870e+28
1.3160741011668400e-14 9.8266512238453841e+05 1.9786486277857545e+05 8.4876075820504560e+16 7.4328170718299363e+28
1.2860175577687812e-14 9.8124359714576358e+05 1.9592338006947789e+05 8.3638602007636512e+16 7.5115539057222042e+28
1.2566474466926146e-14 9.7977264172875637e+05 1.9397295667793657e+05 8.2398784217003904e+16 7.5892220276156890e+28
1.2279480911744954e-14 9.7825302508062590e+05 1.9201492492671602e+05 8.1157738224912800e+16 7.6654268623168353e+28
1.1999041724770400e-14 9.7668455117340374e+05 1.9004955591684341e+05 7.9915850421526800e+16 7.7390471157478367e+28
1.1725007217126900e-14 9.7506706026390311e+05 1.8807712261687100e+05 7.8673516160531392e+16 7.8090530620505110e+28
1.1457231118538169e-14 9.7340045515066548e+05 1.8609790769380089e+05 7.7431149019612416e+16 7.8805650390788051e+28
1.1195570499253468e-14 9.7168498341441562e+05 1.8411242962069399e+05 7.6189341430085632e+16 7.9477074040812230e+28
1.0939885693756198e-14 9.6992175419839367e+05 1.8212211152867763e+05 7.4949250163786528e+16 8.0133635634841701e+28
1.0690040226215535e-14 9.6811083770740149e+05 1.8012740924035144e+05 7.3711357953935280e+16 8.0762347573293005e+28
1.0445900737640148e-14 9.6625241012551717e+05 1.7812880690346635e+05 7.2476175541680352e+16 8.1347461462569935e+28
1.0207336914695582e-14 9.6434692092356086e+05 1.7612706470606232e+05 7.1244375088492352e+16 8.1949316276422712e+28
9.9742214201477500e-15 9.6239438336916268e+05 1.7412250432652843e+05 7.0016341243490736e+16 8.2504036230709725e+28
9.7464298248943204e-15 9.6039545368154533e+05 1.7211593996160777e+05 6.8792786316288424e+16 8.3030664457671186e+28
9.5238405415489943e-15 9.5835093298812816e+05 1.7010840058628007e+05 6.7574514244076952e+16 8.3539079468397024e+28
9.3063347595421789e-15 9.5626084004016826e+05 1.6810019123061723e+05 6.6361859004225768e+16 8.4004697466972520e+28
9.0937963817038467e-15 9.5412579774135316e+05 1.6609207901554107e+05 6.5155450445829440e+16 8.4456324353674898e+28
8.8861119622950472e-15 9.5194635463998897e+05 1.6408482074762287e+05 6.3955877324229152e+16 8.4880957705000151e+28
8.6831706464543330e-15 9.4972254184926872e+05 1.6207870725446974e+05 6.2763432628606296e+16 8.5261107411943462e+28
8.4848641110271021e-15 9.4745488802165550e+05 1.6007439073050264e+05 6.1578635597155872e+16 8.5646927175390045e+28
8.2910865067466053e-15 9.4514382385710650e+05 1.5807246121038095e+05 6.0401944151251040e+16 8.5955357056296328e+28
8.1017344017351153e-15 9.4278944431504072e+05 1.5607320388874767e+05 5.9233630564417336e+16 8.6256566202185458e+28
7.9167067262954120e-15 9.4039275309018709e+05 1.5407754040519087e+05 5.8074356456733304e+16 8.6516856954657848e+28
7.7359047189634282e-15 9.3795456770339131e+05 1.5208631448063036e+05 5.6924692236810904e+16 8.6754602775345469e+28
7.5592318737926421e-15 9.3547498064599372e+05 1.5009979567997655e+05 5.5784854391448840e+16 8.6969650418138981e+28
7.3865938888424051e-15 9.3295453249241435e+05 1.4811853790076385e+05 5.4655231492511016e+16 8.7136071773431764e+28
7.2178986158429975e-15 9.3039382077779830e+05 1.4614315219866583e+05 5.3536224832872024e+16 8.7280091101326191e+28
7.0530560110097832e-15 9.2779299768798857e+05 1.4417389534836798e+05 5.2428023983718144e+16 8.7390108827448499e+28
6.8919780869811397e-15 9.2515292077798967e+05 1.4221144792451849e+05 5.1331073095873008e+16 8.7468322229772886e+28
6.7345788658535760e-15 9.2247498990181845e+05 1.4025691069547774e+05 5.0246019753927752e+16 8.7514485322121756e+28
6.5807743332898606e-15 9.1975937992338603e+05 1.3831054533873181e+05 4.9173006583156424e+16 8.7533875339432237e+28
6.4304823936749431e-15 9.1700643191990582e+05 1.3637268563966750e+05 4.8112220402014136e+16 8.7511108458384952e+28
6.2836228262960381e-15 9.1421698026540247e+05 1.3444398446451908e+05 4.7064016117900192e+16 8.7461441093743598e+28
6.1401172425237023e-15 9.1139126627602801e+05 1.3252470440922651e+05 4.6028515767571688e+16 8.7379241642329345e+28
5.9998890439705759e-15 9.0852959449489205e+05 1.3061510449251653e+05 4.5005844118221448e+16 8.7261553448866330e+28
5.8628633816057044e-15 9.0563331203531299e+05 1.2871607019816758e+05 4.3996463162581032e+16 8.7121312025145591e+28
5.7289671158028247e-15 9.0270295360365883e+05 1.2682801307540068e+05 4.3000544657259416e+16 8.6934871536303830e+28
5.5981287773008504e-15 8.9973873506066133e+05 1.2495111827366000e+05 4.2018135956130888e+16 8.6731447222690129e+28
5.4702785290559493e-15 8.9674151277189935e+05 1.2308591501202913e+05 4.1049470863696336e+16 8.6505281324071672e+28
5.3453481289650542e-15 8.9371216313045321e+05 1.2123296245613166e+05 4.0094775917610592e+16 8.6220229452437210e+28
5.2232708934404756e-15 8.9065090119380772e+05 1.1939241933186812e+05 3.9154057090982888e+16 8.5917987679472434e+28
5.1039816618164203e-15 8.8755815260206885e+05 1.1756453110718851e+05 3.8227369170724768e+16 8.5589044972104740e+28
4.9874167615685985e-15 8.8443496455499146e+05 1.1574988461502024e+05 3.7314934329237960e+16 8.5230555034372865e+28
4.8735139743278304e-15 8.8128167520138773e+05 1.1394866985177690e+05 3.6416756169208104e+16 8.4842427817970220e+28
4.7622125026701672e-15 8.7809854666957387e+05 1.1216101048268394e+05 3.5532806157977124e+16 8.4426647223140407e+28
4.6534529376651431e-15 8.7488673762331752e+05 1.1038747102115813e+05 3.4663279921977656e+16 8.3981433866778923e+28
4.5471772271654456e-15 8.7164714032570843e+05 1.0862849238600850e+05 3.3808288112864584e+16 8.3510439591623172e+28
4.4433286448206034e-15 8.6838002165291656e+05 1.0688417008854201e+05 3.2967764105895576e+16 8.3014922520579486e+28
4.3418517597983386e-15 8.6508593626077822e+05 1.0515470897302293e+05 3.2141700690629052e+16 8.2483552007694476e+28
4.2426924071975897e-15 8.6176660078001511e+05 1.0344088664630461e+05 3.1330358717010448e+16 8.1940609657244476e+28
4.1457976591370770e-15 8.5842251325225935e+05 1.0174288742082709e+05 3.0533689016037924e+16 8.1358985523007979e+28
4.0511157965041552e-15 8.5505395732240961e+05 1.0006077086839129e+05 2.9751583010574764e+16 8.0763943757225294e+28
3.9585962813490184e-15 8.5166171280546824e+05 9.8394805066453482e+04 2.8984034046537032e+16 8.0138393850802643e+28
3.8681897299092095e-15 8.4824684326317348e+05 9.6745396582040601e+04 2.8231087800917316e+16 7.9493380654047700e+28
3.7798478862502085e-15 8.4480964031004894e+05 9.5112583112141700e+04 2.7492610570847716e+16 7.8833988581316992e+28
3.6935235965081540e-15 8.4135041319865908e+05 9.3496392644782609e+04 2.6768467340638660e+16 7.8148801646949884e+28
3.6091707837206704e-15 8.3787027237600705e+05 9.1897187996299530e+04 2.6058677009212504e+16 7.7444872174367582e+28
3.5267444232325131e-15 8.3436995908557926e+05 9.0315176484655996e+04 2.5363174458310964e+16 7.6714604863352390e+28
3.4462005186630304e-15 8.3084976730129030e+05 8.8750355066201126e+04 2.4681798918241184e+16 7.5973806180690695e+28
3.3674960784223519e-15 8.2731012702485302e+05 8.7202756047837684e+04 2.4014410117188788e+16 7.5209664201411090e+28
3.2905890927639030e-15 8.2375266175892449e+05 8.5672897617411174e+04 2.3361077870823764e+16 7.4435331822976493e+28
3.2154385113611301e-15 8.2017803821531392e+05 8.4160909851429082e+04 2.2721686390406768e+16 7.3638212055875130e+28
3.1420042213961282e-15 8.1658654083144746e+05 8.2666756396875455e+04 2.2096047476036756e+16 7.2827513438029909e+28
3.0702470261488918e-15 8.1297850988234149e+05 8.1190412397007298e+04 2.1483980827212884e+16 7.2005035594895996e+28
3.0001286240753394e-15 8.0935458512770559e+05 7.9731962967936139e+04 2.0885353112948180e+16 7.1171905840737762e+28
2.9316115883633456e-15 8.0571511447929055e+05 7.8291374986099283e+04 2.0299980095805888e+16 7.0327142310418345e+28
2.8646593469555428e-15 8.0206038177500968e+05 7.6868580252246495e+04 1.9727665937123056e+16 6.9459650924120340e+28
2.7992361630283719e-15 7.9839086882310256e+05 7.5463566853444223e+04 1.9168242706934004e+16 6.8591749005841841e+28
2.7353071159170559e-15 7.9470798658224114e+05 7.4076657888844056e+04 1.8621675507876524e+16 6.7709167098352412e+28
2.6728380824761013e-15 7.9101220697385876e+05 7.2707834580696654e+04 1.8087783806884560e+16 6.6821889619616784e+28
2.6117957188654957e-15 7.8730381195365952e+05 7.1356999885551020e+04 1.7566358598316636e+16 6.5920652313833831e+28
2.5521474427529691e-15 7.8358327391567058e+05 7.0024107099219327e+04 1.7057215852234588e+16 6.5009061766486633e+28
2.4938614159226217e-15 7.7985215545854927e+05 6.8709478637655266e+04 1.6560312904357210e+16 6.4100600887560060e+28
2.4369065272807395e-15 7.7611098659931379e+05 6.7413087390267785e+04 1.6075463631041950e+16 6.3177691549823759e+28
2.3812523762498158e-15 7.7236003753482341e+05 6.6134812357829680e+04 1.5602448266210006e+16 6.2256680655643734e+28
2.3268692565417277e-15 7.6859959635025193e+05 6.4874532526346215e+04 1.5141050782658608e+16 6.1328872418017449e+28
2.2737281403015041e-15 7.6483023550030054e+05 6.3632213225051528e+04 1.4691090072416528e+16 6.0396172746762825e+28
2.2218006626133126e-15 7.6105231522974372e+05 6.2407749749880764e+04 1.4252359895053468e+16 5.9452922782063274e+28
2.1710591063601611e-15 7.5726608911978593e+05 6.1200998440117815e+04 1.3824643196623568e+16 5.8518712896449074e+28
2.1214763874295099e-15 7.5347182523595053e+05 6.0011811472514055e+04 1.3407726196466524e+16 5.7580567930529109e+28
2.0730260402566669e-15 7.4967070426218235e+05 5.8840304762567481e+04 1.3001492305018924e+16 5.6628583798355241e+28
2.0256822036983470e-15 7.4586360273071891e+05 5.7686507685376651e+04 1.2605788736844298e+16 5.5700337800440119e+28
1.9794196072289361e-15 7.4205076596510701e+05 5.6550257706560427e+04 1.2220396573795918e+16 5.4759457656222634e+28
1.9342135574518784e-15 7.3823243880270305e+05 5.5431387412971584e+04 1.1845099573522244e+16 5.3816022754178290e+28
1.8900399249192402e-15 7.3440930153356213e+05 5.4329842463665584e+04 1.1479724621126936e+16 5.2882677903289234e+28
1.8468751312522100e-15 7.3058250160128088e+05 5.3245700860185403e+04 1.1124141192946262e+16 5.1944342037518637e+28
1.8046961365557400e-15 7.2675229806026723e+05 5.2178793559359321e+04 1.0778135387405504e+16 5.1011292686104826e+28
1.7634804271206827e-15 7.2291891337047447e+05 5.1128940222823323e+04 1.0441493335388800e+16 5.0084888566984915e+28
1.7232060034067163e-15 7.1908255757182697e+05 5.0095956632817295e+04 1.0114003727925876e+16 4.9158159230130268e+28
1.6838513682997199e-15 7.1524340124646679e+05 4.9079646889208649e+04 9.7954555438620080e+15 4.8235500200950281e+28
1.6453955156373893e-15 7.1140163342894765e+05 4.8079818802241163e+04 9.4856431469005340e+15 4.7326198353355821e+28
1.6078179189968424e-15 7.0755745181833359e+05 4.7096279721871266e+04 9.1843650586410680e+15 4.6411322785488486e+28
1.5710985207382948e-15 7.0371105629111268e+05 4.6128832422080770e+04 8.8914231906548110e+15 4.5507777344722278e+28
1.5352177212990160e-15 6.9986366311199032e+05 4.5177513167288351e+04 8.6066959059631020e+15 4.4607011434155244e+28
1.5001563687317299e-15 6.9601707048053422e+05 4.4242503801733073e+04 8.3301001432199280e+15 4.3717417293607745e+28
1.4658957484819409e-15 6.9217149433059047e+05 4.3323608115225637e+04 8.0614367732897200e+15 4.2830646697414862e+28
1.4324175733987857e-15 6.8832712115560693e+05 4.2420624201559025e+04 7.8005086373390200e+15 4.1957579783912836e+28
1.3997039739739272e-15 6.8448409607738478e+05 4.1533343929937524e+04 7.5471201570347490e+15 4.1085930604882022e+28
1.3677374888034679e-15 6.8064204285270092e+05 4.0661445745483717e+04 7.3010473114273100e+15 4.0226459303540577e+28
1.3365010552676013e-15 6.7680090485962701e+05 3.9804678693460344e+04 7.0620928608416060e+15 3.9372235016016428e+28
1.3059780004232072e-15 6.7296082550617878e+05 3.8962837107206629e+04 6.8300767492024450e+15 3.8531284992746791e+28
1.2761520321043861e-15 6.6912194343775662e+05 3.8135714348303438e+04 6.6048224575684980e+15 3.7697528098441392e+28
1.2470072302262402e-15 6.6528447422434553e+05 3.7323119256859572e+04 6.3861615808311490e+15 3.6871004898817797e+28
1.2185280382873081e-15 6.6144892258260120e+05 3.6524920324839433e+04 6.1739447997987720e+15 3.6053761989834051e+28
1.1906992550660171e-15 6.5761545202971646e+05 3.5740916999673515e+04 5.9680064933095280e+15 3.5248227691830382e+28
1.1635060265067758e-15 6.5378417421275098e+05 3.4970897973240673e+04 5.7681819146950220e+15 3.4445171859418688e+28
1.1369338377914151e-15 6.4995520314822078e+05 3.4214649436606152e+04 5.5743099484395720e+15 3.3664571538355725e+28
1.1109685055916584e-15 6.4612968812527717e+05 3.3472145188617222e+04 5.3862825914273870e+15 3.2889869288907577e+28
1.0855961704985305e-15 6.4230999242353905e+05 3.2743591969323414e+04 5.2040479278782770e+15 3.2123762027385663e+28
1.0608032896247057e-15 6.3849632856400951e+05 3.2028792051829983e+04 5.0274486645276230e+15 3.1372521248503393e+28
1.0365766293757621e-15 6.3468880914556549e+05 3.1327533089516957e+04 4.8563270063411370e+15 3.0628572784056389e+28
1.0129032583865274e-15 6.3088754628461110e+05 3.0639604947812597e+04 4.6905289947053830e+15 2.9894386020763757e+28
9.8977054061878349e-16 6.2709230527317792e+05 2.9964742208479827e+04 4.5298903557480280e+15 2.9175494191051918e+28
9.6716612861656596e-16 6.2330262749075179e+05 2.9302642316580004e+04 4.3742429479521455e+15 2.8466560959724337e+28
9.4507795691550233e-16 6.1951857679878757e+05 2.8653095747477058e+04 4.2234452833737330e+15 2.7766542505925249e+28
9.2349423560270548e-16 6.1574022369115276e+05 2.8015895527477580e+04 4.0773597634492030e+15 2.7078929945011476e+28
9.0240344402369017e-16 6.1196762164646306e+05 2.7390833658710169e+04 3.9358517662079910e+15 2.6405007782300937e+28
8.8179432463306952e-16 6.0820122406161821e+05 2.6777764826965544e+04 3.7988043500859545e+15 2.5738703304154668e+28
8.6165587698563285e-16 6.0444181668486132e+05 2.6176599048567201e+04 3.6661141885959970e+15 2.5088071532455239e+28
8.4197735186470735e-16 6.0068947387471492e+05 2.5587135294002550e+04 3.5376546959522165e+15 2.4445479504105133e+28
8.2274824554458266e-16 5.9694445866914408e+05 2.5009202804648128e+04 3.4133087903158535e+15 2.3815545834785617e+28
8.0395829418396960e-16 5.9320690739417681e+05 2.4442614069442101e+04 3.2929580344147170e+15 2.3196633316373918e+28
