8.0395829418396959e-13 6.7463633841513516e+05 2.1835121972917617e+05 4.7417180339452096e+16 8.6850059967872945e+26
7.8559746834753246e-13 6.7649671427121107e+05 2.1859432062360668e+05 4.7670718272061824e+16 8.9378952354793292e+26
7.6765596765250801e-13 6.7840082629959204e+05 2.1883661765784488e+05 4.7928752291434184e+16 9.2044693184596309e+26
7.5012421553758558e-13 6.8035113463786652e+05 2.1907873018727038e+05 4.8191894488871344e+16 9.4856752254075021e+26
7.3299285415128468e-13 6.8234993928780267e+05 2.1932134501356437e+05 4.8460794347830120e+16 9.7821895383133114e+26
7.1625273935704306e-13 6.8439969687394996e+05 2.1956523387521610e+05 4.8736171471419688e+16 1.0096061464386703e+27
6.9989493585237990e-13 6.8650317931503232e+05 2.1981126616887012e+05 4.9018835864603680e+16 1.0427506865985695e+27
6.8391071239955609e-13 6.8866357338268880e+05 2.2006044059354695e+05 4.9309714567523456e+16 1.0778150120455049e+27
6.6829153716511489e-13 6.9088460255477426e+05 2.2031393110399932e+05 4.9609888300635336e+16 1.1150209295273832e+27
6.5302907316589952e-13 6.9316988041811110e+05 2.2057306978182087e+05 4.9920536810448256e+16 1.1544981746987555e+27
6.3811517381904706e-13 6.9552309927428176e+05 2.2083934121915928e+05 5.0242952861794296e+16 1.1964514977713656e+27
6.2354187859361313e-13 6.9794822463699232e+05 2.2111440583076005e+05 5.0578573105230568e+16 1.2410112806047628e+27
6.0930140876152718e-13 7.0044991788341769e+05 2.2140016951232604e+05 5.0929053223413640e+16 1.2882810906604976e+27
5.9538616324556484e-13 7.0303319370722829e+05 2.2169880653237941e+05 5.1296259253870664e+16 1.3387955053864155e+27
5.8178871456214496e-13 7.0570323383793514e+05 2.2201275955688086e+05 5.1682259022630512e+16 1.3925750302946621e+27
5.6850180485680912e-13 7.0846605297985033e+05 2.2234484262255457e+05 5.2089439511356400e+16 1.4499573178103055e+27
5.5551834203020698e-13 7.1132795979554509e+05 2.2269826802902683e+05 5.2520486429190752e+16 1.5113056153442484e+27
5.4283139595259256e-13 7.1429533318431035e+05 2.2307664035942146e+05 5.2978372573366784e+16 1.5771574770842273e+27
5.3043419476474946e-13 7.1737562487821921e+05 2.2348412812169280e+05 5.3466548737614824e+16 1.6472804821037936e+27
5.1832012126339740e-13 7.2057672531298548e+05 2.2392551718878982e+05 5.3988935320585400e+16 1.7228957281214379e+27
5.0648270936916735e-13 7.2390666861346876e+05 2.2440623746571704e+05 5.4549929441284984e+16 1.8034960919706993e+27
4.9491564067522283e-13 7.2737486039582198e+05 2.2493264725318010e+05 5.5154693910337984e+16 1.8903382118007862e+27
4.8361274107470329e-13 7.3099143414620240e+05 2.2551217458326404e+05 5.5809209131748536e+16 1.9838003342542228e+27
4.7256797746521049e-13 7.3476701305346552e+05 2.2615350580115357e+05 5.6520392662271808e+16 2.0840604969537275e+27
4.6177545452852868e-13 7.3871245303437335e+05 2.2686685593074790e+05 5.7296268510856240e+16 2.1918158879442274e+27
4.5122941158391827e-13 7.4283935279849463e+05 2.2766444166330260e+05 5.8146337168391976e+16 2.3078783466843139e+27
4.4092421951325472e-13 7.4716135698628263e+05 2.2856152458675505e+05 5.9082367037260728e+16 2.4323409113837877e+27
4.3085437775639206e-13 7.5169279922348738e+05 2.2957752587491684e+05 6.0119000112847288e+16 2.5657216339589501e+27
4.2101451137516242e-13 7.5644905138368660e+05 2.3073865734654551e+05 6.1275421243335080e+16 2.7082781475361920e+27
4.1139936818441155e-13 7.6144751807986700e+05 2.3208465084282358e+05 6.2579499587447584e+16 2.8597597986495843e+27
4.0200381594855675e-13 7.6648578005790245e+05 2.3362411685983796e+05 6.4017428320191624e+16 3.0096155357023104e+27
3.9282283964218600e-13 7.6975199529224029e+05 2.3477882729736264e+05 6.5050411349421072e+16 3.1028896882739166e+27
3.8385153877319545e-13 7.7167308265923604e+05 2.3551124566242541e+05 6.5693491740180072e+16 3.1556440306216662e+27
3.7508512476708503e-13 7.7355911707644747e+05 2.3622480724767171e+05 6.6326095351181528e+16 3.2083614969750487e+27
3.6651891841097572e-13 7.7545992545622215e+05 2.3693717321985160e+05 6.6964154801542056e+16 3.2633395132876648e+27
3.5814834735600098e-13 7.7737511695321917e+05 2.3764809347910664e+05 6.7607535623944624e+16 3.3197357041605689e+27
3.4996894367675177e-13 7.7930436596060265e+05 2.3835734033325978e+05 6.8256120704929744e+16 3.3776547551520746e+27
3.4197634148644563e-13 7.8124740049516654e+05 2.3906470374551983e+05 6.8909806728631832e+16 3.4376873091131599e+27
3.3416627460656126e-13 7.8320380767969100e+05 2.3976992580141820e+05 6.9568441840915424e+16 3.4988597440709822e+27
3.2653457428970620e-13 7.8517326815386896e+05 2.4047277959946013e+05 7.0231900240655712e+16 3.5627016729404774e+27
3.1907716699447724e-13 7.8715531506636704e+05 2.4117298178093793e+05 7.0900000487566024e+16 3.6285326930371650e+27
3.1179007221113923e-13 7.8914971396488103e+05 2.4187031996091551e+05 7.1572629194133000e+16 3.6954880509135126e+27
3.0466940033697372e-13 7.9115623849396396e+05 2.4256458816020342e+05 7.2249675026993072e+16 3.7647173484501024e+27
2.9771135060013152e-13 7.9317450681488379e+05 2.4325553944193837e+05 7.2930978842589520e+16 3.8361626618459408e+27
2.9091220903091890e-13 7.9520416162088094e+05 2.4394292905642159e+05 7.3616382230933840e+16 3.9095621164278812e+27
2.8426834647940371e-13 7.9724463227897696e+05 2.4462645281962855e+05 7.4305658158065024e+16 3.9859842794808193e+27
2.7777621667829500e-13 7.9929550777201517e+05 2.4530583753258912e+05 7.4998614752085232e+16 4.0637752647490041e+27
2.7143235435007391e-13 8.0135637748497666e+05 2.4598081240440562e+05 7.5695057428637392e+16 4.1442106248244343e+27
2.6523337335734285e-13 8.0342694036084798e+05 2.4665113354649206e+05 7.6394819196919152e+16 4.2275821618393837e+27
2.5917596489541772e-13 8.0550684070242511e+05 2.4731654563562173e+05 7.7097714819940640e+16 4.3121663907127875e+27
2.5325689572620839e-13 8.0759578968737670e+05 2.4797682033388497e+05 7.7803581484144992e+16 4.4006566209631184e+27
2.4747300645241784e-13 8.0969303858420230e+05 2.4863159662444546e+05 7.8512104173754464e+16 4.4909664025425540e+27
2.4182120983117104e-13 8.1179819575357903e+05 2.4928059528595477e+05 7.9223064017162672e+16 4.5834612877493360e+27
2.3629848912614671e-13 8.1391088317030040e+05 2.4992354318197814e+05 7.9936243651828128e+16 4.6798699088459647e+27
2.3090189649734352e-13 8.1603081332489895e+05 2.5056019672226912e+05 8.0651453750511408e+16 4.7779667581098403e+27
2.2562855142762949e-13 8.1815735442585219e+05 2.5119022246128728e+05 8.1368393014162080e+16 4.8798004033130188e+27
2.2047563918521709e-13 8.2029013137604913e+05 2.5181334228135322e+05 8.2086828187585904e+16 4.9843652145529657e+27
2.1544040932125280e-13 8.2242869311616011e+05 2.5242926385652876e+05 8.2806501214511312e+16 5.0920293464277245e+27
2.1052017420172673e-13 8.2457271296162135e+05 2.5303772694896936e+05 8.3527189345781648e+16 5.2023880549750893e+27
2.0571230757290243e-13 8.2672148555899935e+05 2.5363839023767860e+05 8.4248554545592224e+16 5.3169606263686488e+27
2.0101424315950971e-13 8.2887448965959018e+05 2.5423093116624726e+05 8.4970293675163888e+16 5.4344089820395576e+27
1.9642347329496030e-13 8.3103116612722946e+05 2.5481502892238443e+05 8.5692093360874288e+16 5.5545903222904333e+27
1.9193754758283432e-13 8.3319095630531758e+05 2.5539034144969127e+05 8.6413621100947856e+16 5.6791785895828474e+27
1.8755407158894795e-13 8.3535353403630247e+05 2.5595658204571268e+05 8.7134613114250672e+16 5.8063704460949326e+27
1.8327070556328355e-13 8.3751853589789255e+05 2.5651345956570483e+05 8.7854793033869104e+16 5.9380607820952243e+27
1.7908516319110873e-13 8.3968556501509878e+05 2.5706069668399866e+05 8.8573884234098384e+16 6.0737377952923241e+27
1.7499521037262478e-13 8.4185379823352094e+05 2.5759791133489134e+05 8.9291465493964224e+16 6.2133600675958018e+27
1.7099866403047436e-13 8.4402286800832814e+05 2.5812481339859826e+05 9.0007246778809264e+16 6.3563348837560729e+27
1.6709339094449448e-13 8.4619196533182857e+05 2.5864102560773827e+05 9.0720800762797648e+16 6.5040541281925126e+27
1.6327730661307397e-13 8.4836064166559535e+05 2.5914621881284061e+05 9.1431787812703632e+16 6.6551134041579456e+27
1.5954837414051565e-13 8.5052840827299363e+05 2.5964006920568098e+05 9.2139861081894288e+16 6.8113830710231622e+27
1.5590460314981504e-13 8.5269482771600038e+05 2.6012225266332130e+05 9.2844677905375408e+16 6.9715368653724397e+27
1.5234404872026269e-13 8.5485944793875411e+05 2.6059246943853248e+05 9.3545905886624848e+16 7.1370358099517443e+27
1.4886481034931015e-13 8.5702148110764311e+05 2.6105034460045447e+05 9.4243097789682944e+16 7.3058976122691411e+27
1.4546503093815020e-13 8.5918056027373299e+05 2.6149558233662631e+05 9.4935930369169968e+16 7.4804950629413707e+27
1.4214289580045901e-13 8.6133570736970380e+05 2.6192779041181263e+05 9.5623899690981968e+16 7.6608714588484613e+27
1.3889663169377659e-13 8.6348639364795526e+05 2.6234660977029131e+05 9.6306600760374208e+16 7.8448011207315915e+27
1.3572450587301461e-13 8.6563219243752235e+05 2.6275171133187512e+05 9.6983664439545568e+16 8.0346778084481381e+27
1.3262482516557153e-13 8.6777264216206118e+05 2.6314276238662330e+05 9.7654709684616512e+16 8.2287575994790055e+27
1.2959593506757878e-13 8.6990734384471050e+05 2.6351948234398314e+05 9.8319399940787072e+16 8.4305880436007779e+27
1.2663621886078123e-13 8.7203499012113130e+05 2.6388145879998885e+05 9.8977130593238608e+16 8.6364571704539754e+27
1.2374409674958667e-13 8.7415501874706999e+05 2.6422832001199084e+05 9.9627461609865712e+16 8.8479515135971325e+27
1.2091802501782780e-13 8.7626691752642568e+05 2.6455970394726220e+05 1.0026996682915008e+17 9.0654471854423436e+27
1.1815649520477777e-13 8.7837015274021297e+05 2.6487525364360539e+05 1.0090421623400989e+17 9.2884119980296577e+27
1.1545803329998362e-13 8.8046434925816103e+05 2.6517464500734035e+05 1.0152983209268782e+17 9.5181363069965986e+27
1.1282119895649331e-13 8.8254861705525313e+05 2.6545752344178647e+05 1.0214630976530539e+17 9.7544312466129549e+27
1.1024458472204377e-13 8.8462243360814359e+05 2.6572353629791545e+05 1.0275321702234336e+17 9.9981561167711727e+27
1.0772681528781416e-13 8.8668522440885485e+05 2.6597237896421942e+05 1.0335014212606578e+17 1.0247005191043630e+28
1.0526654675433147e-13 8.8873584613296553e+05 2.6620366664111451e+05 1.0393649761118670e+17 1.0501581466317585e+28
1.0286246591414157e-13 8.9077384484308609e+05 2.6641702880597557e+05 1.0451184551299894e+17 1.0764613416313308e+28
1.0051328955086642e-13 8.9279858120292262e+05 2.6661211803373945e+05 1.0507572393955102e+17 1.1033791435516226e+28
9.8217763754265583e-14 8.9480942044686188e+05 2.6678856481025944e+05 1.0562765537167146e+17 1.1310650033944597e+28
9.5974663250940560e-14 8.9680598386418261e+05 2.6694605304657045e+05 1.0616725341826448e+17 1.1595364844033565e+28
9.3782790750328011e-14 8.9878711893998738e+05 2.6708427530738263e+05 1.0669396965559326e+17 1.1886142872452635e+28
9.1640976305625656e-14 9.0075207179722039e+05 2.6720284174653899e+05 1.0720728255827730e+17 1.2184132062569093e+28
8.9548076689313450e-14 9.0270036314538284e+05 2.6730139404916461e+05 1.0770675223022995e+17 1.2492389052041060e+28
8.7502974782940347e-14 9.0463114836761006e+05 2.6737958132652281e+05 1.0819186343389266e+17 1.2806915318736670e+28
8.5504578980841602e-14 9.0654392227366462e+05 2.6743703013463964e+05 1.0866216074861070e+17 1.3129081690287102e+28
8.3551822607479450e-14 9.0843815966744465e+05 2.6747342717929377e+05 1.0911722792087102e+17 1.3460788303272908e+28
8.1643663348086941e-14 9.1031281340015552e+05 2.6748846988428029e+05 1.0955653787312885e+17 1.3798787009012561e+28
7.9779082692314898e-14 9.1216737683574099e+05 2.6748178616034403e+05 1.0997963953528451e+17 1.4148203007392128e+28
7.7957085390588123e-14 9.1400129437414790e+05 2.6745309063680534e+05 1.1038613276347594e+17 1.4515521240958102e+28
7.6176698922872544e-14 9.1581348864596686e+05 2.6740210999547609e+05 1.1077550631240370e+17 1.4870246499336289e+28
7.4436972979579387e-14 9.1760347022297676e+05 2.6732848057878390e+05 1.1114732472127168e+17 1.5255802200825084e+28
7.2736978954321352e-14 9.1937064220446988e+05 2.6723196343130775e+05 1.1150121760942416e+17 1.5629050674338099e+28
7.1075809448253324e-14 9.2111369943507761e+05 2.6711235083241301e+05 1.1183666816468626e+17 1.6020675012979580e+28
6.9452577785735583e-14 9.2283203355830524e+05 2.6696924416950619e+05 1.1215319709599789e+17 1.6423544784663226e+28
6.7866417541055714e-14 9.2452506833614083e+05 2.6680231148579979e+05 1.1245038286095688e+17 1.6845591863517833e+28
6.6316482075959181e-14 9.2619184623207327e+05 2.6661127751714969e+05 1.1272775389978870e+17 1.7255537730789626e+28
6.4801944087744509e-14 9.2783177499393513e+05 2.6639574836234382e+05 1.1298485101694899e+17 1.7685526088533445e+28
6.3321995167676364e-14 9.2944433924942079e+05 2.6615539238122507e+05 1.1322128230286938e+17 1.8126460033796275e+28
6.1875845369483762e-14 9.3102863329269062e+05 2.6588999972677295e+05 1.1343664738960600e+17 1.8575609420516517e+28
6.0462722787715319e-14 9.3258406663209794e+05 2.6559921930819185e+05 1.1363053390002693e+17 1.9035463023298764e+28
5.9081873145721601e-14 9.3411024284595379e+05 2.6528276340067107e+05 1.1380262856052080e+17 1.9508324473867789e+28
5.7732559393047217e-14 9.3560607550191612e+05 2.6494068421590753e+05 1.1395267897420608e+17 1.9988099131399968e+28
5.6414061312020209e-14 9.3707066752708436e+05 2.6457272952301952e+05 1.1408027977763664e+17 2.0482538912592657e+28
5.5125675133322412e-14 9.3850351629877789e+05 2.6417854927893158e+05 1.1418506771297778e+17 2.0981684958847090e+28
5.3866713160343085e-14 9.3990388261296949e+05 2.6375806280426873e+05 1.1426680691785250e+17 2.1495938859098142e+28
5.2636503402109189e-14 9.4127070675678935e+05 2.6331114550067275e+05 1.1432515526520034e+17 2.2018901979807265e+28
5.1434389214598862e-14 9.4260338690632908e+05 2.6283741826601839e+05 1.1435972733986525e+17 2.2549870578450801e+28
5.0259728950248755e-14 9.4390136243683787e+05 2.6233661889049120e+05 1.1437023600597354e+17 2.3098230922287884e+28
4.9111895615462751e-14 9.4516370107004221e+05 2.6180869578066721e+05 1.1435644404044648e+17 2.3650605438041701e+28
4.7990276535945624e-14 9.4638974343955610e+05 2.6125331885351639e+05 1.1431801118470613e+17 2.4216725470688557e+28
4.6894273029677714e-14 9.4757900672918593e+05 2.6067018019911344e+05 1.1425466984095926e+17 2.4791430879799911e+28
4.5823300087358381e-14 9.4873073731100094e+05 2.6005940156191975e+05 1.1416637044199355e+17 2.5379677682290539e+28
4.4776786060149089e-14 9.4984401273568452e+05 2.5942092048589623e+05 1.1405290562930136e+17 2.5974585783861610e+28
4.3754172354546191e-14 9.5091824984725669e+05 2.5875440387428817e+05 1.1391399421895426e+17 2.6582141003537581e+28
4.2754913134222209e-14 9.5195296971024899e+05 2.5805969113849636e+05 1.1374950656872762e+17 2.7199978566201380e+28
4.1778475028678120e-14 9.5294725272324693e+05 2.5733707989983979e+05 1.1355949638244571e+17 2.7830961762772166e+28
4.0824336848547811e-14 9.5390035920320998e+05 2.5658633045085522e+05 1.1334373150257240e+17 2.8469981638696175e+28
3.9891989307404462e-14 9.5481172501853539e+05 2.5580714664768215e+05 1.1310200472200826e+17 2.9123256011527967e+28
3.8980934749921996e-14 9.5568082286835171e+05 2.5499957504082200e+05 1.1283434782863682e+17 2.9783192854538073e+28
3.8090686886242321e-14 9.5650677213179017e+05 2.5416386693764714e+05 1.1254083270556584e+17 3.0453286569832665e+28
3.7220770532411519e-14 9.5728891314110160e+05 2.5329973323600425e+05 1.1222126461407534e+17 3.1129171189438159e+28
3.6370721356742348e-14 9.5802672456489911e+05 2.5240692610018843e+05 1.1187552752464672e+17 3.1822280210383564e+28
3.5540085631969392e-14 9.5871967360065854e+05 2.5148576547744824e+05 1.1150386421279350e+17 3.2519802750891460e+28
3.4728419993065977e-14 9.5936696060090291e+05 2.5053644597131576e+05 1.1110637411954675e+17 3.3235009526876567e+28
3.3935291200589816e-14 9.5996795027779241e+05 2.4955870129624865e+05 1.1068293291272478e+17 3.3951270118936639e+28
3.3160275909435640e-14 9.6052215733584773e+05 2.4855234136912980e+05 1.1023352007657827e+17 3.4673100841656001e+28
3.2402960442867525e-14 9.6102911455207737e+05 2.4751793097237573e+05 1.0975858428002014e+17 3.5412030608806366e+28
3.1662940571711986e-14 9.6148808631295245e+05 2.4645566480158307e+05 1.0925828422812485e+17 3.6156720455002802e+28
3.0939821298595029e-14 9.6189842704017612e+05 2.4536531081340805e+05 1.0873256277620462e+17 3.6908439398362811e+28
3.0233216647105607e-14 9.6225963692367508e+05 2.4424670688512185e+05 1.0818146103839435e+17 3.7666851543154144e+28
2.9542749455774224e-14 9.6257135189434863e+05 2.4310045981206934e+05 1.0760551783454024e+17 3.8435627330845256e+28
2.8868051176757726e-14 9.6283292007343797e+05 2.4192683202805245e+05 1.0700499668564888e+17 3.9209486147039448e+28
2.8208761679120653e-14 9.6304370967956819e+05 2.4072563448342995e+05 1.0637991891318200e+17 3.9990681944213936e+28
2.7564529056609296e-14 9.6320323694156564e+05 2.3949673873584191e+05 1.0573039831559698e+17 4.0781701492974719e+28
2.6935009439816838e-14 9.6331134037751553e+05 2.3824085610747151e+05 1.0505712410635992e+17 4.1565973721406376e+28
2.6319866812637211e-14 9.6336751912545320e+05 2.3695863432025423e+05 1.0436065537794003e+17 4.2367665844674262e+28
2.5718772832910860e-14 9.6337111095750530e+05 2.3564991949517041e+05 1.0364106727892104e+17 4.3157512720919046e+28
2.5131406657167638e-14 9.6332155595317378e+05 2.3431459718534074e+05 1.0289850183341488e+17 4.3973176897368283e+28
2.4557454769370657e-14 9.6321861763528280e+05 2.3295300540326620e+05 1.0213345122137821e+17 4.4778185337884145e+28
2.3996610813572847e-14 9.6306207007512299e+05 2.3156608454640189e+05 1.0134673901113800e+17 4.5590726347775381e+28
2.3448575430394285e-14 9.6285127508275828e+05 2.3015378273586743e+05 1.0053854385419318e+17 4.6408457144158205e+28
2.2913056097234067e-14 9.6258566844551801e+05 2.2871602179696414e+05 9.9709066235272496e+16 4.7223174007467387e+28
2.2389766972132404e-14 9.6226493497193488e+05 2.2725289903726100e+05 9.8858682389175376e+16 4.8035523068246419e+28
2.1878428741197178e-14 9.6188931262233318e+05 2.2576575504469755e+05 9.7988570861702656e+16 4.8849590737004164e+28
2.1378768469516348e-14 9.6145833942404634e+05 2.2425494292353644e+05 9.7099199722882032e+16 4.9674567589214992e+28
2.0890519455474319e-14 9.6097143368316267e+05 2.2272042567905501e+05 9.6190813915277040e+16 5.0482935375143321e+28
2.0413421088395478e-14 9.6042812287053501e+05 2.2116220133068110e+05 9.5263720534888288e+16 5.1302644731859513e+28
1.9947218709439593e-14 9.5982853391799540e+05 2.1958098060172863e+05 9.4318754423408720e+16 5.2099926124543285e+28
1.9491663475673367e-14 9.5917294076775282e+05 2.1797816208708455e+05 9.3357120862732944e+16 5.2913580009115246e+28
1.9046512227246311e-14 9.5846075924780127e+05 2.1635379507449904e+05 9.2379123647471712e+16 5.3714884058780373e+28
1.8611527357600804e-14 9.5769144894446118e+05 2.1470790099357735e+05 9.1385077361774944e+16 5.4508156137977871e+28
1.8186476686645556e-14 9.5686462474250467e+05 2.1304055611979470e+05 9.0375376791202672e+16 5.5312088557223316e+28
1.7771133336825583e-14 9.5598080441015097e+05 2.1135300473196755e+05 8.9351211346416576e+16 5.6084294863024880e+28
1.7365275612023216e-14 9.5504001945704315e+05 2.0964615347692848e+05 8.8313466426419968e+16 5.6862570240339775e+28
1.6968686879223694e-14 9.5404172544181731e+05 2.0792006170612507e+05 8.7262480685444880e+16 5.7639780116447823e+28
1.6581155452884349e-14 9.5298546086436417e+05 2.0617481221329371e+05 8.6198636060072224e+16 5.8396940842252111e+28
1.6202474481943860e-14 9.5187099933753302e+05 2.0441060075809160e+05 8.5122436574783488e+16 5.9150093306816518e+28
1.5832441839412017e-14 9.5069944820944266e+05 2.0262922725502393e+05 8.4035439144606048e+16 5.9888466497357892e+28
1.5470860014481690e-14 9.4947089011491148e+05 2.0083155371852330e+05 8.2938493589926672e+16 6.0619695760482630e+28
1.5117536007103770e-14 9.4818482584813342e+05 1.9901769357198852e+05 8.1831970286198256e+16 6.1334537974358907e+28
1.4772281224970779e-14 9.4684082497809036e+05 1.9718777727794347e+05 8.0716272952553008e+16 6.2021402778719779e+28
1.4434911382852522e-14 9.4543864820432593e+05 1.9534201047012882e+05 7.9591892547590928e+16 6.2715718475606822e+28
1.4105246404230745e-14 9.4397945671628264e+05 1.9348206011608796e+05 7.8460273200265840e+16 6.3392150482627976e+28
1.3783110325180794e-14 9.4246352362293750e+05 1.9160887928555565e+05 7.7322311280005232e+16 6.4037128161694391e+28
1.3468331200447878e-14 9.4089040592862375e+05 1.8972262506433675e+05 7.6178392874059120e+16 6.4678463693174908e+28
1.3160741011668400e-14 9.3925972249613306e+05 1.8782346724832556e+05 7.5028930306938736e+16 6.5300298404636686e+28
1.2860175577687812e-14 9.3757122373375786e+05 1.8591160627215452e+05 7.3874385141904928e+16 6.5895669075323812e+28
1.2566474466926146e-14 9.3582604915044759e+05 1.8398845385694437e+05 7.2716017907033904e+16 6.6470157030274720e+28
1.2279480911744954e-14 9.3402530376267619e+05 1.8205562818195848e+05 7.1555122672550248e+16 6.7025926062620639e+28
1.1999041724770400e-14 9.3216859889806935e+05 1.8011332648818221e+05 7.0392074616249464e+16 6.7565010905501893e+28
1.1725007217126900e-14 9.3025558183965355e+05 1.7816174703915682e+05 6.9227261117730184e+16 6.8089533399400436e+28
1.1457231118538169e-14 9.2828597118863731e+05 1.7620109908517104e+05 6.8061093029821760e+16 6.8567832105943525e+28
1.1195570499253468e-14 9.2625997988705616e+05 1.7423190843658819e+05 6.6894208666983592e+16 6.9039197682533188e+28
1.0939885693756198e-14 9.2417919340226974e+05 1.7225593321039082e+05 6.5727976659385032e+16 6.9480482841765039e+28
1.0690040226215535e-14 9.2204360958911933e+05 1.7027362543805482e+05 6.4562912186041368e+16 6.9893856222330444e+28
1.0445900737640148e-14 9.1985347221695876e+05 1.6828555423697960e+05 6.3399617864771984e+16 7.0288714254858327e+28
1.0207336914695582e-14 9.1760957909387851e+05 1.6629278191882584e+05 6.2238969420921256e+16 7.0652322247339195e+28
9.9742214201477500e-15 9.1531179188517993e+05 1.6429558792160009e+05 6.1081355868356504e+16 7.0990902651166983e+28
9.7464298248943204e-15 9.1296084014493856e+05 1.6229485100713169e+05 5.9927542484218880e+16 7.1299565492401408e+28
9.5238405415489943e-15 9.1055771610032464e+05 1.6029172673502404e+05 5.8778413325707984e+16 7.1591897485288162e+28
9.3063347595421789e-15 9.0810228005766287e+05 1.5828646657052814e+05 5.7634302122309024e+16 7.1827350629812125e+28
9.0937963817038467e-15 9.0559536954053980e+05 1.5627998937545734e+05 5.6495945973857160e+16 7.2056774708826320e+28
8.8861119622950472e-15 9.0303773320219677e+05 1.5427320596817145e+05 5.5364034646330048e+16 7.2250207508909665e+28
8.6831706464543330e-15 9.0042925510412292e+05 1.5226635753374803e+05 5.4238860617457408e+16 7.2417462726182311e+28
8.4848641110271021e-15 8.9777077767764975e+05 1.5026031348377035e+05 5.3121086088394368e+16 7.2548093518065735e+28
8.2910865067466053e-15 8.9506294379800546e+05 1.4825584163449690e+05 5.2011279048067968e+16 7.2647774064189443e+28
8.1017344017351153e-15 8.9230569328195357e+05 1.4625317737436242e+05 5.0909700697525696e+16 7.2720426442866333e+28
7.9167067262954120e-15 8.8950025456765667e+05 1.4425336497585318e+05 4.9817076685014176e+16 7.2765311517607767e+28
7.7359047189634282e-15 8.8664763675363315e+05 1.4225735758311552e+05 4.8734032778642120e+16 7.2757239826492010e+28
7.5592318737926421e-15 8.8374779232929053e+05 1.4026537858607902e+05 4.7660775995777112e+16 7.2753082512027628e+28
7.3865938888424051e-15 8.8080154257805611e+05 1.3827815655231319e+05 4.6597799558200424e+16 7.2700072554906381e+28
7.2178986158429975e-15 8.7780983594269713e+05 1.3629652857830620e+05 4.5545623890327056e+16 7.2625478596540226e+28
7.0530560110097832e-15 8.7477267447834683e+05 1.3432070547211840e+05 4.4504418383826832e+16 7.2503855011027512e+28
6.8919780869811397e-15 8.7169103589969850e+05 1.3235142565741684e+05 4.3474647968186376e+16 7.2358566364208872e+28
6.7345788658535760e-15 8.6856672325868125e+05 1.3038996268406753e+05 4.2457023335747360e+16 7.2181112929728407e+28
6.5807743332898606e-15 8.6539980078626296e+05 1.2843654059690092e+05 4.1451669348261600e+16 7.1975500861103822e+28
6.4304823936749431e-15 8.6219069058497297e+05 1.2649154333259897e+05 4.0458802233443104e+16 7.1736613121179790e+28
6.2836228262960381e-15 8.5894090526200715e+05 1.2455598103257344e+05 3.9478946974302936e+16 7.1472737056714765e+28
6.1401172425237023e-15 8.5565064811855485e+05 1.2263011769642135e+05 3.8512216314096184e+16 7.1174318593385238e+28
5.9998890439705759e-15 8.5232014284129627e+05 1.2071418413944713e+05 3.7558711846676264e+16 7.0851478083554323e+28
5.8628633816057044e-15 8.4895126555016998e+05 1.1880928796131874e+05 3.6618972760193672e+16 7.0491291383277197e+28
5.7289671158028247e-15 8.4554464902731334e+05 1.1691588478019167e+05 3.5693171581537020e+16 7.0109644510088003e+28
5.5981287773008504e-15 8.4210038907868159e+05 1.1503411242311032e+05 3.4781320002443468e+16 6.9701076833696663e+28
5.4702785290559493e-15 8.3861969020418439e+05 1.1316464228987283e+05 3.3883696964441696e+16 6.9259768956102143e+28
5.3453481289650542e-15 8.3510382785571995e+05 1.1130820159778364e+05 3.3000578263036056e+16 6.8791175778612407e+28
5.2232708934404756e-15 8.3155290526727703e+05 1.0946490164848542e+05 3.2131928508325892e+16 6.8300695646357477e+28
5.1039816618164203e-15 8.2796739625825535e+05 1.0763500102931436e+05 3.1277788880154456e+16 6.7783465865332118e+28
4.9874167615685985e-15 8.2434897388402105e+05 1.0581933762888583e+05 3.0438462779629412e+16 6.7241236326636794e+28
4.8735139743278304e-15 8.2069795426989300e+05 1.0401808961317742e+05 2.9613921078483084e+16 6.6677622522544002e+28
4.7622125026701672e-15 8.1701448731727421e+05 1.0223132921855881e+05 2.8804088296290608e+16 6.6080973514631226e+28
4.6534529376651431e-15 8.1330011359469441e+05 1.0045973809536075e+05 2.8009171812983080e+16 6.5475198202242679e+28
4.5471772271654456e-15 8.0955599179240211e+05 9.8703834366970332e+04 2.7229277178876708e+16 6.4838900010767934e+28
4.4433286448206034e-15 8.0578227860812901e+05 9.6963658156455102e+04 2.6464287295459832e+16 6.4188534171707203e+28
4.3418517597983386e-15 8.0197959758897161e+05 9.5239416039947479e+04 2.5714167433024496e+16 6.3497878268386068e+28
4.2426924071975897e-15 7.9815062091707508e+05 9.3532196703881331e+04 2.4979258604793420e+16 6.2803509042822901e+28
4.1457976591370770e-15 7.9429592876882991e+05 9.1842190270832551e+04 2.4259477257118076e+16 6.2109749829482844e+28
4.0511157965041552e-15 7.9041570615565905e+05 9.0169397925159414e+04 2.3554658949144580e+16 6.1381265144428991e+28
3.9585962813490184e-15 7.8651096132122423e+05 8.8514132051594919e+04 2.2864777056057948e+16 6.0632974009874274e+28
3.8681897299092095e-15 7.8258320955744782e+05 8.6876916633356086e+04 2.2189878779816748e+16 5.9859753705643919e+28
3.7798478862502085e-15 7.7863265571491153e+05 8.5257732207839275e+04 2.1529774149730688e+16 5.9086033454981610e+28
3.6935235965081540e-15 7.7465951598543127e+05 8.3656546070961936e+04 2.0884272687843148e+16 5.8323658409709316e+28
3.6091707837206704e-15 7.7066522586614790e+05 8.2073776793511919e+04 2.0253370319359976e+16 5.7509574255712773e+28
3.5267444232325131e-15 7.6665068900299619e+05 8.0509640557837047e+04 1.9636966481930400e+16 5.6698456564321680e+28
3.4462005186630304e-15 7.6261610043603950e+05 7.8964067618150468e+04 1.9034845443776596e+16 5.5875179806125617e+28
3.3674960784223519e-15 7.5856189233743062e+05 7.7437049979915624e+04 1.8446823463876780e+16 5.5037877740871911e+28
3.2905890927639030e-15 7.5449084056276630e+05 7.5929412847175117e+04 1.7873037744333648e+16 5.4196809217333821e+28
3.2154385113611301e-15 7.5040389647361613e+05 7.4441329682653304e+04 1.7313348930591196e+16 5.3349387150049949e+28
3.1420042213961282e-15 7.4630126955670689e+05 7.2972696857279559e+04 1.6767511550411730e+16 5.2492540384837071e+28
3.0702470261488918e-15 7.4218330143136310e+05 7.1523444005934129e+04 1.6235297984285484e+16 5.1626122983023418e+28
3.0001286240753394e-15 7.3805113026377244e+05 7.0093763712754691e+04 1.5716579021601530e+16 5.0753200242016067e+28
2.9316115883633456e-15 7.3390513191038114e+05 6.8683587230071367e+04 1.5211125210100904e+16 4.9873511193004374e+28
2.8646593469555428e-15 7.2974549786720856e+05 6.7292774073033172e+04 1.4718685413717176e+16 4.9021177894396994e+28
2.7992361630283719e-15 7.2557274929528113e+05 6.5921271836148939e+04 1.4239047125113002e+16 4.8129758178966251e+28
2.7353071159170559e-15 7.2138908930691902e+05 6.4569554610975880e+04 1.3772181373844390e+16 4.7249860579431480e+28
2.6728380824761013e-15 7.1719506238672719e+05 6.3237570241690213e+04 1.3317863703131018e+16 4.6365653530076047e+28
2.6117957188654957e-15 7.1299086056556308e+05 6.1925147247585766e+04 1.2875832366176338e+16 4.5485429331083422e+28
2.5521474427529691e-15 7.0877694613659044e+05 6.0632180634153483e+04 1.2445855366830514e+16 4.4605498201002096e+28
2.4938614159226217e-15 7.0455548512173642e+05 5.9359063570923543e+04 1.2027867371844378e+16 4.3722315102640885e+28
2.4369065272807395e-15 7.0032707408031030e+05 5.8105724837970884e+04 1.1621639175506694e+16 4.2844746998034854e+28
2.3812523762498158e-15 6.9609190213581873e+05 5.6871967740283122e+04 1.1226904162033120e+16 4.1967588211492282e+28
2.3268692565417277e-15 6.9185022723405552e+05 5.5657607657457644e+04 1.0843405970763754e+16 4.1097459316399977e+28
2.2737281403015041e-15 6.8760337597382138e+05 5.4462749008743180e+04 1.0470983872670258e+16 4.0227333949046080e+28
2.2218006626133126e-15 6.8335191153560334e+05 5.3287285146762231e+04 1.0109407689703404e+16 3.9363469467774167e+28
2.1710591063601611e-15 6.7909600047149998e+05 5.2130996375005445e+04 9.7584162080015600e+15 3.8503204101997382e+28
2.1214763874295099e-15 6.7483581251784996e+05 5.0993657323016079e+04 9.4177530839943440e+15 3.7653604823299198e+28
2.0730260402566669e-15 6.7057291415491782e+05 4.9875392655363059e+04 9.0872727434894100e+15 3.6804816088670135e+28
2.0256822036983470e-15 6.6630843963181227e+05 4.8776217122742535e+04 8.7667915821305410e+15 3.5966180438267477e+28
1.9794196072289361e-15 6.6204254721581063e+05 4.7695892220493828e+04 8.4560531260141550e+15 3.5134117875486991e+28
1.9342135574518784e-15 6.5777538407198526e+05 4.6634173176922639e+04 8.1548053824670330e+15 3.4306021853971531e+28
1.8900399249192402e-15 6.5350791715994489e+05 4.5591001960579539e+04 7.8628563305916670e+15 3.3492351148761198e+28
1.8468751312522100e-15 6.4924204844116431e+05 4.4566543760495115e+04 7.5800746137996360e+15 3.2685051246153700e+28
1.8046961365557400e-15 6.4497799101771507e+05 4.3560560989803569e+04 7.3062147566493500e+15 3.1887874160107545e+28
1.7634804271206827e-15 6.4071588747502060e+05 4.2572799841757347e+04 7.0410322971413180e+15 3.1098505214025887e+28
1.7232060034067163e-15 6.3645587436988705e+05 4.1603005728292432e+04 6.7842882006152750e+15 3.0322850776148498e+28
1.6838513682997199e-15 6.3219816260586109e+05 4.0650940837695511e+04 6.5357533726749900e+15 2.9551374056516497e+28
1.6453955156373893e-15 6.2794287799339928e+05 3.9716348996354034e+04 6.2951990785630430e+15 2.8796347757971821e+28
1.6078179189968424e-15 6.2369010461186210e+05 3.8798964206107914e+04 6.0623998060392750e+15 2.8046875539217161e+28
1.5710985207382948e-15 6.1943990943090187e+05 3.7898513235880237e+04 5.8371346560758710e+15 2.7309451827122530e+28
1.5352177212990160e-15 6.1519418848636502e+05 3.7015083684831799e+04 5.6192799051629940e+15 2.6585805240721727e+28
1.5001563687317299e-15 6.1095597417162766e+05 3.6148995373554950e+04 5.4087627927291360e+15 2.5872909524501071e+28
1.4658957484819409e-15 6.0672543926693313e+05 3.5299985070097508e+04 5.2053638819125570e+15 2.5171644317780558e+28
1.4324175733987857e-15 6.0250270121282397e+05 3.4467781474302210e+04 5.0088669886166610e+15 2.4480558002506341e+28
1.3997039739739272e-15 5.9828785503818071e+05 3.3652112140980884e+04 4.8190608519935800e+15 2.3804143639918356e+28
1.3677374888034679e-15 5.9408076436201949e+05 3.2852664658866772e+04 4.6357301988964670e+15 2.3138820886639994e+28
1.3365010552676013e-15 5.8988141304565803e+05 3.2069152236608923e+04 4.4586716475397905e+15 2.2486070275216486e+28
1.3059780004232072e-15 5.8568985764247947e+05 3.1301304623274984e+04 4.2876908235661440e+15 2.1844535858900549e+28
1.2761520321043861e-15 5.8150613907041005e+05 3.0548851348809720e+04 4.1225982997119180e+15 2.1214149310600556e+28
1.2470072302262402e-15 5.7733038657526090e+05 2.9811538916827070e+04 3.9632134103031450e+15 2.0599088865699507e+28
1.2185280382873081e-15 5.7316308273170935e+05 2.9089176497301731e+04 3.8093732334253670e+15 1.9995564016386462e+28
1.1906992550660171e-15 5.6900428596047743e+05 2.8381502697436987e+04 3.6609032251416070e+15 1.9403304318716630e+28
1.1635060265067758e-15 5.6485398336632119e+05 2.7688245597375222e+04 3.5176314283408590e+15 1.8822310157926801e+28
1.1369338377914151e-15 5.6071213741188415e+05 2.7009128976272070e+04 3.3793902021397030e+15 1.8254863966946205e+28
1.1109685055916584e-15 5.5658034295239032e+05 2.6344126886886614e+04 3.2460684396346135e+15 1.7693327515374770e+28
1.0855961704985305e-15 5.5246221246607183e+05 2.5693530239866624e+04 3.1176157848210805e+15 1.7150338083156838e+28
1.0608032896247057e-15 5.4835792936249403e+05 2.5057089356889035e+04 2.9938712751082055e+15 1.6626214640942432e+28
1.0365766293757621e-15 5.4426753719200846e+05 2.4434536806082560e+04 2.8746746807225050e+15 1.6107946441295835e+28
1.0129032583865274e-15 5.4019107117712416e+05 2.3825608095179272e+04 2.7598706382872325e+15 1.5602364470358679e+28
9.8977054061878349e-16 5.3612843367218238e+05 2.3230024231801141e+04 2.6493052308630950e+15 1.5108124857546258e+28
9.6716612861656596e-16 5.3207942428282241e+05 2.2647496074973737e+04 2.5428271670224110e+15 1.4628051150988745e+28
9.4507795691550233e-16 5.2804403270050348e+05 2.2077766010902320e+04 2.4402953377681670e+15 1.4157791784869235e+28
9.2349423560270548e-16 5.2402223443330603e+05 2.1520578530990228e+04 2.3415729284562345e+15 1.3700990360618569e+28
9.0240344402369017e-16 5.2001399002225156e+05 2.0975679797753139e+04 2.2465273035382705e+15 1.3252476442451782e+28
8.8179432463306952e-16 5.1601958751283830e+05 2.0442861263622406e+04 2.1550375694756960e+15 1.2819062913306003e+28
8.6165587698563285e-16 5.1203960309990123e+05 1.9921955579180092e+04 2.0669924913625278e+15 1.2396141067328084e+28
8.4197735186470735e-16 5.0807400577876548e+05 1.9412718965996624e+04 1.9822705104746398e+15 1.1983315717090544e+28
8.2274824554458266e-16 5.0412296868857212e+05 1.8914936723289899e+04 1.9007583048494415e+15 1.1581390148889202e+28
8.0395829418396960e-16 5.0018652607044781e+05 1.8428380642484022e+04 1.8223432715326182e+15 1.1191397622861342e+28
