8.0395829418396959e-13 8.4804775587240432e+05 2.9490982742992975e+05 1.1207738774529656e+17 1.9840491233314199e+27
7.8559746834753246e-13 8.4956224160909769e+05 2.9551663086784317e+05 1.1280173603629504e+17 2.0094021807271121e+27
7.6765596765250801e-13 8.5109187368917582e+05 2.9612324048769416e+05 1.1353096914016374e+17 2.0353642494738644e+27
7.5012421553758558e-13 8.5263673361592460e+05 2.9672954911601357e+05 1.1426503375894813e+17 2.0625974233029209e+27
7.3299285415128468e-13 8.5419643492624746e+05 2.9733536204366543e+05 1.1500376391162586e+17 2.0903608018373313e+27
7.1625273935704306e-13 8.5577070202227903e+05 2.9794046961642540e+05 1.1574697446996430e+17 2.1190637719705678e+27
6.9989493585237990e-13 8.5735930713261245e+05 2.9854467318721698e+05 1.1649449731368363e+17 2.1486422453562090e+27
6.8391071239955609e-13 8.5896215924802981e+05 2.9914781197447539e+05 1.1724621337107915e+17 2.1791003200927752e+27
6.6829153716511489e-13 8.6057937051184091e+05 2.9974980056707561e+05 1.1800209679772619e+17 2.2105756776461858e+27
6.5302907316589952e-13 8.6221077432877128e+05 3.0035048687915877e+05 1.1876202532387882e+17 2.2429372195587633e+27
6.3811517381904706e-13 8.6385603806875763e+05 3.0094965853831090e+05 1.1952579940620446e+17 2.2763420313670640e+27
6.2354187859361313e-13 8.6551482902310370e+05 3.0154708873598604e+05 1.2029320133910133e+17 2.3107121817202364e+27
6.0930140876152718e-13 8.6718705046013300e+05 3.0214261464853003e+05 1.2106410041369445e+17 2.3461488246967360e+27
5.9538616324556484e-13 8.6887259058862145e+05 3.0273607954622858e+05 1.2183836835019877e+17 2.3826467501068368e+27
5.8178871456214496e-13 8.7057117668043566e+05 3.0332727105697256e+05 1.2261580285033494e+17 2.4202264377508950e+27
5.6850180485680912e-13 8.7228280627064349e+05 3.0391605040824920e+05 1.2339630111790845e+17 2.4590916701372921e+27
5.5551834203020698e-13 8.7400733718027768e+05 3.0450226714171463e+05 1.2417973384032886e+17 2.4989878433964870e+27
5.4283139595259256e-13 8.7574438686548697e+05 3.0508567777181399e+05 1.2496584692385640e+17 2.5401522002730950e+27
5.3043419476474946e-13 8.7749388032708480e+05 3.0566612843701744e+05 1.2575451068327019e+17 2.5825386358469448e+27
5.1832012126339740e-13 8.7925566198551876e+05 3.0624345286211924e+05 1.2654556998028958e+17 2.6262103030900489e+27
5.0648270936916735e-13 8.8102930270047416e+05 3.0681739816214057e+05 1.2733874981593955e+17 2.6711814537882342e+27
4.9491564067522283e-13 8.8281476434391947e+05 3.0738780782215844e+05 1.2813391575011702e+17 2.7175043999401225e+27
4.8361274107470329e-13 8.8461198982974014e+05 3.0795453644214344e+05 1.2893094231079438e+17 2.7652191403940187e+27
4.7256797746521049e-13 8.8642081563768350e+05 3.0851741831986688e+05 1.2972966477903525e+17 2.8145590330125797e+27
4.6177545452852868e-13 8.8824078580897988e+05 3.0907623005344818e+05 1.3052982552248069e+17 2.8651365645744862e+27
4.5122941158391827e-13 8.9007147081477940e+05 3.0963070567277790e+05 1.3133112030392869e+17 2.9173085930957005e+27
4.4092421951325472e-13 8.9191297096676088e+05 3.1018071943166485e+05 1.3213345706439131e+17 2.9710791557766597e+27
4.3085437775639206e-13 8.9376533185775159e+05 3.1072615697463648e+05 1.3293674405461294e+17 3.0264581651077624e+27
4.2101451137516242e-13 8.9562857941546827e+05 3.1126694417084940e+05 1.3374093037598475e+17 3.0836182260927894e+27
4.1139936818441155e-13 8.9750235261109425e+05 3.1180296994773223e+05 1.3454587198706570e+17 3.1422893722206913e+27
4.0200381594855675e-13 8.9938588858014217e+05 3.1233412412075431e+05 1.3535136475518483e+17 3.2024929774920055e+27
3.9282283964218600e-13 9.0127440207876044e+05 3.1285918265482760e+05 1.3615548770732032e+17 3.2649114806441470e+27
3.8385153877319545e-13 9.0316789751619264e+05 3.1337748551801546e+05 1.3695756254713530e+17 3.3287274018588170e+27
3.7508512476708503e-13 9.0507021832454053e+05 3.1388952533032349e+05 1.3775864537403605e+17 3.3944870704939325e+27
3.6651891841097572e-13 9.0698107403768669e+05 3.1439510330773733e+05 1.3855849402106963e+17 3.4621619218829613e+27
3.5814834735600098e-13 9.0889999053588288e+05 3.1489393248641322e+05 1.3935674626071904e+17 3.5319687393515706e+27
3.4996894367675177e-13 9.1082676419965364e+05 3.1538578024409182e+05 1.4015313357303936e+17 3.6037644116737946e+27
3.4197634148644563e-13 9.1276121918685432e+05 3.1587042614940432e+05 1.4094740120570358e+17 3.6777700402430923e+27
3.3416627460656126e-13 9.1470299509186239e+05 3.1634761307548691e+05 1.4173922633840694e+17 3.7538908103043827e+27
3.2653457428970620e-13 9.1665180981656921e+05 3.1681710054590221e+05 1.4252831280168557e+17 3.8324263854547410e+27
3.1907716699447724e-13 9.1860714538889297e+05 3.1727857662692020e+05 1.4331425091916856e+17 3.9132133903427540e+27
3.1179007221113923e-13 9.2056895185700967e+05 3.1773178967683623e+05 1.4409676427328984e+17 3.9964645183834443e+27
3.0466940033697372e-13 9.2253732370597834e+05 3.1817655035224016e+05 1.4487566344098518e+17 4.0821775239851510e+27
2.9771135060013152e-13 9.2451198889212648e+05 3.1861263804733567e+05 1.4565066696875283e+17 4.1704935792057586e+27
2.9091220903091890e-13 9.2649269464085624e+05 3.1903983325108199e+05 1.4642149601894314e+17 4.2615058309687929e+27
2.8426834647940371e-13 9.2847879122140270e+05 3.1945786828227906e+05 1.4718775356974336e+17 4.3552405681494092e+27
2.7777621667829500e-13 9.3046982179865777e+05 3.1986644211968424e+05 1.4794903553848982e+17 4.4517124418586098e+27
2.7143235435007391e-13 9.3246554284095659e+05 3.2026528358480305e+05 1.4870500251601530e+17 4.5510572053070201e+27
2.6523337335734285e-13 9.3446577049937332e+05 3.2065412491174799e+05 1.4945532739038106e+17 4.6534186327831825e+27
2.5917596489541772e-13 9.3647046652438282e+05 3.2103273396545619e+05 1.5019974412729126e+17 4.7589300657323616e+27
2.5325689572620839e-13 9.3847952399445814e+05 3.2140092271247238e+05 1.5093802190272371e+17 4.8675858387936858e+27
2.4747300645241784e-13 9.4049203313684615e+05 3.2175840184814873e+05 1.5166967938908986e+17 4.9793904626381836e+27
2.4182120983117104e-13 9.4250757559360005e+05 3.2210485560258577e+05 1.5239429159684618e+17 5.0945072525083656e+27
2.3629848912614671e-13 9.4452611467005336e+05 3.2244001317680452e+05 1.5311154573748458e+17 5.2133173003080937e+27
2.3090189649734352e-13 9.4654754060211265e+05 3.2276364313481969e+05 1.5382115885705130e+17 5.3354853119621735e+27
2.2562855142762949e-13 9.4857128890240507e+05 3.2307548136275331e+05 1.5452272856736166e+17 5.4612957159983732e+27
2.2047563918521709e-13 9.5059703345842531e+05 3.2337523714774637e+05 1.5521586805670870e+17 5.5904604896504397e+27
2.1544040932125280e-13 9.5262464530415181e+05 3.2366265272774606e+05 1.5590025596608432e+17 5.7245596949469199e+27
2.1052017420172673e-13 9.5465400032279338e+05 3.2393751122934587e+05 1.5657562255134186e+17 5.8619747786487270e+27
2.0571230757290243e-13 9.5668439746715315e+05 3.2419958853992616e+05 1.5724157576052534e+17 6.0036891876437630e+27
2.0101424315950971e-13 9.5871530202424654e+05 3.2444859080100252e+05 1.5789767900654406e+17 6.1492280442192164e+27
1.9642347329496030e-13 9.6074624552290514e+05 3.2468423822982213e+05 1.5854352256672842e+17 6.2996019684398158e+27
1.9193754758283432e-13 9.6277671575829212e+05 3.2490619071069127e+05 1.5917862069330787e+17 6.4540877629304465e+27
1.8755407158894795e-13 9.6480660916729621e+05 3.2511409915980260e+05 1.5980255822660045e+17 6.6132056077241957e+27
1.8327070556328355e-13 9.6683606561816961e+05 3.2530768820266292e+05 1.6041505185229926e+17 6.7770154258750667e+27
1.7908516319110873e-13 9.6886489185628458e+05 3.2548676164115762e+05 1.6101582665354342e+17 6.9459110784948984e+27
1.7499521037262478e-13 9.7089228173637961e+05 3.2565107975661469e+05 1.6160445182995923e+17 7.1197606939187795e+27
1.7099866403047436e-13 9.7291797459558409e+05 3.2580038454730890e+05 1.6218057846736112e+17 7.2986286123915678e+27
1.6709339094449448e-13 9.7494127437876165e+05 3.2593442015171371e+05 1.6274376960714656e+17 7.4828386762145761e+27
1.6327730661307397e-13 9.7696175690675294e+05 3.2605285316471104e+05 1.6329356407863542e+17 7.6723159966521315e+27
1.5954837414051565e-13 9.7897930276982230e+05 3.2615534703600587e+05 1.6382955714305219e+17 7.8673404973251827e+27
1.5590460314981504e-13 9.8099381571026111e+05 3.2624161634569452e+05 1.6435141019256790e+17 8.0683348964486041e+27
1.5234404872026269e-13 9.8300503464341396e+05 3.2631144433429698e+05 1.6485882252575446e+17 8.2750352551707782e+27
1.4886481034931015e-13 9.8501240368335298e+05 3.2636460265498696e+05 1.6535141867459123e+17 8.4880307098697603e+27
1.4546503093815020e-13 9.8701571243822819e+05 3.2640087248591339e+05 1.6582890871854067e+17 8.7070566831490709e+27
1.4214289580045901e-13 9.8901405759318406e+05 3.2642007848499401e+05 1.6629089778819347e+17 8.9325666197152731e+27
1.3889663169377659e-13 9.9100691989138129e+05 3.2642188733456843e+05 1.6673690531793226e+17 9.1643687058578241e+27
1.3572450587301461e-13 9.9299421306002594e+05 3.2640590855103103e+05 1.6716648893291389e+17 9.4032125618637689e+27
1.3262482516557153e-13 9.9497612160963053e+05 3.2637184746050189e+05 1.6757937243721664e+17 9.6488811837871711e+27
1.2959593506757878e-13 9.9695247430790868e+05 3.2631960998566257e+05 1.6797541739148429e+17 9.9014742368197041e+27
1.2663621886078123e-13 9.9892180340628885e+05 3.2624920264212601e+05 1.6835429630586326e+17 1.0161564770388613e+28
1.2374409674958667e-13 1.0008834577796105e+06 3.2616028288806230e+05 1.6871549301281005e+17 1.0428850744129634e+28
1.2091802501782780e-13 1.0028372564560038e+06 3.2605240935830731e+05 1.6905849868353085e+17 1.0703689368612515e+28
1.1815649520477777e-13 1.0047832362485167e+06 3.2592521115069313e+05 1.6938293516245226e+17 1.0986344249550844e+28
1.1545803329998362e-13 1.0067212017861770e+06 3.2577843960588460e+05 1.6968850114197667e+17 1.1277065968139902e+28
1.1282119895649331e-13 1.0086506435361425e+06 3.2561192799439246e+05 1.6997491536550192e+17 1.1576147319952202e+28
1.1024458472204377e-13 1.0105712895818785e+06 3.2542544614210067e+05 1.7024188352350250e+17 1.1883611250413118e+28
1.0772681528781416e-13 1.0124827648299065e+06 3.2521889091045095e+05 1.7048922779196890e+17 1.2199575522038800e+28
1.0526654675433147e-13 1.0143840659237716e+06 3.2499218426873226e+05 1.7071664130104550e+17 1.2524236995227416e+28
1.0286246591414157e-13 1.0162747786279327e+06 3.2474499992050452e+05 1.7092370183943830e+17 1.2857982999976504e+28
1.0051328955086642e-13 1.0181547004049529e+06 3.2447696637583326e+05 1.7110999347688323e+17 1.3200700448243124e+28
9.8217763754265583e-14 1.0200236824071711e+06 3.2418778372684383e+05 1.7127520491196822e+17 1.3553310099165028e+28
9.5974663250940560e-14 1.0218815958877745e+06 3.2387728353337210e+05 1.7141915659860525e+17 1.3915321458072976e+28
9.3782790750328011e-14 1.0237275044499688e+06 3.2354556223534368e+05 1.7154175323130995e+17 1.4287487893640307e+28
9.1640976305625656e-14 1.0255607272238241e+06 3.2319239857815631e+05 1.7164263449935392e+17 1.4669292388509680e+28
8.9548076689313450e-14 1.0273808926935558e+06 3.2281745285589976e+05 1.7172139490811334e+17 1.5061215502796086e+28
8.7502974782940347e-14 1.0291878070238259e+06 3.2242035757355194e+05 1.7177765384224426e+17 1.5463995470724102e+28
8.5504578980841602e-14 1.0309812482026189e+06 3.2200084492226213e+05 1.7181112945309210e+17 1.5877241368366539e+28
8.3551822607479450e-14 1.0327609396942355e+06 3.2155874722425826e+05 1.7182163989897360e+17 1.6301633140055416e+28
8.1643663348086941e-14 1.0345263307130456e+06 3.2109399188333133e+05 1.7180903202492934e+17 1.6736603088307241e+28
7.9779082692314898e-14 1.0362771709685355e+06 3.2060636525904108e+05 1.7177308501534842e+17 1.7183859275655830e+28
7.7957085390588123e-14 1.0380131772762332e+06 3.2009576364913420e+05 1.7171369694467661e+17 1.7642690102360780e+28
7.6176698922872544e-14 1.0397337887445070e+06 3.1956218965655600e+05 1.7163079716320582e+17 1.8113075450644626e+28
7.4436972979579387e-14 1.0414387747631498e+06 3.1900547235870187e+05 1.7152423226588906e+17 1.8594777246042760e+28
7.2736978954321352e-14 1.0431278222116339e+06 3.1842567884049850e+05 1.7139407382066698e+17 1.9090480851637464e+28
7.1075809448253324e-14 1.0447998697985691e+06 3.1782308237562439e+05 1.7124039892747968e+17 1.9597626451913396e+28
6.9452577785735583e-14 1.0464544037948281e+06 3.1719744132941274e+05 1.7106291220348326e+17 2.0117277243477293e+28
6.7866417541055714e-14 1.0480909852598421e+06 3.1654845616774139e+05 1.7086128804335050e+17 2.0649736375238324e+28
6.6316482075959181e-14 1.0497093178141308e+06 3.1587578349050088e+05 1.7063520134432736e+17 2.1194958702069313e+28
6.4801944087744509e-14 1.0513090452258009e+06 3.1517918041303463e+05 1.7038441971567920e+17 2.1753463838891615e+28
6.3321995167676364e-14 1.0528898445401737e+06 3.1445840982451709e+05 1.7010873195818477e+17 2.2325554623091074e+28
6.1875845369483762e-14 1.0544515431842692e+06 3.1371318250569934e+05 1.6980792608762624e+17 2.2910678812236718e+28
6.0462722787715319e-14 1.0559940134249912e+06 3.1294335142142797e+05 1.6948195054159392e+17 2.3511249380230911e+28
5.9081873145721601e-14 1.0575172357605279e+06 3.1214890791906766e+05 1.6913092875638557e+17 2.4125378191749220e+28
5.7732559393047217e-14 1.0590205233411440e+06 3.1133049356083234e+05 1.6875543650464202e+17 2.4754207781514362e+28
5.6414061312020209e-14 1.0605032668602397e+06 3.1048823422904173e+05 1.6835556186879731e+17 2.5396528378899428e+28
5.5125675133322412e-14 1.0619651847514904e+06 3.0962200828123494e+05 1.6793124907854810e+17 2.6054120450040668e+28
5.3866713160343085e-14 1.0634058848516755e+06 3.0873196239120880e+05 1.6748267430459261e+17 2.6726257348822043e+28
5.2636503402109189e-14 1.0648247303879247e+06 3.0781822490609845e+05 1.6700992800336474e+17 2.7413005502829037e+28
5.1434389214598862e-14 1.0662213122240440e+06 3.0688064412655798e+05 1.6651289987463446e+17 2.8114803069313833e+28
5.0259728950248755e-14 1.0675952469661562e+06 3.0591904871590051e+05 1.6599147398177312e+17 2.8831589653971187e+28
4.9111895615462751e-14 1.0689462766204330e+06 3.0493321308460180e+05 1.6544552626640445e+17 2.9563503951955354e+28
4.7990276535945624e-14 1.0702741468349907e+06 3.0392303657608636e+05 1.6487506254730304e+17 3.0310948600041754e+28
4.6894273029677714e-14 1.0715786828121638e+06 3.0288847938130103e+05 1.6428017440257123e+17 3.1073542458363563e+28
4.5823300087358381e-14 1.0728595242139718e+06 3.0182987796299788e+05 1.6366126495296566e+17 3.1852605706535380e+28
4.4776786060149089e-14 1.0741162994494739e+06 3.0074743624709680e+05 1.6301857760805011e+17 3.2647661424883962e+28
4.3754172354546191e-14 1.0753486703490769e+06 2.9964111480844655e+05 1.6235219179805379e+17 3.3457776494623882e+28
4.2754913134222209e-14 1.0765564794853535e+06 2.9851099409320694e+05 1.6166232155971235e+17 3.4284118135202959e+28
4.1778475028678120e-14 1.0777392757601456e+06 2.9735750527487532e+05 1.6094942972497178e+17 3.5125274939300656e+28
4.0824336848547811e-14 1.0788967105184002e+06 2.9618069601302932e+05 1.6021365584838835e+17 3.5983545002394126e+28
3.9891989307404462e-14 1.0800285270694904e+06 2.9498056353790290e+05 1.5945512508985971e+17 3.6856222702433439e+28
3.8980934749921996e-14 1.0811344920587246e+06 2.9375726605961373e+05 1.5867411755385408e+17 3.7747008895321512e+28
3.8090686886242321e-14 1.0822142146006951e+06 2.9251107364805753e+05 1.5787097537284307e+17 3.8652555418757326e+28
3.7220770532411519e-14 1.0832674337816155e+06 2.9124201395104686e+05 1.5704585775154611e+17 3.9573949106125474e+28
3.6370721356742348e-14 1.0842939472541593e+06 2.8995013802466932e+05 1.5619896933590541e+17 4.0510051606998622e+28
3.5540085631969392e-14 1.0852935262872337e+06 2.8863576995525596e+05 1.5533075170686982e+17 4.1463356674536025e+28
3.4728419993065977e-14 1.0862658540543967e+06 2.8729919222428225e+05 1.5444158025582544e+17 4.2431855921731613e+28
3.3935291200589816e-14 1.0872107044053050e+06 2.8594047609106585e+05 1.5353167812874838e+17 4.3417186601349549e+28
3.3160275909435640e-14 1.0881279331644066e+06 2.8455973502325156e+05 1.5260133195087568e+17 4.4416277016540336e+28
3.2402960442867525e-14 1.0890173471485316e+06 2.8315750345015840e+05 1.5165117553590022e+17 4.5432407318703471e+28
3.1662940571711986e-14 1.0898786035771284e+06 2.8173412247600785e+05 1.5068163932290640e+17 4.6464128969017880e+28
3.0939821298595029e-14 1.0907115477963036e+06 2.8028969975992170e+05 1.4969298078493635e+17 4.7507027445437887e+28
3.0233216647105607e-14 1.0915159428766749e+06 2.7882437041667849e+05 1.4868549973243190e+17 4.8566148133789473e+28
2.9542749455774224e-14 1.0922916552846520e+06 2.7733850174193451e+05 1.4765969342449363e+17 4.9641725559251878e+28
2.8868051176757726e-14 1.0930384619532754e+06 2.7583237478303775e+05 1.4661597303758208e+17 5.0730503881456190e+28
2.8208761679120653e-14 1.0937562292677849e+06 2.7430615308069502e+05 1.4555467245332781e+17 5.1833549533151598e+28
2.7564529056609296e-14 1.0944449060331024e+06 2.7276003858603211e+05 1.4447618488338778e+17 5.2949631995424165e+28
2.6935009439816838e-14 1.0951044696783640e+06 2.7119473396524548e+05 1.4338132421620083e+17 5.4080762420458790e+28
2.6319866812637211e-14 1.0957346874255650e+06 2.6961091067021212e+05 1.4227080630706376e+17 5.5225019520942171e+28
2.5718772832910860e-14 1.0963353701458045e+06 2.6800875989450637e+05 1.4114496363973675e+17 5.6380904459595745e+28
2.5131406657167638e-14 1.0969063685764496e+06 2.6638848737041384e+05 1.4000415156962949e+17 5.7548842402240998e+28
2.4557454769370657e-14 1.0974475771681715e+06 2.6475038489867613e+05 1.3884880866093093e+17 5.8730882025736138e+28
2.3996610813572847e-14 1.0979588695218405e+06 2.6309485724627733e+05 1.3767945461805310e+17 5.9922990812623033e+28
2.3448575430394285e-14 1.0984401327337956e+06 2.6142214803657681e+05 1.3649648360502136e+17 6.1126233272029797e+28
2.2913056097234067e-14 1.0988913066969588e+06 2.5973250946388481e+05 1.3530031065010176e+17 6.2340659123660711e+28
2.2389766972132404e-14 1.0993124199771399e+06 2.5802626462765961e+05 1.3409143059291190e+17 6.3564650509727430e+28
2.1878428741197178e-14 1.0997035070083584e+06 2.5630420611530441e+05 1.3287070013481941e+17 6.4799170195573742e+28
2.1378768469516348e-14 1.1000644976372991e+06 2.5456676309801653e+05 1.3163865426553613e+17 6.6042026854008347e+28
2.0890519455474319e-14 1.1003953582336023e+06 2.5281422339117853e+05 1.3039572623397190e+17 6.7294972544889547e+28
2.0413421088395478e-14 1.1006961216387905e+06 2.5104689899375683e+05 1.2914238478973090e+17 6.8555673707842817e+28
1.9947218709439593e-14 1.1009669544512955e+06 2.4926541939574550e+05 1.2787937047094810e+17 6.9823551878050541e+28
1.9491663475673367e-14 1.1012078997692736e+06 2.4747071898276111e+05 1.2660760697818693e+17 7.1098116732135773e+28
1.9046512227246311e-14 1.1014189072581297e+06 2.4566313229665480e+05 1.2532753124056171e+17 7.2379634194922388e+28
1.8611527357600804e-14 1.1015999525032777e+06 2.4384298090478775e+05 1.2403957564547384e+17 7.3665816014331213e+28
1.8186476686645556e-14 1.1017510602385500e+06 2.4201060162602252e+05 1.2274419309158229e+17 7.4958059274841087e+28
1.7771133336825583e-14 1.1018723131444617e+06 2.4016652388162332e+05 1.2144198870347867e+17 7.6252064201684406e+28
1.7365275612023216e-14 1.1019637569940377e+06 2.3831122731631849e+05 1.2013351211622662e+17 7.7552928391365191e+28
1.6968686879223694e-14 1.1020254376025270e+06 2.3644506096658390e+05 1.1881921467709814e+17 7.8856606213887496e+28
1.6581155452884349e-14 1.1020574544816627e+06 2.3456838733748897e+05 1.1749956630825864e+17 8.0161695412151238e+28
1.6202474481943860e-14 1.1020599996011762e+06 2.3268161798940130e+05 1.1617509230858160e+17 8.1468805013837815e+28
1.5832441839412017e-14 1.1020334326277070e+06 2.3078579564070719e+05 1.1484679141788133e+17 8.2775638966882895e+28
1.5470860014481690e-14 1.1019778643590421e+06 2.2888158677126004e+05 1.1351531938006208e+17 8.4081674144534817e+28
1.5117536007103770e-14 1.1018933607095261e+06 2.2696936386367428e+05 1.1218110585786461e+17 8.5387638182305077e+28
1.4772281224970779e-14 1.1017800222193110e+06 2.2504950532702653e+05 1.1084458709140694e+17 8.6692703925442109e+28
1.4434911382852522e-14 1.1016379815663260e+06 2.2312240059495438e+05 1.0950621090415885e+17 8.7994026680426933e+28
1.4105246404230745e-14 1.1014674639580213e+06 2.2118865484438968e+05 1.0816658677803115e+17 8.9295127483500158e+28
1.3783110325180794e-14 1.1012686314702029e+06 2.1924876726991360e+05 1.0682622501691168e+17 9.0589666643520097e+28
1.3468331200447878e-14 1.1010416327797899e+06 2.1730312658358598e+05 1.0548555306110214e+17 9.1878719371665194e+28
1.3160741011668400e-14 1.1007866627263434e+06 2.1535212702510416e+05 1.0414500482642827e+17 9.3163659153727535e+28
1.2860175577687812e-14 1.1005039769237740e+06 2.1339617691603792e+05 1.0280503270245546e+17 9.4442330146696971e+28
1.2566474466926146e-14 1.1001940146535533e+06 2.1143605819137144e+05 1.0146636855386914e+17 9.5711412375441430e+28
1.2279480911744954e-14 1.0998571356922295e+06 2.0947260878828610e+05 1.0012973890526395e+17 9.6974770721096524e+28
1.1999041724770400e-14 1.0994935281391961e+06 2.0750622633054238e+05 9.8795536814441600e+16 9.8228498767058993e+28
1.1725007217126900e-14 1.0991034192307570e+06 2.0553730874300198e+05 9.7464154528829936e+16 9.9472147028050136e+28
1.1457231118538169e-14 1.0986870429377155e+06 2.0356625844844524e+05 9.6135989435243360e+16 1.0070753186581080e+29
1.1195570499253468e-14 1.0982447807623104e+06 2.0159357178836531e+05 9.4811512450687600e+16 1.0192877242956387e+29
1.0939885693756198e-14 1.0977770970424723e+06 1.9962010291615187e+05 9.3491429272854240e+16 1.0313836885992170e+29
1.0690040226215535e-14 1.0972842481263569e+06 1.9764630989556128e+05 9.2176136810727136e+16 1.0433620858159795e+29
1.0445900737640148e-14 1.0967664509390409e+06 1.9567253271887661e+05 9.0865943755920224e+16 1.0551962265896525e+29
1.0207336914695582e-14 1.0962239554987720e+06 1.9369904288149672e+05 8.9561118036388384e+16 1.0669056173633961e+29
9.9742214201477500e-15 1.0956571190362184e+06 1.9172623186914282e+05 8.8262018752604544e+16 1.0784357621227148e+29
9.7464298248943204e-15 1.0950665238211299e+06 1.8975480238528879e+05 8.6969227818831824e+16 1.0898312426137090e+29
9.5238405415489943e-15 1.0944527000171104e+06 1.8778557182690510e+05 8.5683367641111664e+16 1.1010420899833966e+29
9.3063347595421789e-15 1.0938159816118355e+06 1.8581892997330893e+05 8.4404751890601920e+16 1.1120869442256234e+29
9.0937963817038467e-15 1.0931567897506128e+06 1.8385539204281522e+05 8.3133777387359696e+16 1.1229628588265744e+29
8.8861119622950472e-15 1.0924755197766838e+06 1.8189546575492574e+05 8.1870819272380976e+16 1.1336341863972641e+29
8.6831706464543330e-15 1.0917724987426340e+06 1.7993951881476247e+05 8.0616149070293104e+16 1.1441317766668684e+29
8.4848641110271021e-15 1.0910480349700633e+06 1.7798785231436390e+05 7.9369990427832768e+16 1.1544169342613117e+29
8.2910865067466053e-15 1.0903024998306036e+06 1.7604077566852543e+05 7.8132576450578096e+16 1.1644893676909309e+29
8.1017344017351153e-15 1.0895363428054010e+06 1.7409865525331744e+05 7.6904182019672576e+16 1.1743686248377840e+29
7.9167067262954120e-15 1.0887502973517785e+06 1.7216220636952188e+05 7.5685312977177136e+16 1.1840362394395607e+29
7.7359047189634282e-15 1.0879448173469456e+06 1.7023209115862628e+05 7.4476404567307648e+16 1.1934642977023895e+29
7.5592318737926421e-15 1.0871204403534771e+06 1.6830864997408146e+05 7.3277667831823024e+16 1.2026741637516849e+29
7.3865938888424051e-15 1.0862773759288790e+06 1.6639215239864803e+05 7.2089263197680608e+16 1.2116643621058448e+29
7.2178986158429975e-15 1.0854160945757395e+06 1.6448285227810871e+05 7.0911345483241136e+16 1.2203804976289997e+29
7.0530560110097832e-15 1.0845371157258844e+06 1.6258108032306147e+05 6.9744121975271984e+16 1.2286951920970236e+29
6.8919780869811397e-15 1.0836410732823675e+06 1.6068741384003617e+05 6.8587962178747608e+16 1.2371287261402778e+29
6.7345788658535760e-15 1.0827288033856042e+06 1.5880266240254411e+05 6.7443350663172688e+16 1.2451732572990679e+29
6.5807743332898606e-15 1.0818006797408026e+06 1.5692714237468023e+05 6.6310436749158744e+16 1.2528999641303380e+29
6.4304823936749431e-15 1.0808570756272720e+06 1.5506109711318076e+05 6.5189316742666672e+16 1.2604010132629730e+29
6.2836228262960381e-15 1.0798982852491450e+06 1.5320460704157056e+05 6.4079988514933560e+16 1.2676378273247821e+29
6.1401172425237023e-15 1.0789247485049726e+06 1.5135793361838339e+05 6.2982569215424808e+16 1.2746273899292565e+29
5.9998890439705759e-15 1.0779370231859074e+06 1.4952137442659435e+05 6.1897198606591944e+16 1.2813531435286679e+29
5.8628633816057044e-15 1.0769357853164331e+06 1.4769543989227436e+05 6.0824140938239960e+16 1.2878253394647721e+29
5.7289671158028247e-15 1.0759215643390520e+06 1.4588046806511373e+05 5.9763538234916856e+16 1.2940049402108166e+29
5.5981287773008504e-15 1.0748948440767769e+06 1.4407671321887584e+05 5.8715477075643384e+16 1.2998855506147352e+29
5.4702785290559493e-15 1.0738561485318798e+06 1.4228445891366451e+05 5.7680058788108136e+16 1.3055564931079471e+29
5.3453481289650542e-15 1.0728059962416834e+06 1.4050398413635333e+05 5.6657375488951040e+16 1.3109371445156607e+29
5.2232708934404756e-15 1.0717448803283197e+06 1.3873551929280793e+05 5.5647485863417504e+16 1.3160817427042861e+29
5.1039816618164203e-15 1.0706732865586723e+06 1.3697927567277011e+05 5.4650433684418000e+16 1.3208813355486595e+29
4.9874167615685985e-15 1.0695917484408990e+06 1.3523541768803081e+05 5.3666234002810496e+16 1.3254896408582226e+29
4.8735139743278304e-15 1.0685006266204887e+06 1.3350414749330241e+05 5.2694924073734168e+16 1.3297887600681227e+29
4.7622125026701672e-15 1.0674006362885046e+06 1.3178566865593666e+05 5.1736541451245560e+16 1.3337738836474834e+29
4.6534529376651431e-15 1.0662924341892942e+06 1.3008032591605089e+05 5.0791203531215992e+16 1.3374745523245137e+29
4.5471772271654456e-15 1.0651766383391721e+06 1.2838841555036962e+05 4.9858987373913272e+16 1.3410088622100818e+29
4.4433286448206034e-15 1.0640537856839264e+06 1.2671011505468238e+05 4.8939897392186552e+16 1.3442338495371073e+29
4.3418517597983386e-15 1.0629244337693418e+06 1.2504560606058959e+05 4.8033938975656640e+16 1.3471878540835804e+29
4.2426924071975897e-15 1.0617891831896037e+06 1.2339511602975077e+05 4.7141139656538328e+16 1.3498851449455189e+29
4.1457976591370770e-15 1.0606485833192354e+06 1.2175881018107910e+05 4.6261487522482456e+16 1.3523206843585857e+29
4.0511157965041552e-15 1.0595031812261487e+06 1.2013683553624290e+05 4.5394958706124976e+16 1.3544924863194694e+29
3.9585962813490184e-15 1.0583535735546804e+06 1.1852935883277885e+05 4.4541538958457344e+16 1.3564131089955392e+29
3.8681897299092095e-15 1.0572002942272616e+06 1.1693655660227260e+05 4.3701215469227368e+16 1.3580889064668983e+29
3.7798478862502085e-15 1.0560439464909097e+06 1.1535855420334969e+05 4.2873944869660448e+16 1.3595007420279190e+29
3.6935235965081540e-15 1.0548850711892690e+06 1.1379547143746287e+05 4.2059680146863776e+16 1.3606787338716618e+29
3.6091707837206704e-15 1.0537243295301723e+06 1.1224752848299738e+05 4.1258426602741896e+16 1.3616166921977492e+29
3.5267444232325131e-15 1.0525623051779482e+06 1.1071489102654006e+05 4.0470152355714408e+16 1.3623183146930425e+29
3.4462005186630304e-15 1.0513994960678758e+06 1.0919765127455833e+05 3.9694782156861392e+16 1.3627901742662358e+29
3.3674960784223519e-15 1.0502363852355280e+06 1.0769588375428517e+05 3.8932229290527672e+16 1.3630007152398399e+29
3.2905890927639030e-15 1.0490733186824960e+06 1.0620952196633510e+05 3.8182332470656344e+16 1.3629909627863639e+29
3.2154385113611301e-15 1.0479107758547481e+06 1.0473859724292262e+05 3.7444986595253232e+16 1.3627587133540052e+29
3.1420042213961282e-15 1.0467492667170760e+06 1.0328317630388662e+05 3.6720103685947408e+16 1.3623077988304633e+29
3.0702470261488918e-15 1.0455892369726977e+06 1.0184328787475577e+05 3.6007572879905864e+16 1.3616634203669703e+29
3.0001286240753394e-15 1.0444309949906737e+06 1.0041877495219451e+05 3.5307191081733504e+16 1.3607734614240832e+29
2.9316115883633456e-15 1.0432750009859438e+06 9.9009646422723439e+04 3.4618847045384420e+16 1.3596981054750000e+29
2.8646593469555428e-15 1.0421218408936088e+06 9.7615945689442000e+04 3.3942446719822284e+16 1.3584050142343604e+29
2.7992361630283719e-15 1.0409721553306264e+06 9.6237701835736661e+04 3.3277887895646688e+16 1.3569238512443848e+29
2.7353071159170559e-15 1.0398260887071781e+06 9.4874893570003172e+04 3.2625043670686668e+16 1.3552162467980283e+29
2.6728380824761013e-15 1.0386844309935862e+06 9.3527538463787350e+04 3.1983808214657248e+16 1.3533698397313644e+29
2.6117957188654957e-15 1.0375477423286624e+06 9.2195657850195072e+04 3.1354077573935948e+16 1.3512903319527440e+29
2.5521474427529691e-15 1.0364165453544818e+06 9.0879280482117028e+04 3.0735751893531892e+16 1.3490311560091182e+29
2.4938614159226217e-15 1.0352914741990519e+06 8.9578510014650092e+04 3.0128765634794416e+16 1.3465890768988351e+29
2.4369065272807395e-15 1.0341730493933988e+06 8.8293368825424390e+04 2.9533009740102916e+16 1.3440468029879312e+29
2.3812523762498158e-15 1.0330617405601033e+06 8.7023854671034831e+04 2.8948361660483964e+16 1.3412883161527163e+29
2.3268692565417277e-15 1.0319579510453341e+06 8.5769934864896699e+04 2.8374680828703812e+16 1.3383846621406502e+29
2.2737281403015041e-15 1.0308617042702175e+06 8.4531237487727674e+04 2.7811669308062836e+16 1.3353226947548957e+29
2.2218006626133126e-15 1.0297734177915882e+06 8.3307629054800796e+04 2.7259156338366972e+16 1.3321237447052676e+29
2.1710591063601611e-15 1.0286936484227970e+06 8.2099093155215625e+04 2.6717028020673004e+16 1.3287947670837611e+29
2.1214763874295099e-15 1.0276229346923801e+06 8.0905608795747146e+04 2.6185168708352424e+16 1.3253050039582324e+29
2.0730260402566669e-15 1.0265618624387117e+06 7.9727186666778740e+04 2.5663477778581800e+16 1.3216623096496497e+29
2.0256822036983470e-15 1.0255109702071019e+06 7.8563819810816203e+04 2.5151844449581964e+16 1.3179186008283398e+29
1.9794196072289361e-15 1.0244707617772557e+06 7.7415474871738363e+04 2.4650145788589832e+16 1.3140600368938917e+29
1.9342135574518784e-15 1.0234417120970404e+06 7.6282113109315702e+04 2.4158255653766764e+16 1.3100751334280404e+29
1.8900399249192402e-15 1.0224242004324293e+06 7.5163622387980227e+04 2.3676013879374940e+16 1.3059737853414578e+29
1.8468751312522100e-15 1.0214185135513151e+06 7.4059811456283845e+04 2.3203230459900176e+16 1.3017552300097358e+29
1.8046961365557400e-15 1.0204251775498661e+06 7.2970628385433025e+04 2.2739780753119124e+16 1.2974574451121706e+29
1.7634804271206827e-15 1.0194446619825632e+06 7.1896022620713178e+04 2.2285540668969980e+16 1.2930547634890545e+29
1.7232060034067163e-15 1.0184774556649759e+06 7.0835925683625275e+04 2.1840377272305236e+16 1.2885921821931465e+29
1.6838513682997199e-15 1.0175236618483779e+06 6.9790132368653576e+04 2.1404100272159764e+16 1.2840170677130578e+29
1.6453955156373893e-15 1.0165838943630367e+06 6.8758543699796835e+04 2.0976570568051724e+16 1.2793459243155865e+29
1.6078179189968424e-15 1.0156585675306446e+06 6.7741099100149338e+04 2.0557666304077336e+16 1.2745990501879351e+29
1.5710985207382948e-15 1.0147481224667290e+06 6.6737734294273308e+04 2.0147263331766412e+16 1.2697795876584503e+29
1.5352177212990160e-15 1.0138528201443016e+06 6.5748278420171831e+04 1.9745191193672720e+16 1.2649181742030498e+29
1.5001563687317299e-15 1.0129729437559132e+06 6.4772501113312414e+04 1.9351261562233616e+16 1.2599884274161063e+29
1.4658957484819409e-15 1.0121089518805317e+06 6.3810331022003928e+04 1.8965355644793288e+16 1.2549994888388626e+29
1.4324175733987857e-15 1.0112612771439992e+06 6.2861696481694940e+04 1.8587354055915156e+16 1.2499326759745458e+29
1.3997039739739272e-15 1.0104302625689922e+06 6.1926503869200722e+04 1.8217125941091128e+16 1.2448180728082851e+29
1.3677374888034679e-15 1.0096158788881499e+06 6.1004314241473054e+04 1.7854401794054676e+16 1.2396844899280292e+29
1.3365010552676013e-15 1.0088184392366934e+06 6.0094915384445718e+04 1.7499018522515504e+16 1.2344752556393067e+29
1.3059780004232072e-15 1.0080385499314291e+06 5.9198233571344084e+04 1.7150871623345110e+16 1.2292264658470417e+29
1.2761520321043861e-15 1.0072767205927701e+06 5.8314193112431363e+04 1.6809856315789882e+16 1.2240051777515994e+29
1.2470072302262402e-15 1.0065334653219185e+06 5.7442708255036625e+04 1.6475864210298404e+16 1.2186932098730090e+29
1.2185280382873081e-15 1.0058092629836072e+06 5.6583662845018756e+04 1.6148776157519682e+16 1.2133548661087174e+29
1.1906992550660171e-15 1.0051046402008701e+06 5.5736972851756269e+04 1.5828487335574482e+16 1.2079976305694071e+29
1.1635060265067758e-15 1.0044200940557437e+06 5.4902556151550627e+04 1.5514894016477178e+16 1.2026444539581518e+29
1.1369338377914151e-15 1.0037561347785731e+06 5.4080330378199222e+04 1.5207892854366242e+16 1.1973015704703567e+29
1.1109685055916584e-15 1.0031131804827807e+06 5.3270173978909035e+04 1.4907365090738310e+16 1.1919362330324049e+29
1.0855961704985305e-15 1.0024916318406187e+06 5.2471922128161219e+04 1.4613178268326706e+16 1.1865799675298015e+29
1.0608032896247057e-15 1.0018919788407511e+06 5.1685486874582253e+04 1.4325231229325386e+16 1.1812763961023496e+29
1.0365766293757621e-15 1.0013146799833864e+06 5.0910781605751807e+04 1.4043423206425040e+16 1.1758490160242265e+29
1.0129032583865274e-15 1.0007601431400460e+06 5.0147718414882045e+04 1.3767651817441788e+16 1.1705133359939413e+29
9.8977054061878349e-16 1.0002284729772088e+06 4.9396000216845234e+04 1.3497734487810760e+16 1.1651975284813110e+29
9.6716612861656596e-16 9.9971986724492419e+05 4.8655203187262283e+04 1.3233454399316198e+16 1.1598853236458813e+29
9.4507795691550233e-16 9.9923496008104470e+05 4.7925239901194989e+04 1.2974726116794598e+16 1.1545839098846503e+29
9.2349423560270548e-16 9.9877440399766923e+05 4.7206027278332673e+04 1.2721466865521714e+16 1.1493463293333907e+29
9.0240344402369017e-16 9.9833885440917627e+05 4.6497480879274364e+04 1.2473594556501960e+16 1.1441179318983335e+29
8.8179432463306952e-16 9.9792905607226328e+05 4.5799574120542457e+04 1.2231049841759264e+16 1.1389185401467393e+29
8.6165587698563285e-16 9.9754571708827012e+05 4.5112326522509786e+04 1.1993787244847720e+16 1.1338055115330911e+29
8.4197735186470735e-16 9.9718941488701198e+05 4.4435651573016890e+04 1.1761721908519076e+16 1.1287723184090236e+29
8.2274824554458266e-16 9.9686067441039893e+05 4.3769441357682343e+04 1.1534762155430012e+16 1.1236781770692936e+29
8.0395829418396960e-16 9.9656005833800090e+05 4.3113598628200845e+04 1.1312821318028188e+16 1.1187027110221797e+29
