8.0395829418396959e-13 8.4247529977814062e+05 2.9309804163447925e+05 1.1013382708050384e+17 1.9592836934217474e+27
7.8559746834753246e-13 8.4399668370059459e+05 2.9369984660159203e+05 1.1084643850353070e+17 1.9848809910687043e+27
7.6765596765250801e-13 8.4553349699771183e+05 2.9430148795558146e+05 1.1156395808485002e+17 2.0112486437511252e+27
7.5012421553758558e-13 8.4708574929943343e+05 2.9490287333075667e+05 1.1228635231130158e+17 2.0384686584351730e+27
7.3299285415128468e-13 8.4865317881580465e+05 2.9550382098512596e+05 1.1301347427044163e+17 2.0665539345835409e+27
7.1625273935704306e-13 8.5023550399562425e+05 2.9610413634920696e+05 1.1374516075369698e+17 2.0954518588842708e+27
6.9989493585237990e-13 8.5183252632925299e+05 2.9670363623355504e+05 1.1448126624554166e+17 2.1253485977243806e+27
6.8391071239955609e-13 8.5344418331438035e+05 2.9730217701167864e+05 1.1522169618869768e+17 2.1560570622139937e+27
6.6829153716511489e-13 8.5507063053656963e+05 2.9789969177962543e+05 1.1596645038591458e+17 2.1878450431749275e+27
6.5302907316589952e-13 8.5671172492390708e+05 2.9849604848252417e+05 1.1671543488834638e+17 2.2206496656976990e+27
6.3811517381904706e-13 8.5836718384248344e+05 2.9909105743527994e+05 1.1746848267971742e+17 2.2543374778280967e+27
6.2354187859361313e-13 8.6003671182552190e+05 2.9968451878860511e+05 1.1822541357378165e+17 2.2891504704094067e+27
6.0930140876152718e-13 8.6172025493697322e+05 3.0027629522707610e+05 1.1898613320609434e+17 2.3249838219559191e+27
5.9538616324556484e-13 8.6341775039276725e+05 3.0086626001722075e+05 1.1975055493363526e+17 2.3619642832216802e+27
5.8178871456214496e-13 8.6512898387849424e+05 3.0145423458731035e+05 1.2051852347389035e+17 2.4000540174969419e+27
5.6850180485680912e-13 8.6685399751637504e+05 3.0204011734936852e+05 1.2128998675720406e+17 2.4393493110573907e+27
5.5551834203020698e-13 8.6859272076871700e+05 3.0262379726071225e+05 1.2206486971491426e+17 2.4798635675798989e+27
5.4283139595259256e-13 8.7034483897167002e+05 3.0320507907081535e+05 1.2284298365351544e+17 2.5216192275819327e+27
5.3043419476474946e-13 8.7211033527075499e+05 3.0378385818794969e+05 1.2362426569663117e+17 2.5645938699236033e+27
5.1832012126339740e-13 8.7388914462587330e+05 3.0436002827415842e+05 1.2440864040741973e+17 2.6090436253102480e+27
5.0648270936916735e-13 8.7568092204486288e+05 3.0493340465837659e+05 1.2519592338173786e+17 2.6546381275272358e+27
4.9491564067522283e-13 8.7748572573777603e+05 3.0550390155197767e+05 1.2598607424703538e+17 2.7018033747385284e+27
4.8361274107470329e-13 8.7930361754345475e+05 3.0607146648337733e+05 1.2677908688684928e+17 2.7503061194094332e+27
4.7256797746521049e-13 8.8113452896145021e+05 3.0663603472152480e+05 1.2757492676744405e+17 2.8003626868049615e+27
4.6177545452852868e-13 8.8297817105156917e+05 3.0719750828753714e+05 1.2837349512569430e+17 2.8519817184416298e+27
4.5122941158391827e-13 8.8483425214996235e+05 3.0775576813461172e+05 1.2917467289590856e+17 2.9051583103881433e+27
4.4092421951325472e-13 8.8670307689083763e+05 3.0831087662165874e+05 1.2997859969102885e+17 2.9599435757313434e+27
4.3085437775639206e-13 8.8858491852897836e+05 3.0886296713875211e+05 1.3078548329400334e+17 3.0164485672877865e+27
4.2101451137516242e-13 8.9048010974987142e+05 3.0941230724488688e+05 1.3159567757665738e+17 3.0746533071695017e+27
4.1139936818441155e-13 8.9238873451797466e+05 3.0995933390734222e+05 1.3240967269333584e+17 3.1345738479489089e+27
4.0200381594855675e-13 8.9430842750551039e+05 3.1050450899482152e+05 1.3322763204124720e+17 3.1962557947860805e+27
3.9282283964218600e-13 8.9621600268973422e+05 3.1104248526492558e+05 1.3404087532333269e+17 3.2588666797143966e+27
3.8385153877319545e-13 8.9811200087918667e+05 3.1157079465909168e+05 1.3484693617439653e+17 3.3225025450648541e+27
3.7508512476708503e-13 9.0001597372441867e+05 3.1209275006092613e+05 1.3565194922655650e+17 3.3880368181013983e+27
3.6651891841097572e-13 9.0192834983218159e+05 3.1260832476740895e+05 1.3645595352059400e+17 3.4555863585107059e+27
3.5814834735600098e-13 9.0384864954576723e+05 3.1311722817293502e+05 1.3725858638669470e+17 3.5250358355358145e+27
3.4996894367675177e-13 9.0577666752683197e+05 3.1361923036122904e+05 1.3805958449332126e+17 3.5965593321737415e+27
3.4197634148644563e-13 9.0771221853860747e+05 3.1411410796897236e+05 1.3885869191840467e+17 3.6703547044537225e+27
3.3416627460656126e-13 9.0965492848844151e+05 3.1460160246878443e+05 1.3965558681485094e+17 3.7463088559944684e+27
3.2653457428970620e-13 9.1160451056101674e+05 3.1508147226278781e+05 1.4044997403505686e+17 3.8244947530876181e+27
3.1907716699447724e-13 9.1356044356099993e+05 3.1555340403104952e+05 1.4124144576305045e+17 3.9050466203678637e+27
3.1179007221113923e-13 9.1552266428870813e+05 3.1601714670905279e+05 1.4202972781492381e+17 3.9879466542950033e+27
3.0466940033697372e-13 9.1749125567942439e+05 3.1647251273933600e+05 1.4281463341102142e+17 4.0734807693195633e+27
2.9771135060013152e-13 9.1946593653158739e+05 3.1691927793013479e+05 1.4359587815917250e+17 4.1613711629142754e+27
2.9091220903091890e-13 9.2144644343274157e+05 3.1735722127011244e+05 1.4437318305261869e+17 4.2521451087825936e+27
2.8426834647940371e-13 9.2343212339930609e+05 3.1778607034457382e+05 1.4514614800983843e+17 4.3455710052135372e+27
2.7777621667829500e-13 9.2542251327951334e+05 3.1820552324448188e+05 1.4591437075399562e+17 4.4417452592589313e+27
2.7143235435007391e-13 9.2741735795357672e+05 3.1861530803746433e+05 1.4667751216946694e+17 4.5407897772742464e+27
2.6523337335734285e-13 9.2941646462985722e+05 3.1901515722527454e+05 1.4743524682690214e+17 4.6428122249290101e+27
2.5917596489541772e-13 9.3141978095054126e+05 3.1940483804984036e+05 1.4818730811939174e+17 4.7478798068709827e+27
2.5325689572620839e-13 9.3342719122685539e+05 3.1978416187101020e+05 1.4893346454831354e+17 4.8561215741505667e+27
2.4747300645241784e-13 9.3543778066889767e+05 3.2015283223946847e+05 1.4967322911225898e+17 4.9677618051925435e+27
2.4182120983117104e-13 9.3745112375509215e+05 3.2051053141536750e+05 1.5040617611622621e+17 5.0823936354357478e+27
2.3629848912614671e-13 9.3946717105441843e+05 3.2085699176277447e+05 1.5113199677813558e+17 5.2007276811644202e+27
2.3090189649734352e-13 9.4148580298784305e+05 3.2119198150151694e+05 1.5185040768869974e+17 5.3224501546535651e+27
2.2562855142762949e-13 9.4350644173998584e+05 3.2151522975319659e+05 1.5256099931513494e+17 5.4480263720676538e+27
2.2047563918521709e-13 9.4552876399362064e+05 3.2182644781729317e+05 1.5326338832829686e+17 5.5770664931651062e+27
2.1544040932125280e-13 9.4755260522885458e+05 3.2212537652688858e+05 1.5395725082982989e+17 5.7102395732156867e+27
2.1052017420172673e-13 9.4957784878337057e+05 3.2241179697015666e+05 1.5464231425021488e+17 5.8473139878807132e+27
2.0571230757290243e-13 9.5160378124957101e+05 3.2268547922966385e+05 1.5531817984728080e+17 5.9883672327986690e+27
2.0101424315950971e-13 9.5362986100122228e+05 3.2294612771395495e+05 1.5598441012864986e+17 6.1337288065238786e+27
1.9642347329496030e-13 9.5565561416441423e+05 3.2319345962142240e+05 1.5664059192810538e+17 6.2831153326234737e+27
1.9193754758283432e-13 9.5768051608053304e+05 3.2342713423812826e+05 1.5728623956642038e+17 6.4373343616812128e+27
1.8755407158894795e-13 9.5970444902874122e+05 3.2364680312292738e+05 1.5792093871118854e+17 6.5959146389241814e+27
1.8327070556328355e-13 9.6172755128385732e+05 3.2385219588340138e+05 1.5854440963002067e+17 6.7591760274469361e+27
1.7908516319110873e-13 9.6374957971574052e+05 3.2404311206585669e+05 1.5915637089247018e+17 6.9271941019320981e+27
1.7499521037262478e-13 9.6576974787498638e+05 3.2421930343131244e+05 1.5975638090891331e+17 7.1005169082822924e+27
1.7099866403047436e-13 9.6778778785685822e+05 3.2438051320519304e+05 1.6034409192901107e+17 7.2788331051146909e+27
1.6709339094449448e-13 9.6980298477730365e+05 3.2452648007135891e+05 1.6091905946713798e+17 7.4623939636753562e+27
1.6327730661307397e-13 9.7181491614092072e+05 3.2465686999299453e+05 1.6148082189259053e+17 7.6511747611283400e+27
1.5954837414051565e-13 9.7382343341775169e+05 3.2477134798514622e+05 1.6202897459678285e+17 7.8455346551098176e+27
1.5590460314981504e-13 9.7582843314065924e+05 3.2486962870387360e+05 1.6256317680817898e+17 8.0457141826519540e+27
1.5234404872026269e-13 9.7782963675304630e+05 3.2495149246559374e+05 1.6308312245145581e+17 8.2517740068228961e+27
1.4886481034931015e-13 9.7982647947108187e+05 3.2501670661275496e+05 1.6358842854334317e+17 8.4638409314151632e+27
1.4546503093815020e-13 9.8181873864453798e+05 3.2506504940828792e+05 1.6407879995221405e+17 8.6823168806002324e+27
1.4214289580045901e-13 9.8380550706840935e+05 3.2509633875887806e+05 1.6455383191745328e+17 8.9068700303234429e+27
1.3889663169377659e-13 9.8578625441091007e+05 3.2511023887470335e+05 1.6501304055090083e+17 9.1377591384638116e+27
1.3572450587301461e-13 9.8776087788750429e+05 3.2510636293402879e+05 1.6545598595783098e+17 9.3756211911514519e+27
1.3262482516557153e-13 9.8972953842573927e+05 3.2508441961368738e+05 1.6588239156292630e+17 9.6202819984737958e+27
1.2959593506757878e-13 9.9169204550374136e+05 3.2504430500170228e+05 1.6629210321050080e+17 9.8718261895614340e+27
1.2663621886078123e-13 9.9364694574520702e+05 3.2498601469790540e+05 1.6668477855768234e+17 1.0131196930712231e+28
1.2374409674958667e-13 9.9559357992044033e+05 3.2490920388654695e+05 1.6705989907643222e+17 1.0397428967348719e+28
1.2091802501782780e-13 9.9753174772891507e+05 3.2481343397325824e+05 1.6741695728430768e+17 1.0671287158450647e+28
1.1815649520477777e-13 9.9946146279012458e+05 3.2469833772235899e+05 1.6775557517052422e+17 1.0952968087842121e+28
1.1545803329998362e-13 1.0013825040660880e+06 3.2456366398358165e+05 1.6807544637267034e+17 1.1242401622074131e+28
1.1282119895649331e-13 1.0032943681617782e+06 3.2440924321340275e+05 1.6837628177936749e+17 1.1540276336070851e+28
1.1024458472204377e-13 1.0051967517718903e+06 3.2423484091283078e+05 1.6865777882733024e+17 1.1846531071314785e+28
1.0772681528781416e-13 1.0070892764293210e+06 3.2404034877769323e+05 1.6891975008117834e+17 1.2161740551761609e+28
1.0526654675433147e-13 1.0089709313648985e+06 3.2382568058845453e+05 1.6916187537383738e+17 1.2484794124783058e+28
1.0286246591414157e-13 1.0108412968987763e+06 3.2359050777184498e+05 1.6938372890783203e+17 1.2817117806991684e+28
1.0051328955086642e-13 1.0127001350086889e+06 3.2333446288643457e+05 1.6958489616855206e+17 1.3158689111774761e+28
9.8217763754265583e-14 1.0145473070783316e+06 3.2305724593541567e+05 1.6976506107225872e+17 1.3509889110722099e+28
9.5974663250940560e-14 1.0163826366774411e+06 3.2275868370298931e+05 1.6992403517796758e+17 1.3870524295071237e+28
9.3782790750328011e-14 1.0182051874671363e+06 3.2243886324030475e+05 1.7006170699082646e+17 1.4240789740486747e+28
9.1640976305625656e-14 1.0200142817169623e+06 3.2209755763372721e+05 1.7017770755569402e+17 1.4621202018482896e+28
8.9548076689313450e-14 1.0218095322359671e+06 3.2173442944642017e+05 1.7027163320493277e+17 1.5011587885382910e+28
8.7502974782940347e-14 1.0235907140622470e+06 3.2134911141283385e+05 1.7034309727501536e+17 1.5412396069465865e+28
8.5504578980841602e-14 1.0253575913526805e+06 3.2094133916469384e+05 1.7039182028785878e+17 1.5824682981639590e+28
8.3551822607479450e-14 1.0271098594815138e+06 3.2051093702493922e+05 1.7041760653433747e+17 1.6246772187892718e+28
8.1643663348086941e-14 1.0288469717333945e+06 3.2005783021531132e+05 1.7042029450177178e+17 1.6680252027591743e+28
7.9779082692314898e-14 1.0305686366383396e+06 3.1958180120155850e+05 1.7039965607926490e+17 1.7125499234961247e+28
7.7957085390588123e-14 1.0322745762979278e+06 3.1908274289782840e+05 1.7035558162761578e+17 1.7582225396836789e+28
7.6176698922872544e-14 1.0339642063429343e+06 3.1856065288174519e+05 1.7028798802560925e+17 1.8050725998469102e+28
7.4436972979579387e-14 1.0356372773419876e+06 3.1801535571255255e+05 1.7019671396133549e+17 1.8530887371448327e+28
7.2736978954321352e-14 1.0372934696713868e+06 3.1744691131780692e+05 1.7008181825169178e+17 1.9023860984388509e+28
7.1075809448253324e-14 1.0389317187342746e+06 3.1685558158848924e+05 1.6994335910563747e+17 1.9528725925157625e+28
6.9452577785735583e-14 1.0405515037008099e+06 3.1624112469521584e+05 1.6978104119709414e+17 2.0046298891066354e+28
6.7866417541055714e-14 1.0421523666694494e+06 3.1560323657368397e+05 1.6959453120442182e+17 2.0575862093321530e+28
6.6316482075959181e-14 1.0437339792371528e+06 3.1494158142710902e+05 1.6938350758721101e+17 2.1118575051657196e+28
6.4801944087744509e-14 1.0452959735283542e+06 3.1425591568138555e+05 1.6914773640436794e+17 2.1674908238247760e+28
6.3321995167676364e-14 1.0468379954164752e+06 3.1354599418066937e+05 1.6888699342110147e+17 2.2244320184012130e+28
6.1875845369483762e-14 1.0483598523918006e+06 3.1281154075532232e+05 1.6860107725047501e+17 2.2827082891724489e+28
6.0462722787715319e-14 1.0498613837473607e+06 3.1205240180532215e+05 1.6828992426407926e+17 2.3424588340449779e+28
5.9081873145721601e-14 1.0513425475657417e+06 3.1126856102409557e+05 1.6795364505195622e+17 2.4035977695515073e+28
5.7732559393047217e-14 1.0528026611443397e+06 3.1046064840574388e+05 1.6759279527547626e+17 2.4660985887886830e+28
5.6414061312020209e-14 1.0542411049889864e+06 3.0962878145002510e+05 1.6720745025750656e+17 2.5301230053991187e+28
5.5125675133322412e-14 1.0556575888640888e+06 3.0877283635920880e+05 1.6679755169433917e+17 2.5955614225274556e+28
5.3866713160343085e-14 1.0570516967106962e+06 3.0789295215009741e+05 1.6636326155721578e+17 2.6624390745223252e+28
5.2636503402109189e-14 1.0584227838572811e+06 3.0698925697237178e+05 1.6590466670405133e+17 2.7307925483587592e+28
5.1434389214598862e-14 1.0597704240322420e+06 3.0606159267513431e+05 1.6542164921500656e+17 2.8006301882741690e+28
5.0259728950248755e-14 1.0610942149523832e+06 3.0510978703340911e+05 1.6491409178591283e+17 2.8719475146560559e+28
4.9111895615462751e-14 1.0623938594074722e+06 3.0413362277671887e+05 1.6438187384202742e+17 2.9447297413891044e+28
4.7990276535945624e-14 1.0636690856557689e+06 3.0313299583119020e+05 1.6382499581000432e+17 3.0191650765518790e+28
4.6894273029677714e-14 1.0649196939506435e+06 3.0210785869149060e+05 1.6324353941238746e+17 3.0951193860156171e+28
4.5823300087358381e-14 1.0661453370839611e+06 3.0105854666009702e+05 1.6263790180074419e+17 3.1725188522742474e+28
4.4776786060149089e-14 1.0673455425516313e+06 2.9998525996693835e+05 1.6200831851738880e+17 3.2515815656787894e+28
4.3754172354546191e-14 1.0685200382165336e+06 2.9888795223646244e+05 1.6135486091294272e+17 3.3321915914707429e+28
4.2754913134222209e-14 1.0696686154383312e+06 2.9776669896510168e+05 1.6067773656706355e+17 3.4143665727658863e+28
4.1778475028678120e-14 1.0707908147351413e+06 2.9662193282103684e+05 1.5997740474590710e+17 3.4981360440212402e+28
4.0824336848547811e-14 1.0718862688615767e+06 2.9545369695613516e+05 1.5925399907272592e+17 3.5835341922992244e+28
3.9891989307404462e-14 1.0729546922895992e+06 2.9426198008363845e+05 1.5850763578040227e+17 3.6703202703478553e+28
3.8980934749921996e-14 1.0739958272191752e+06 2.9304693923167390e+05 1.5773859193065926e+17 3.7587940754878887e+28
3.8090686886242321e-14 1.0750092996659044e+06 2.9180885235699930e+05 1.5694721542012032e+17 3.8491159680588450e+28
3.7220770532411519e-14 1.0759947608504461e+06 2.9054773576673999e+05 1.5613365189181405e+17 3.9405144916208292e+28
3.6370721356742348e-14 1.0769520367667361e+06 2.8926363534503389e+05 1.5529810199366432e+17 4.0337327493253937e+28
3.5540085631969392e-14 1.0778808683873843e+06 2.8795687854500656e+05 1.5444100861548714e+17 4.1284192530442622e+28
3.4728419993065977e-14 1.0787809090450036e+06 2.8662774838609615e+05 1.5356274464294701e+17 4.2246730265151772e+28
3.3935291200589816e-14 1.0796519127786011e+06 2.8527630789192335e+05 1.5266352526284646e+17 4.3225796251624790e+28
3.3160275909435640e-14 1.0804937179251292e+06 2.8390266563363280e+05 1.5174363377453642e+17 4.4219367275886818e+28
3.2402960442867525e-14 1.0813061069598221e+06 2.8250735905230179e+05 1.5080370399447898e+17 4.5228472871649679e+28
3.1662940571711986e-14 1.0820887491608136e+06 2.8109072916066769e+05 1.4984416521729568e+17 4.6251995532429991e+28
3.0939821298595029e-14 1.0828413958066429e+06 2.7965287573797425e+05 1.4886526806824378e+17 4.7290109501282421e+28
3.0233216647105607e-14 1.0835638529920995e+06 2.7819392760141549e+05 1.4786730805798070e+17 4.8343919393847687e+28
2.9542749455774224e-14 1.0842559328169925e+06 2.7671425962391758e+05 1.4685078843371418e+17 4.9411754566612332e+28
2.8868051176757726e-14 1.0849174040132065e+06 2.7521415698660741e+05 1.4581612390678579e+17 5.0493542092931081e+28
2.8208761679120653e-14 1.0855480943194134e+06 2.7369377353873762e+05 1.4476363978404080e+17 5.1588568550984139e+28
2.7564529056609296e-14 1.0861479229682812e+06 2.7215330499807769e+05 1.4369372506285602e+17 5.2697703526070352e+28
2.6935009439816838e-14 1.0867168647527776e+06 2.7059345679367636e+05 1.4260719580786395e+17 5.3821761771852769e+28
2.6319866812637211e-14 1.0872546740730633e+06 2.6901490233238606e+05 1.4150476848533088e+17 5.4956709078278524e+28
2.5718772832910860e-14 1.0877611380907157e+06 2.6741782571604504e+05 1.4038677107169112e+17 5.6104313724557029e+28
2.5131406657167638e-14 1.0882360758384946e+06 2.6580242622134206e+05 1.3925355570153464e+17 5.7263806525146621e+28
2.4557454769370657e-14 1.0886793592083207e+06 2.6416899762010371e+05 1.3810556515124835e+17 5.8436465174902984e+28
2.3996610813572847e-14 1.0890908397447399e+06 2.6251795898725628e+05 1.3694333180477011e+17 5.9619675702049089e+28
2.3448575430394285e-14 1.0894703705001283e+06 2.6084954750822342e+05 1.3576724543875566e+17 6.0812503138420114e+28
2.2913056097234067e-14 1.0898178595447235e+06 2.5916400910108312e+05 1.3457771810406966e+17 6.2018502931835408e+28
2.2389766972132404e-14 1.0901333041630513e+06 2.5746166266688774e+05 1.3337524383976814e+17 6.3232595889368672e+28
2.1878428741197178e-14 1.0904167369436959e+06 2.5574331365807023e+05 1.3216069037089589e+17 6.4458469493337176e+28
2.1378768469516348e-14 1.0906680646132128e+06 2.5400939233182347e+05 1.3093459563317274e+17 6.5690546992836825e+28
2.0890519455474319e-14 1.0908872125838506e+06 2.5226017746993378e+05 1.2969738645572586e+17 6.6932153389073136e+28
2.0413421088395478e-14 1.0910741868076529e+06 2.5049597806595179e+05 1.2844953308403413e+17 6.8182043255086239e+28
1.9947218709439593e-14 1.0912291315070763e+06 2.4871742367656933e+05 1.2719177768565242e+17 6.9436742161449991e+28
1.9491663475673367e-14 1.0913520950076161e+06 2.4692546063047103e+05 1.2592505479110400e+17 7.0700622786650571e+28
1.9046512227246311e-14 1.0914429980113658e+06 2.4512041844922112e+05 1.2464980001585893e+17 7.1969871645237284e+28
1.8611527357600804e-14 1.0915017800419335e+06 2.4330261263978586e+05 1.2336644382744061e+17 7.3244564563869704e+28
1.8186476686645556e-14 1.0915284295503190e+06 2.4147237430708975e+05 1.2207543797841584e+17 7.4523056292016568e+28
1.7771133336825583e-14 1.0915230164982395e+06 2.3963024891236218e+05 1.2077740445928136e+17 7.5806841769256768e+28
1.7365275612023216e-14 1.0914855585558470e+06 2.3777672475471176e+05 1.1947290156472410e+17 7.7094716867689067e+28
1.6968686879223694e-14 1.0914160626094036e+06 2.3591214500451979e+05 1.1816237866467867e+17 7.8381397509970597e+28
1.6581155452884349e-14 1.0913145919874792e+06 2.3403686782019882e+05 1.1684630556853866e+17 7.9672123354168633e+28
1.6202474481943860e-14 1.0911813038239439e+06 2.3215129982873885e+05 1.1552520714748912e+17 8.0964151950037594e+28
1.5832441839412017e-14 1.0910165633572100e+06 2.3025649916083607e+05 1.1420009648612216e+17 8.2257410532047787e+28
1.5470860014481690e-14 1.0908204710353434e+06 2.2835313710560554e+05 1.1287163558472123e+17 8.3545609695018086e+28
1.5117536007103770e-14 1.0905930564030181e+06 2.2644158063652387e+05 1.1154025273442643e+17 8.4838673792315614e+28
1.4772281224970779e-14 1.0903343747646697e+06 2.2452220313963725e+05 1.1020638362283944e+17 8.6126959311476135e+28
1.4434911382852522e-14 1.0900445282931984e+06 2.2259539234948819e+05 1.0887047975554891e+17 8.7411166068364338e+28
1.4105246404230745e-14 1.0897237313437124e+06 2.2066177208451662e+05 1.0753316803187493e+17 8.8692803358965765e+28
1.3783110325180794e-14 1.0893721127035909e+06 2.1872185065329896e+05 1.0619496837310246e+17 8.9969534628287263e+28
1.3468331200447878e-14 1.0889897837665316e+06 2.1677601200670050e+05 1.0485630729433130e+17 9.1243671843009035e+28
1.3160741011668400e-14 1.0885768934734191e+06 2.1482464659097529e+05 1.0351761915586150e+17 9.2507275029357686e+28
1.2860175577687812e-14 1.0881336547132127e+06 2.1286815775636589e+05 1.0217935588926925e+17 9.3767981784186706e+28
1.2566474466926146e-14 1.0876605051975397e+06 2.1090734059334191e+05 1.0084226309969605e+17 9.5018095738633603e+28
1.2279480911744954e-14 1.0871577993083715e+06 2.0894304657469335e+05 9.9507079046005056e+16 9.6259363469939640e+28
1.1999041724770400e-14 1.0866256861215218e+06 2.0697567010871271e+05 9.8174197395565872e+16 9.7494111948729614e+28
1.1725007217126900e-14 1.0860643371050002e+06 2.0500560411652469e+05 9.6844009356527056e+16 9.8717143347556806e+28
1.1457231118538169e-14 1.0854739697340226e+06 2.0303324843579964e+05 9.5516913918201360e+16 9.9928477482283290e+28
1.1195570499253468e-14 1.0848549085828951e+06 2.0105909986651668e+05 9.4193386036446704e+16 1.0112823259645148e+29
1.0939885693756198e-14 1.0842076322717972e+06 1.9908402918963492e+05 9.2874146323905696e+16 1.0231523510339988e+29
1.0690040226215535e-14 1.0835323563070407e+06 1.9710849289201014e+05 9.1559593053704816e+16 1.0349015412647953e+29
1.0445900737640148e-14 1.0828292643646100e+06 1.9513283641711221e+05 9.0250043009393760e+16 1.0465222413115328e+29
1.0207336914695582e-14 1.0820985501753017e+06 1.9315734319625140e+05 8.8945774959036896e+16 1.0579477897881724e+29
9.9742214201477500e-15 1.0813405318570514e+06 1.9118240476779963e+05 8.7647151182563872e+16 1.0692483813310053e+29
9.7464298248943204e-15 1.0805557653767497e+06 1.8920872455826268e+05 8.6354755542563616e+16 1.0803633634843816e+29
9.5238405415489943e-15 1.0797447839395457e+06 1.8723712709614454e+05 8.5069217666255616e+16 1.0913252937340214e+29
9.3063347595421789e-15 1.0789078733971717e+06 1.8526799856746706e+05 8.3790850989518416e+16 1.1020954723224287e+29
9.0937963817038467e-15 1.0780454330726073e+06 1.8330186266211528e+05 8.2520061309167664e+16 1.1126935373330065e+29
8.8861119622950472e-15 1.0771578269790837e+06 1.8133923255800470e+05 8.1257229182764800e+16 1.1231198899550860e+29
8.6831706464543330e-15 1.0762453379195083e+06 1.7938047427513200e+05 8.0002627675542672e+16 1.1332978520296937e+29
8.4848641110271021e-15 1.0753082340945159e+06 1.7742589793254636e+05 7.8756489099975152e+16 1.1432837450009032e+29
8.2910865067466053e-15 1.0743468328500635e+06 1.7547582052477417e+05 7.7519053632296512e+16 1.1530617603370435e+29
8.1017344017351153e-15 1.0733615332831373e+06 1.7353060627611051e+05 7.6290596519240416e+16 1.1626175441349227e+29
7.9167067262954120e-15 1.0723530218879082e+06 1.7159097580163163e+05 7.5071628466620208e+16 1.1719689042916287e+29
7.7359047189634282e-15 1.0713218584185091e+06 1.6965759561393919e+05 7.3862588689989280e+16 1.1811250277862308e+29
7.5592318737926421e-15 1.0702683757703134e+06 1.6773080591199748e+05 7.2663690483157440e+16 1.1899818878775561e+29
7.3865938888424051e-15 1.0691928822158119e+06 1.6581088197268738e+05 7.1475099735010360e+16 1.1986216553869405e+29
7.2178986158429975e-15 1.0680957214644824e+06 1.6389808793009821e+05 7.0296979546326128e+16 1.2070639365181919e+29
7.0530560110097832e-15 1.0669773290233160e+06 1.6199275189509350e+05 6.9129536603151424e+16 1.2152038073800160e+29
6.8919780869811397e-15 1.0658384005256677e+06 1.6009545418806880e+05 6.7973143319876224e+16 1.2231014270401129e+29
6.7345788658535760e-15 1.0646797179981018e+06 1.5820701219578058e+05 6.6828289622509880e+16 1.2307460244051990e+29
6.5807743332898606e-15 1.0635016464395046e+06 1.5632774107282312e+05 6.5695125392118600e+16 1.2381520373864153e+29
6.4304823936749431e-15 1.0623044950603708e+06 1.5445788649199373e+05 6.4573750073961296e+16 1.2452917436479836e+29
6.2836228262960381e-15 1.0610884933164837e+06 1.5259754406194997e+05 6.3464172415943944e+16 1.2521490869949768e+29
6.1401172425237023e-15 1.0598540513937599e+06 1.5074697508529833e+05 6.2366510103894608e+16 1.2586906070195281e+29
5.9998890439705759e-15 1.0586016469256468e+06 1.4890647586693245e+05 6.1280902716254296e+16 1.2650722966135919e+29
5.8628633816057044e-15 1.0573319538311956e+06 1.4707656716302037e+05 6.0207621177803856e+16 1.2711247753763728e+29
5.7289671158028247e-15 1.0560454612722762e+06 1.4525758891203179e+05 5.9146808859248288e+16 1.2769256523564680e+29
5.5981287773008504e-15 1.0547425989341298e+06 1.4344979313450371e+05 5.8098551356170512e+16 1.2824378148116619e+29
5.4702785290559493e-15 1.0534238496073692e+06 1.4165347001951298e+05 5.7062954596987816e+16 1.2876359979931417e+29
5.3453481289650542e-15 1.0520896953425256e+06 1.3986890727554745e+05 5.6040116236380912e+16 1.2926240402832704e+29
5.2232708934404756e-15 1.0507405683854322e+06 1.3809633180943099e+05 5.5030092622527448e+16 1.2973319447609627e+29
5.1039816618164203e-15 1.0493769026551733e+06 1.3633595612608574e+05 5.4032928676785368e+16 1.3017043849800637e+29
4.9874167615685985e-15 1.0479991200292293e+06 1.3458795646194625e+05 5.3048646610029160e+16 1.3058237360246810e+29
4.8735139743278304e-15 1.0466076868347093e+06 1.3285253358527771e+05 5.2077282377265592e+16 1.3096850804940774e+29
4.7622125026701672e-15 1.0452031033871570e+06 1.3112988938897592e+05 5.1118872429124216e+16 1.3132635444954896e+29
4.6534529376651431e-15 1.0437860380573092e+06 1.2942037474176206e+05 5.0173537323007792e+16 1.3165367583590216e+29
4.5471772271654456e-15 1.0423570808497486e+06 1.2772428986985880e+05 4.9241355711789560e+16 1.3195540083917815e+29
4.4433286448206034e-15 1.0409167069111450e+06 1.2604180979751793e+05 4.8322330220306920e+16 1.3223051473625724e+29
4.3418517597983386e-15 1.0394654208664106e+06 1.2437311694691560e+05 4.7416466585220584e+16 1.3248131294760030e+29
4.2426924071975897e-15 1.0380037939085393e+06 1.2271845426879419e+05 4.6523800589034360e+16 1.3270165322052482e+29
4.1457976591370770e-15 1.0365323183179959e+06 1.2107798722364049e+05 4.5644319515237328e+16 1.3289628729205780e+29
4.0511157965041552e-15 1.0350514783534978e+06 1.1945186004877335e+05 4.4777997124954520e+16 1.3306340285607595e+29
3.9585962813490184e-15 1.0335618045716499e+06 1.1784024282756409e+05 4.3924820471363840e+16 1.3320560294740248e+29
3.8681897299092095e-15 1.0320638383208781e+06 1.1624331841353641e+05 4.3084779129784664e+16 1.3331949701237849e+29
3.7798478862502085e-15 1.0305580666007990e+06 1.1466120952599730e+05 4.2257827295068288e+16 1.3341457565408628e+29
3.6935235965081540e-15 1.0290449857752715e+06 1.1309403333381175e+05 4.1443915651587208e+16 1.3347620834236011e+29
3.6091707837206704e-15 1.0275252290882911e+06 1.1154201445866139e+05 4.0643050920414800e+16 1.3351974445667488e+29
3.5267444232325131e-15 1.0259993313501592e+06 1.1000531953580372e+05 3.9855200509878984e+16 1.3353533172653733e+29
3.4462005186630304e-15 1.0244677438003707e+06 1.0848403939816989e+05 3.9080288172443256e+16 1.3352652259108151e+29
3.3674960784223519e-15 1.0229308837149667e+06 1.0697824635353545e+05 3.8318225109812496e+16 1.3349392739579596e+29
3.2905890927639030e-15 1.0213890332376744e+06 1.0548789100032659e+05 3.7568858903075608e+16 1.3344073471496883e+29
3.2154385113611301e-15 1.0198426022896364e+06 1.0401300750396147e+05 3.6832084695196712e+16 1.3336228314512932e+29
3.1420042213961282e-15 1.0182920355694391e+06 1.0255365971672146e+05 3.6107811857139104e+16 1.3326228673243835e+29
3.0702470261488918e-15 1.0167377142096929e+06 1.0110987458012890e+05 3.5395927620999040e+16 1.3313958957849417e+29
3.0001286240753394e-15 1.0151798226388729e+06 9.9681502415903073e+04 3.4696232093895624e+16 1.3299534530224057e+29
2.9316115883633456e-15 1.0136187848243396e+06 9.8268550899958704e+04 3.4008612121308392e+16 1.3282901168653845e+29
2.8646593469555428e-15 1.0120550676198518e+06 9.6871060087699152e+04 3.3332970651941776e+16 1.3263962318446680e+29
2.7992361630283719e-15 1.0104891321185906e+06 9.5489057828034784e+04 3.2669203836135732e+16 1.3243683124118066e+29
2.7353071159170559e-15 1.0089213923509574e+06 9.4122533665978524e+04 3.2017189177466108e+16 1.3220231118204572e+29
2.6728380824761013e-15 1.0073523127826346e+06 9.2771503982004462e+04 3.1376818689032628e+16 1.3195837645963881e+29
2.6117957188654957e-15 1.0057823693492418e+06 9.1435986508336777e+04 3.0747985218681660e+16 1.3169107259584505e+29
2.5521474427529691e-15 1.0042120626935450e+06 9.0116008165456617e+04 3.0130586810568476e+16 1.3140458158589320e+29
2.4938614159226217e-15 1.0026419971220131e+06 8.8811679616221940e+04 2.9524559709444392e+16 1.3110409798063223e+29
2.4369065272807395e-15 1.0010726301077645e+06 8.7523022294470356e+04 2.8929793005221408e+16 1.3078236781415624e+29
2.3812523762498158e-15 9.9950436705234228e+05 8.6250030421565563e+04 2.8346161227428924e+16 1.3044555087118706e+29
2.3268692565417277e-15 9.9793752859751112e+05 8.4992668891326146e+04 2.7773521794962328e+16 1.3009320647187223e+29
2.2737281403015041e-15 9.9637198321447568e+05 8.3750576099216953e+04 2.7211581619126880e+16 1.2972615474858377e+29
2.2218006626133126e-15 9.9480801829042309e+05 8.2523619178153633e+04 2.6660168908364164e+16 1.2934238594990717e+29
2.1710591063601611e-15 9.9324609410693881e+05 8.1311777631671721e+04 2.6119166295748112e+16 1.2893992116121100e+29
2.1214763874295099e-15 9.9168667034107749e+05 8.0115027148295267e+04 2.5588455315927532e+16 1.2852496555382596e+29
2.0730260402566669e-15 9.9013027340269485e+05 7.8933381765686383e+04 2.5067935351171008e+16 1.2809880612868996e+29
2.0256822036983470e-15 9.8857737518028659e+05 7.7766837200165450e+04 2.4557495485168632e+16 1.2765713912188244e+29
1.9794196072289361e-15 9.8702839462166058e+05 7.6615355448978691e+04 2.4057009152475792e+16 1.2720411478440229e+29
1.9342135574518784e-15 9.8548373224791896e+05 7.5478894005303941e+04 2.3566347327644692e+16 1.2673597382218487e+29
1.8900399249192402e-15 9.8394365165131609e+05 7.4357343078771228e+04 2.3085350151944948e+16 1.2625910362163636e+29
1.8468751312522100e-15 9.8240834926492011e+05 7.3250520550694258e+04 2.2613830799593612e+16 1.2577152116017891e+29
1.8046961365557400e-15 9.8087822143461590e+05 7.2158370458880119e+04 2.2151661220989536e+16 1.2526894437477095e+29
1.7634804271206827e-15 9.7935366462309007e+05 7.1080838350351594e+04 2.1698714309955828e+16 1.2476051195759249e+29
1.7232060034067163e-15 9.7783501748394070e+05 7.0017852169909558e+04 2.1254854399565664e+16 1.2424122800065605e+29
1.6838513682997199e-15 9.7632240656139539e+05 6.8969207725100685e+04 2.0819890891812588e+16 1.2371313044271048e+29
1.6453955156373893e-15 9.7481616099831834e+05 6.7934803862240311e+04 2.0393682706731456e+16 1.2317403937230312e+29
1.6078179189968424e-15 9.7331665863622294e+05 6.6914575264300394e+04 1.9976104718162896e+16 1.2262704788740143e+29
1.5710985207382948e-15 9.7182425215049344e+05 6.5908453576830201e+04 1.9567030176808724e+16 1.2207370049770408e+29
1.5352177212990160e-15 9.7033909971485496e+05 6.4916276406527308e+04 1.9166292177678484e+16 1.2151110128278827e+29
1.5001563687317299e-15 9.6886130871213437e+05 6.3937826149978064e+04 1.8773706693816188e+16 1.2094256489917904e+29
1.4658957484819409e-15 9.6739124036311707e+05 6.2973027865792341e+04 1.8389152110069468e+16 1.2036653276057564e+29
1.4324175733987857e-15 9.6592922649402812e+05 6.2021805434262860e+04 1.8012505842450084e+16 1.1978375467038228e+29
1.3997039739739272e-15 9.6447550884877378e+05 6.1084061619803360e+04 1.7643634612678966e+16 1.1919878171829246e+29
1.3677374888034679e-15 9.6302971999640914e+05 6.0159361597855321e+04 1.7282270727424804e+16 1.1860553306429111e+29
1.3365010552676013e-15 9.6159201987916871e+05 5.9247491637797575e+04 1.6928249393938878e+16 1.1800739377362464e+29
1.3059780004232072e-15 9.6016281739031023e+05 5.8348373232789054e+04 1.6581462678824018e+16 1.1740290485016987e+29
1.2761520321043861e-15 9.5874251260515256e+05 5.7461926059792138e+04 1.6241802601313526e+16 1.1679032271005338e+29
1.2470072302262402e-15 9.5733148386833596e+05 5.6588060807128750e+04 1.5909158137453138e+16 1.1618177184610976e+29
1.2185280382873081e-15 9.5593006176656287e+05 5.5726662720978617e+04 1.5583409649303150e+16 1.1556875351414842e+29
1.1906992550660171e-15 9.5453862887754058e+05 5.4877643048620041e+04 1.5264449092622272e+16 1.1495181528964967e+29
1.1635060265067758e-15 9.5315756364467891e+05 5.4040915844564035e+04 1.4952170275490260e+16 1.1433017333116846e+29
1.1369338377914151e-15 9.5178723592945398e+05 5.3216393590575528e+04 1.4646466838309828e+16 1.1371012902352636e+29
1.1109685055916584e-15 9.5042792698634369e+05 5.2403958959864482e+04 1.4347221085955096e+16 1.1308313325661132e+29
1.0855961704985305e-15 9.4907987623356993e+05 5.1603461570520252e+04 1.4054305256025942e+16 1.1245575340581469e+29
1.0608032896247057e-15 9.4774342568404251e+05 5.0814809120728452e+04 1.3767615109482938e+16 1.1183532838598200e+29
1.0365766293757621e-15 9.4641890274941246e+05 5.0037910459096289e+04 1.3487046959340630e+16 1.1120895245502544e+29
1.0129032583865274e-15 9.4510657939676242e+05 4.9272672717401358e+04 1.3212495461703718e+16 1.1058018090252620e+29
9.8977054061878349e-16 9.4380625096430467e+05 4.8518800239588491e+04 1.2943778615633914e+16 1.0995535062991272e+29
9.6716612861656596e-16 9.4251762728044705e+05 4.7775872797416203e+04 1.2680680637068460e+16 1.0933347214228572e+29
9.4507795691550233e-16 9.4124114020619215e+05 4.7043797703724085e+04 1.2423112532251126e+16 1.0870662038339332e+29
9.2349423560270548e-16 9.3997724056002591e+05 4.6322486748593838e+04 1.2170988099061956e+16 1.0808012963238010e+29
9.0240344402369017e-16 9.3872635920175246e+05 4.5611847170064597e+04 1.1924219998313874e+16 1.0746069459097808e+29
8.8179432463306952e-16 9.3748918938336743e+05 4.4911856417806812e+04 1.1682750656772522e+16 1.0683886727199435e+29
8.6165587698563285e-16 9.3626628834608011e+05 4.4222523602451467e+04 1.1446527116771366e+16 1.0622615463312698e+29
8.4197735186470735e-16 9.3505807629136648e+05 4.3543759999054630e+04 1.1215463203397996e+16 1.0560501382407825e+29
8.2274824554458266e-16 9.3386489710073406e+05 4.2875455489962136e+04 1.0989465329221024e+16 1.0499517368549486e+29
8.0395829418396960e-16 9.3268711562092218e+05 4.2217509152461273e+04 1.0768444388326128e+16 1.0439161828155415e+29
