8.0395829418396959e-13 8.4713769903565105e+05 2.9468182144021476e+05 1.1183158859286099e+17 1.9809460168026132e+27
7.8559746834753246e-13 8.4865287587014853e+05 2.9528800200039794e+05 1.1255445716476453e+17 2.0063230063545690e+27
7.6765596765250801e-13 8.5018324580587656e+05 2.9589399121902086e+05 1.1328221205831606e+17 2.0325625831150458e+27
7.5012421553758558e-13 8.5172879285065725e+05 2.9649968481656356e+05 1.1401480361381352e+17 2.0595381094067876e+27
7.3299285415128468e-13 8.5328923809929553e+05 2.9710489054506464e+05 1.1475206912698136e+17 2.0874058330870889e+27
7.1625273935704306e-13 8.5486427417109045e+05 2.9770939996692142e+05 1.1549382551891867e+17 2.1161363212732965e+27
6.9989493585237990e-13 8.5645367142909369e+05 2.9831301606279815e+05 1.1623990717740381e+17 2.1457418863211541e+27
6.8391071239955609e-13 8.5805734886801825e+05 2.9891558119227982e+05 1.1699019923446280e+17 2.1762364846923840e+27
6.6829153716511489e-13 8.5967542330272740e+05 2.9951701164935442e+05 1.1774467835284934e+17 2.2077003007892732e+27
6.5302907316589952e-13 8.6130772296722641e+05 3.0011715722043434e+05 1.1850322519514291e+17 2.2401486322030486e+27
6.3811517381904706e-13 8.6295392982941773e+05 3.0071580979452038e+05 1.1926564590041570e+17 2.2735602024425249e+27
6.2354187859361313e-13 8.6461371460152103e+05 3.0131274418361369e+05 1.2003172555262376e+17 2.3079832187364386e+27
6.0930140876152718e-13 8.6628698306357395e+05 3.0190780216906988e+05 1.2080133949024250e+17 2.3434919331420235e+27
5.9538616324556484e-13 8.6797362808951037e+05 3.0250082997842686e+05 1.2157436395342731e+17 2.3800262167230486e+27
5.8178871456214496e-13 8.6967339295072842e+05 3.0309161928425467e+05 1.2235060230191371e+17 2.4175283854578907e+27
5.6850180485680912e-13 8.7138626346872351e+05 3.0368003771310649e+05 1.2312995994677091e+17 2.4565674038299982e+27
5.5551834203020698e-13 8.7311211746824544e+05 3.0426593624322640e+05 1.2391231078273179e+17 2.4965593451668761e+27
5.4283139595259256e-13 8.7485058533072995e+05 3.0484908183863101e+05 1.2469741372799341e+17 2.5377624358484423e+27
5.3043419476474946e-13 8.7660159240204911e+05 3.0542932299796405e+05 1.2548514321744984e+17 2.5803023523125573e+27
5.1832012126339740e-13 8.7836498712526052e+05 3.0600650227471895e+05 1.2627535590200611e+17 2.6240227603109814e+27
5.0648270936916735e-13 8.8014036198271031e+05 3.0658037507096917e+05 1.2706778764799491e+17 2.6691227989525973e+27
4.9491564067522283e-13 8.8192768797929317e+05 3.0715079407880036e+05 1.2786231660134976e+17 2.7155507368313421e+27
4.8361274107470329e-13 8.8372692664740316e+05 3.0771762629716314e+05 1.2865883284048994e+17 2.7633715164990517e+27
4.7256797746521049e-13 8.8553790691497608e+05 3.0828071650742530e+05 1.2945718592454216e+17 2.8126854287913740e+27
4.6177545452852868e-13 8.8736021356563421e+05 3.0883985919191258e+05 1.3025714058508536e+17 2.8634935372604430e+27
4.5122941158391827e-13 8.8919342553634720e+05 3.0939480478131038e+05 1.3105841384508414e+17 2.9157879781559740e+27
4.4092421951325472e-13 8.9103767665832362e+05 3.0994545168513840e+05 1.3186094357436578e+17 2.9696715231100918e+27
4.3085437775639206e-13 8.9289302710758813e+05 3.1049171655564680e+05 1.3266467587078490e+17 3.0251551914205865e+27
4.2101451137516242e-13 8.9475954788152617e+05 3.1103356713398377e+05 1.3346960986967680e+17 3.0824774674655456e+27
4.1139936818441155e-13 8.9663693422604771e+05 3.1157096217055601e+05 1.3427568311903466e+17 3.1412876944020524e+27
4.0200381594855675e-13 8.9852422712201008e+05 3.1210386358927493e+05 1.3508273911480587e+17 3.2019953028867201e+27
3.9282283964218600e-13 9.0041434878958261e+05 3.1263054605944653e+05 1.3588802337045166e+17 3.2641475436344930e+27
3.8385153877319545e-13 9.0230737805945927e+05 3.1315012291328266e+05 1.3669063011974634e+17 3.3279405141500234e+27
3.7508512476708503e-13 9.0420909968742612e+05 3.1366342448725458e+05 1.3749223701783256e+17 3.3936735337494989e+27
3.6651891841097572e-13 9.0611931068009103e+05 3.1417027527405531e+05 1.3829263930056829e+17 3.4613844730195011e+27
3.5814834735600098e-13 9.0803754985530453e+05 3.1467038639530336e+05 1.3909147294930381e+17 3.5310093362955087e+27
3.4996894367675177e-13 9.0996359965507803e+05 3.1516352637787035e+05 1.3988847108392757e+17 3.6028675847376728e+27
3.4197634148644563e-13 9.1189728441376379e+05 3.1564947342854063e+05 1.4068337768087131e+17 3.6767909497752499e+27
3.3416627460656126e-13 9.1383824532370397e+05 3.1612797124324366e+05 1.4147587108359266e+17 3.7529749756746193e+27
3.2653457428970620e-13 9.1578619511211501e+05 3.1659877857919125e+05 1.4226565457800898e+17 3.8313850823825897e+27
3.1907716699447724e-13 9.1774062149945169e+05 3.1706158367286198e+05 1.4305231913909571e+17 3.9122117293254099e+27
3.1179007221113923e-13 9.1970145975555910e+05 3.1751613474282500e+05 1.4383558833966835e+17 3.9953423733271098e+27
3.0466940033697372e-13 9.2166881865237257e+05 3.1796224311382056e+05 1.4461527362998845e+17 4.0810837368836959e+27
2.9771135060013152e-13 9.2364241512175940e+05 3.1839968689223874e+05 1.4539109213801517e+17 4.1694084635464154e+27
2.9091220903091890e-13 9.2562199179362075e+05 3.1882824691322393e+05 1.4616276566761350e+17 4.2603259638238956e+27
2.8426834647940371e-13 9.2760690440264472e+05 3.1924765497709793e+05 1.4692989688396182e+17 4.3540016270757230e+27
2.7777621667829500e-13 9.2959669670241198e+05 3.1965760981703550e+05 1.4769208179581635e+17 4.4504000319617433e+27
2.7143235435007391e-13 9.3159111637169111e+05 3.2005783888875623e+05 1.4844897944855424e+17 4.5498102488645040e+27
2.6523337335734285e-13 9.3358998338948237e+05 3.2044807797138242e+05 1.4920026712167306e+17 4.6521382388525219e+27
2.5917596489541772e-13 9.3559325156001479e+05 3.2082809133434994e+05 1.4994567453919312e+17 4.7574979966941797e+27
2.5325689572620839e-13 9.3760082141193259e+05 3.2119769255486585e+05 1.5068497286279507e+17 4.8660784351274935e+27
2.4747300645241784e-13 9.3961177612890454e+05 3.2155659232768719e+05 1.5141768110900250e+17 4.9779612364002550e+27
2.4182120983117104e-13 9.4162568977999222e+05 3.2190447030539991e+05 1.5214336869468662e+17 5.0930835348310621e+27
2.3629848912614671e-13 9.4364253103390743e+05 3.2224105953661754e+05 1.5286172761889274e+17 5.2117233295627985e+27
2.3090189649734352e-13 9.4566219519325241e+05 3.2256613083674264e+05 1.5357247810462570e+17 5.3338213207148789e+27
2.2562855142762949e-13 9.4768410209443793e+05 3.2287941387119918e+05 1.5427520977619229e+17 5.4596627585681321e+27
2.2047563918521709e-13 9.4970793639668031e+05 3.2318061977410596e+05 1.5496953825885722e+17 5.5891799321880392e+27
2.1544040932125280e-13 9.5173354997185804e+05 3.2346949545761751e+05 1.5565514819048272e+17 5.7226190884455479e+27
2.1052017420172673e-13 9.5376083675209724e+05 3.2374581745728920e+05 1.5633176124078691e+17 5.8602679405073438e+27
2.0571230757290243e-13 9.5578908304933854e+05 3.2400936394052615e+05 1.5699898837987686e+17 6.0017831639345278e+27
2.0101424315950971e-13 9.5781775635758508e+05 3.2425984178291727e+05 1.5765639408227834e+17 6.1475005531448404e+27
1.9642347329496030e-13 9.5984638345886068e+05 3.2449696669205057e+05 1.5830356311933587e+17 6.2976173668409341e+27
1.9193754758283432e-13 9.6187445092017623e+05 3.2472040147824283e+05 1.5894001333576838e+17 6.4520357671424447e+27
1.8755407158894795e-13 9.6390185588692548e+05 3.2492979757411085e+05 1.5956533021630198e+17 6.6110973828383824e+27
1.8327070556328355e-13 9.6592874811498821e+05 3.2512488032747008e+05 1.6017923124399683e+17 6.7748688360706904e+27
1.7908516319110873e-13 9.6795489110599086e+05 3.2530545110175258e+05 1.6078143802929734e+17 6.9436178585825402e+27
1.7499521037262478e-13 9.6997951362709270e+05 3.2547127055703173e+05 1.6137152035889376e+17 7.1172447662672138e+27
1.7099866403047436e-13 9.7200234699116461e+05 3.2562207955679344e+05 1.6194912774876739e+17 7.2961276987488274e+27
1.6709339094449448e-13 9.7402268808628572e+05 3.2575762491424842e+05 1.6251382659333418e+17 7.4801787967153440e+27
1.6327730661307397e-13 9.7604011674791179e+05 3.2587756793825619e+05 1.6306514904877331e+17 7.6696865542090109e+27
1.5954837414051565e-13 9.7805450075942371e+05 3.2598157579870481e+05 1.6360269481668576e+17 7.8646581952547358e+27
1.5590460314981504e-13 9.8006575056645181e+05 3.2606936265309359e+05 1.6412612456001722e+17 8.0653863213441066e+27
1.5234404872026269e-13 9.8207359624563798e+05 3.2614070998349180e+05 1.6463513503246419e+17 8.2722072493052397e+27
1.4886481034931015e-13 9.8407748473967274e+05 3.2619539158426784e+05 1.6512935322099613e+17 8.4849540600061456e+27
1.4546503093815020e-13 9.8607720066161593e+05 3.2623318551685859e+05 1.6560848505196976e+17 8.7040483897453903e+27
1.4214289580045901e-13 9.8807184240476217e+05 3.2625391731284891e+05 1.6607213671107344e+17 8.9293415406309616e+27
1.3889663169377659e-13 9.9006088535496278e+05 3.2625725229580054e+05 1.6651982569848784e+17 9.1610299377217628e+27
1.3572450587301461e-13 9.9204423661754408e+05 3.2624280052865157e+05 1.6695111008477242e+17 9.4009326780433872e+27
1.3262482516557153e-13 9.9402209229440079e+05 3.2621026879450091e+05 1.6736571509669501e+17 9.6452200603045823e+27
1.2959593506757878e-13 9.9599426192311302e+05 3.2615956195076124e+05 1.6776350045182454e+17 9.8979183143434460e+27
1.2663621886078123e-13 9.9795928233319207e+05 3.2609068145478819e+05 1.6814413183233194e+17 1.0157732366095094e+28
1.2374409674958667e-13 9.9991650875387795e+05 3.2600328928777750e+05 1.6850709924002006e+17 1.0424822255029154e+28
1.2091802501782780e-13 1.0018657552910111e+06 3.2589694347723218e+05 1.6885189276152701e+17 1.0699555053672305e+28
1.1815649520477777e-13 1.0038070501780817e+06 3.2577127005943045e+05 1.6917812952607658e+17 1.0982287191175536e+28
1.1545803329998362e-13 1.0057401880696218e+06 3.2562602167826745e+05 1.6948550966691251e+17 1.1272960116731553e+28
1.1282119895649331e-13 1.0076646658939229e+06 3.2546103613905347e+05 1.6977375763587344e+17 1.1571547763657174e+28
1.1024458472204377e-13 1.0095802049108616e+06 3.2527607628430141e+05 1.7004256925603709e+17 1.1878944322391658e+28
1.0772681528781416e-13 1.0114864361344868e+06 3.2507104156051431e+05 1.7029177005990070e+17 1.2194723320582795e+28
1.0526654675433147e-13 1.0133823484208403e+06 3.2484585182103835e+05 1.7052104985382195e+17 1.2519391473413331e+28
1.0286246591414157e-13 1.0152675262648977e+06 3.2460018038403010e+05 1.7072998584054227e+17 1.2853215298224880e+28
1.0051328955086642e-13 1.0171417547954018e+06 3.2433365699402144e+05 1.7091816332859680e+17 1.3195874415116820e+28
9.8217763754265583e-14 1.0190049121158132e+06 3.2404598151286598e+05 1.7108527015422051e+17 1.3548042297339236e+28
9.5974663250940560e-14 1.0208568336599839e+06 3.2373698455164029e+05 1.7123112507558694e+17 1.3909907835971996e+28
9.3782790750328011e-14 1.0226965870320902e+06 3.2340676169342978e+05 1.7135563112033603e+17 1.4281529464317427e+28
9.1640976305625656e-14 1.0245235006889588e+06 3.2305509105230367e+05 1.7145842717124813e+17 1.4663300006398447e+28
8.9548076689313450e-14 1.0263371964929502e+06 3.2268163272809685e+05 1.7153910719462515e+17 1.5055235252337873e+28
8.7502974782940347e-14 1.0281374746985155e+06 3.2228601992488094e+05 1.7159729078284227e+17 1.5457255478027524e+28
8.5504578980841602e-14 1.0299241024655030e+06 3.2186798420867434e+05 1.7163269484251901e+17 1.5870763150385993e+28
8.3551822607479450e-14 1.0316968114066739e+06 3.2142735841195553e+05 1.7164513805265389e+17 1.6294599042725559e+28
8.1643663348086941e-14 1.0334550485826946e+06 3.2096406862300768e+05 1.7163446460135232e+17 1.6730141617346695e+28
7.9779082692314898e-14 1.0351985430018179e+06 3.2047790085587819e+05 1.7160045299781725e+17 1.7176581449799021e+28
7.7957085390588123e-14 1.0369270283378324e+06 3.1996875143216556e+05 1.7154300101748787e+17 1.7634995371089233e+28
7.6176698922872544e-14 1.0386399313435804e+06 3.1943662159176939e+05 1.7146203534209958e+17 1.8105358402487809e+28
7.4436972979579387e-14 1.0403370189734425e+06 3.1888134028060560e+05 1.7135740221421136e+17 1.8587694121126558e+28
7.2736978954321352e-14 1.0420179787570628e+06 3.1830297363844264e+05 1.7122917152493382e+17 1.9082352989198720e+28
7.1075809448253324e-14 1.0436817458230922e+06 3.1770179386670893e+05 1.7107741852125136e+17 1.9588912296798189e+28
6.9452577785735583e-14 1.0453278083137037e+06 3.1707755897618976e+05 1.7090184738237155e+17 2.0108360935020748e+28
6.7866417541055714e-14 1.0469557219264315e+06 3.1642996676385019e+05 1.7070212841624714e+17 2.0640684018420198e+28
6.6316482075959181e-14 1.0485651848528711e+06 3.1575867976092099e+05 1.7047794424567306e+17 2.1185395138023831e+28
6.4801944087744509e-14 1.0501558381541690e+06 3.1506345129987563e+05 1.7022905714084896e+17 2.1743725949822633e+28
6.3321995167676364e-14 1.0517273480641767e+06 3.1434404351051344e+05 1.6995525393912310e+17 2.2315318772529521e+28
6.1875845369483762e-14 1.0532795431614995e+06 3.1360016986911179e+05 1.6965632624494099e+17 2.2900516354248072e+28
6.0462722787715319e-14 1.0548122922564463e+06 3.1283168242595100e+05 1.6933222058063062e+17 2.3500700269841380e+28
5.9081873145721601e-14 1.0563255565744604e+06 3.1203857103890146e+05 1.6898305783601885e+17 2.4113958863258301e+28
5.7732559393047217e-14 1.0578186643760470e+06 3.1122147508127964e+05 1.6860941048574672e+17 2.4742487261636645e+28
5.6414061312020209e-14 1.0592909991472014e+06 3.1038051964288158e+05 1.6821136535397315e+17 2.5384859218743531e+28
5.5125675133322412e-14 1.0607422843397825e+06 3.0951558536751493e+05 1.6778886992711418e+17 2.6041607789221811e+28
5.3866713160343085e-14 1.0621721146747859e+06 3.0862681435715209e+05 1.6734209332414074e+17 2.6713439525060930e+28
5.2636503402109189e-14 1.0635798559086113e+06 3.0771433704042959e+05 1.6687112867295286e+17 2.7400023648371462e+28
5.1434389214598862e-14 1.0649650952378570e+06 3.0677800081082078e+05 1.6637586458595738e+17 2.8101311111298324e+28
5.0259728950248755e-14 1.0663274435010513e+06 3.0581763336887519e+05 1.6585618384631235e+17 2.8817690184888984e+28
4.9111895615462751e-14 1.0676666350332119e+06 3.0483301175227552e+05 1.6531196477797981e+17 2.9549207381607602e+28
4.7990276535945624e-14 1.0689824136961815e+06 3.0382403322352940e+05 1.6474321047750538e+17 3.0296168832045384e+28
4.6894273029677714e-14 1.0702745998193400e+06 3.0279065760345879e+05 1.6415001201367472e+17 3.1058519448482818e+28
4.5823300087358381e-14 1.0715428554498581e+06 3.0173322124344483e+05 1.6353277182909654e+17 3.1836655798713314e+28
4.4776786060149089e-14 1.0727867206408468e+06 3.0065192758996075e+05 1.6289173232005850e+17 3.2630643814252171e+28
4.3754172354546191e-14 1.0740059425315913e+06 2.9954673625500512e+05 1.6222697176762493e+17 3.3440734788942595e+28
4.2754913134222209e-14 1.0752003260196922e+06 2.9841772718080756e+05 1.6153870356966032e+17 3.4266286817393179e+28
4.1778475028678120e-14 1.0763694236121601e+06 2.9726533196416643e+05 1.6082739045799059e+17 3.5107422017320646e+28
4.0824336848547811e-14 1.0775128789891012e+06 2.9608959710583213e+05 1.6009317044260742e+17 3.5964668127829328e+28
3.9891989307404462e-14 1.0786304300530702e+06 2.9489051738260023e+05 1.5933616570041965e+17 3.6838523461978439e+28
3.8980934749921996e-14 1.0797218374708244e+06 2.9366825649378874e+05 1.5855666347237222e+17 3.7727357630470843e+28
3.8090686886242321e-14 1.0807867117566040e+06 2.9242307928932720e+05 1.5775499830438442e+17 3.8631995372857096e+28
3.7220770532411519e-14 1.0818247831910960e+06 2.9115501437831961e+05 1.5693133097317926e+17 3.9551963282909703e+28
3.6370721356742348e-14 1.0828358948943785e+06 2.8986411095559649e+05 1.5608586380243478e+17 4.0487985582755685e+28
3.5540085631969392e-14 1.0838196733419495e+06 2.8855069762600149e+05 1.5521904444483786e+17 4.1440985359327665e+28
3.4728419993065977e-14 1.0847759288421883e+06 2.8721505246445769e+05 1.5433124155898406e+17 4.2409622157546144e+28
3.3935291200589816e-14 1.0857043943065484e+06 2.8585724674442742e+05 1.5342267891420941e+17 4.3393621209513203e+28
3.3160275909435640e-14 1.0866049679525590e+06 2.8447739380607754e+05 1.5249364322124310e+17 4.4390960415056753e+28
3.2402960442867525e-14 1.0874772995722720e+06 2.8307602854397474e+05 1.5154476855600934e+17 4.5406497122087703e+28
3.1662940571711986e-14 1.0883212185650745e+06 2.8165349225811212e+05 1.5057648549656202e+17 4.6435235007795265e+28
3.0939821298595029e-14 1.0891364481493772e+06 2.8020989110849419e+05 1.4958904989153654e+17 4.7479715595547452e+28
3.0233216647105607e-14 1.0899228170293355e+06 2.7874535966332175e+05 1.4858276140723882e+17 4.8539546116999855e+28
2.9542749455774224e-14 1.0906801492835123e+06 2.7726026638196048e+05 1.4755811830716381e+17 4.9612400044013282e+28
2.8868051176757726e-14 1.0914082339346630e+06 2.7575489239449869e+05 1.4651553166490262e+17 5.0700161851150046e+28
2.8208761679120653e-14 1.0921069280586236e+06 2.7422940011014289e+05 1.4545533435418189e+17 5.1802236430098410e+28
2.7564529056609296e-14 1.0927761581959210e+06 2.7268399084079685e+05 1.4437791927681347e+17 5.2918664162863531e+28
2.6935009439816838e-14 1.0934159199509618e+06 2.7111936677666713e+05 1.4328409953765733e+17 5.4048471768982573e+28
2.6319866812637211e-14 1.0940259710500811e+06 2.6953620203742682e+05 1.4217459419986445e+17 5.5190587348338845e+28
2.5718772832910860e-14 1.0946061169371447e+06 2.6793468447742262e+05 1.4104973202479888e+17 5.6346066897769870e+28
2.5131406657167638e-14 1.0951562016492470e+06 2.6631501989636227e+05 1.3990986908817323e+17 5.7513714330317650e+28
2.4557454769370657e-14 1.0956761138424834e+06 2.6467750013931614e+05 1.3875544422841677e+17 5.8693136522496847e+28
2.3996610813572847e-14 1.0961657187762815e+06 2.6302253196708107e+05 1.3758697899134189e+17 5.9884182176512125e+28
2.3448575430394285e-14 1.0966249076694879e+06 2.6135035793453763e+05 1.3640486667050880e+17 6.1085780399525634e+28
2.2913056097234067e-14 1.0970536036302955e+06 2.5966123015933167e+05 1.3520952286206400e+17 6.2299344392885541e+28
2.2389766972132404e-14 1.0974518290166627e+06 2.5795547029599652e+05 1.3400144112082962e+17 6.3522453171746088e+28
2.1878428741197178e-14 1.0978196197176278e+06 2.5623387305100309e+05 1.3278148005521810e+17 6.4755637231442583e+28
2.1378768469516348e-14 1.0981569013120208e+06 2.5449686798896949e+05 1.3155017560705994e+17 6.5998015301786083e+28
2.0890519455474319e-14 1.0984636290451053e+06 2.5274474115707161e+05 1.3030795919073536e+17 6.7248507602747106e+28
2.0413421088395478e-14 1.0987398302541964e+06 2.5097780444870889e+05 1.2905530018659435e+17 6.8508684312414552e+28
1.9947218709439593e-14 1.0989856674591519e+06 2.4919668735349659e+05 1.2779293932406850e+17 6.9775027070501222e+28
1.9491663475673367e-14 1.0992011849674685e+06 2.4740232579782099e+05 1.2652180170841923e+17 7.1047508975557528e+28
1.9046512227246311e-14 1.0993863236795019e+06 2.4559505376253952e+05 1.2524232421013214e+17 7.2327993434871255e+28
1.8611527357600804e-14 1.0995410545001675e+06 2.4377519210819228e+05 1.2395493903372504e+17 7.3613119452764043e+28
1.8186476686645556e-14 1.0996653162104108e+06 2.4194307632616104e+05 1.2266009810841541e+17 7.4907334624275998e+28
1.7771133336825583e-14 1.0997594135936140e+06 2.4009923864287461e+05 1.2135840976321606e+17 7.6198384197642815e+28
1.7365275612023216e-14 1.0998231608127535e+06 2.3824415926257242e+05 1.2005042403136283e+17 7.7495621375995740e+28
1.6968686879223694e-14 1.0998566719011657e+06 2.3637818715513902e+05 1.1873659289815683e+17 7.8796424302819306e+28
1.6581155452884349e-14 1.0998600365223249e+06 2.3450168320841395e+05 1.1741738482774269e+17 8.0099710141448558e+28
1.6202474481943860e-14 1.0998334409897667e+06 2.3261505901033233e+05 1.1609332597351973e+17 8.1403990567496935e+28
1.5832441839412017e-14 1.0997772420973119e+06 2.3071935961578021e+05 1.1476541730175240e+17 8.2710304064074988e+28
1.5470860014481690e-14 1.0996915489553590e+06 2.2881525156423394e+05 1.1343431471201000e+17 8.4014345153541248e+28
1.5117536007103770e-14 1.0995764226445609e+06 2.2690310632715703e+05 1.1210044738847246e+17 8.5318008771696492e+28
1.4772281224970779e-14 1.0994319483599502e+06 2.2498330203961607e+05 1.1076425175887030e+17 8.6621377280321834e+28
1.4434911382852522e-14 1.0992582546306886e+06 2.2305622874526272e+05 1.0942617720579165e+17 8.7920457310394841e+28
1.4105246404230745e-14 1.0990555640030855e+06 2.2112249264658944e+05 1.0808683383863894e+17 8.9218014258428324e+28
1.3783110325180794e-14 1.0988240281677155e+06 2.1918259477904241e+05 1.0674673398795058e+17 9.0510884500450152e+28
1.3468331200447878e-14 1.0985637901023631e+06 2.1723692296327057e+05 1.0540630460256576e+17 9.1798653820027589e+28
1.3160741011668400e-14 1.0982750265424664e+06 2.1528587136495771e+05 1.0406598013127376e+17 9.3077465997536360e+28
1.2860175577687812e-14 1.0979579967439563e+06 2.1332984663142925e+05 1.0272621177814726e+17 9.4355365048831714e+28
1.2566474466926146e-14 1.0976131336012702e+06 2.1136963381266972e+05 1.0138773471315181e+17 9.5624353982311473e+28
1.2279480911744954e-14 1.0972407889969016e+06 2.0940607176326122e+05 1.0005127605142179e+17 9.6883849012663881e+28
1.1999041724770400e-14 1.0968411451246322e+06 2.0743955744968235e+05 9.8717228650648688e+16 9.8134705569444714e+28
1.1725007217126900e-14 1.0964144118264904e+06 2.0547048887215709e+05 9.7385985537011536e+16 9.9377317226106316e+28
1.1457231118538169e-14 1.0959608359093706e+06 2.0349926737243889e+05 9.6057943318050816e+16 1.0060734469752937e+29
1.1195570499253468e-14 1.0954807694277740e+06 2.0152639007986453e+05 9.4733574238357984e+16 1.0182808898368782e+29
1.0939885693756198e-14 1.0949746815692075e+06 1.9955271251846166e+05 9.3413585115365504e+16 1.0303691587203308e+29
1.0690040226215535e-14 1.0944428194943415e+06 1.9757869308760308e+05 9.2098373625019712e+16 1.0422899293869624e+29
1.0445900737640148e-14 1.0938853960905317e+06 1.9560467232990221e+05 9.0788249327031808e+16 1.0540977112745601e+29
1.0207336914695582e-14 1.0933026413302403e+06 1.9363092225598104e+05 8.9483480449496800e+16 1.0657524910386301e+29
9.9742214201477500e-15 1.0926949105157163e+06 1.9165783691133829e+05 8.8184429237077936e+16 1.0772555164777353e+29
9.7464298248943204e-15 1.0920627719518801e+06 1.8968611661986649e+05 8.6891675189475504e+16 1.0886254606629393e+29
9.5238405415489943e-15 1.0914067595894837e+06 1.8771658055686331e+05 8.5605842590460176e+16 1.0998109960267428e+29
9.3063347595421789e-15 1.0907271945102962e+06 1.8574961769112409e+05 8.4327244689810528e+16 1.1108100264995581e+29
9.0937963817038467e-15 1.0900244922000892e+06 1.8378574497450114e+05 8.3056280133168960e+16 1.1216624698795262e+29
8.8861119622950472e-15 1.0892990395409076e+06 1.8182547023285972e+05 8.1793324147405952e+16 1.1323070599589002e+29
8.6831706464543330e-15 1.0885511531083821e+06 1.7986916137067432e+05 8.0538648879118032e+16 1.1427534752943897e+29
8.4848641110271021e-15 1.0877811335890810e+06 1.7791711997230430e+05 7.9292478415961424e+16 1.1529933770769354e+29
8.2910865067466053e-15 1.0869893342327673e+06 1.7596965703028420e+05 7.8055047382064112e+16 1.1630391410820941e+29
8.1017344017351153e-15 1.0861761962646481e+06 1.7402713837883947e+05 7.6826630433964096e+16 1.1728809222645950e+29
7.9167067262954120e-15 1.0853424086952438e+06 1.7209027962926676e+05 7.5607733681777232e+16 1.1824846371004941e+29
7.7359047189634282e-15 1.0844885408633696e+06 1.7015974477775968e+05 7.4398794137329952e+16 1.1918747958254664e+29
7.5592318737926421e-15 1.0836149610835060e+06 1.6823587284582778e+05 7.3200021877298832e+16 1.2010647029978010e+29
7.3865938888424051e-15 1.0827220012716167e+06 1.6631893328659414e+05 7.2011577149818384e+16 1.2099779702852606e+29
7.2178986158429975e-15 1.0818100681638245e+06 1.6440918409628951e+05 7.0833618616045040e+16 1.2186757536732663e+29
7.0530560110097832e-15 1.0808796189256241e+06 1.6250695339263530e+05 6.9666351304296240e+16 1.2271278143878022e+29
6.8919780869811397e-15 1.0799313699759755e+06 1.6061281946718856e+05 6.8510145650503912e+16 1.2353564970883900e+29
6.7345788658535760e-15 1.0789660876380561e+06 1.5872759276540592e+05 6.7365486815071776e+16 1.2433059434562890e+29
6.5807743332898606e-15 1.0779841712179482e+06 1.5685158966862276e+05 6.6232524345667680e+16 1.2510220960909802e+29
6.4304823936749431e-15 1.0769859635571321e+06 1.5498505337196751e+05 6.5111354508206512e+16 1.2584794424153303e+29
6.2836228262960381e-15 1.0759717445318601e+06 1.5312806711153264e+05 6.4001977420493672e+16 1.2656708986218516e+29
6.1401172425237023e-15 1.0749419655134256e+06 1.5128089161733547e+05 6.2904509636785904e+16 1.2726193918715447e+29
5.9998890439705759e-15 1.0738971430275973e+06 1.4944382437396972e+05 6.1819090924209312e+16 1.2792854393786202e+29
5.8628633816057044e-15 1.0728379534540155e+06 1.4761737701023783e+05 6.0745986325688040e+16 1.2856615458785441e+29
5.7289671158028247e-15 1.0717649231368292e+06 1.4580188834917746e+05 5.9685338477232968e+16 1.2918188945639152e+29
5.5981287773008504e-15 1.0706785185364611e+06 1.4399761166115801e+05 5.8637233238618256e+16 1.2976714083671295e+29
5.4702785290559493e-15 1.0695792503801680e+06 1.4220483133804332e+05 5.7601772509980416e+16 1.3032735162010057e+29
5.3453481289650542e-15 1.0684676314005896e+06 1.4042382867434909e+05 5.6579050142354520e+16 1.3085912074052954e+29
5.2232708934404756e-15 1.0673441369752709e+06 1.3865483229783591e+05 5.5569123397646552e+16 1.3136224357507328e+29
5.1039816618164203e-15 1.0662092387898751e+06 1.3689805398538912e+05 5.4572036454837992e+16 1.3184257029769355e+29
4.9874167615685985e-15 1.0650634005350028e+06 1.3515365972274105e+05 5.3587805369347328e+16 1.3229505803753637e+29
4.8735139743278304e-15 1.0639071284821448e+06 1.3342185154184591e+05 5.2616467262318792e+16 1.3271842574040518e+29
4.7622125026701672e-15 1.0627409738658618e+06 1.3170283273592280e+05 5.1658059500414072e+16 1.3311358151079990e+29
4.6534529376651431e-15 1.0615656228207927e+06 1.2999694865982454e+05 5.0712699757109760e+16 1.3348908276816091e+29
4.5471772271654456e-15 1.0603816878289152e+06 1.2830449628877726e+05 4.9780465455646096e+16 1.3382733426159194e+29
4.4433286448206034e-15 1.0591896917621212e+06 1.2662565272637650e+05 4.8861360736041128e+16 1.3414420611051641e+29
4.3418517597983386e-15 1.0579901757973575e+06 1.2496059949192464e+05 4.7955390813702720e+16 1.3443284840765044e+29
4.2426924071975897e-15 1.0567837319528230e+06 1.2330956637672248e+05 4.7062584630667808e+16 1.3469399266387123e+29
4.1457976591370770e-15 1.0555708960186369e+06 1.2167271827774215e+05 4.6182929864071616e+16 1.3493215350957815e+29
4.0511157965041552e-15 1.0543521959347930e+06 1.2005020211375138e+05 4.5316402550957552e+16 1.3514345070182832e+29
3.9585962813490184e-15 1.0531281986493485e+06 1.1844218486495684e+05 4.4462988466778680e+16 1.3532837860868896e+29
3.8681897299092095e-15 1.0518994769155004e+06 1.1684884393399651e+05 4.3622675170436976e+16 1.3548932847269223e+29
3.7798478862502085e-15 1.0506665659978935e+06 1.1527030421600956e+05 4.2795418874907512e+16 1.3562568797838513e+29
3.6935235965081540e-15 1.0494300041280088e+06 1.1370668520470850e+05 4.1981172300369312e+16 1.3573453883478341e+29
3.6091707837206704e-15 1.0481904501864496e+06 1.1215820782897275e+05 4.1179941080071448e+16 1.3582134118683642e+29
3.5267444232325131e-15 1.0469484652180935e+06 1.1062503721617053e+05 4.0391692660341824e+16 1.3588276820008007e+29
3.4462005186630304e-15 1.0457045520569970e+06 1.0910726671794361e+05 3.9616352850819992e+16 1.3592114708154927e+29
3.3674960784223519e-15 1.0444591443475026e+06 1.0760496937286398e+05 3.8853833590117072e+16 1.3593981102035172e+29
3.2905890927639030e-15 1.0432125972940513e+06 1.0611808123607941e+05 3.8103975059638008e+16 1.3592228578036060e+29
3.2154385113611301e-15 1.0419653590357162e+06 1.0464663386514454e+05 3.7366672098953224e+16 1.3589789025331274e+29
3.1420042213961282e-15 1.0407179231093847e+06 1.0319069369991873e+05 3.6641836465793472e+16 1.3585056639446980e+29
3.0702470261488918e-15 1.0394707212643623e+06 1.0175028923284054e+05 3.5929357044369292e+16 1.3577742650448768e+29
3.0001286240753394e-15 1.0382240241413439e+06 1.0032526463051958e+05 3.5229031342738796e+16 1.3567787753704075e+29
2.9316115883633456e-15 1.0369782876577277e+06 9.8915627914186785e+04 3.4540747310246760e+16 1.3556372182135472e+29
2.8646593469555428e-15 1.0357340621500378e+06 9.7521422563551605e+04 3.3864410896376364e+16 1.3542668559989831e+29
2.7992361630283719e-15 1.0344918462146787e+06 9.6142677294729787e+04 3.3199919552202552e+16 1.3526813178143899e+29
2.7353071159170559e-15 1.0332521034409027e+06 9.4779372358346402e+04 3.2547147070586560e+16 1.3508709175925374e+29
2.6728380824761013e-15 1.0320153570195141e+06 9.3431525175795541e+04 3.1905987321586840e+16 1.3489820804974640e+29
2.6117957188654957e-15 1.0307821325637992e+06 9.2099156348287142e+04 3.1276335746481008e+16 1.3467689301479543e+29
2.5521474427529691e-15 1.0295529830294704e+06 9.0782294592369144e+04 3.0658092378526952e+16 1.3445310805332686e+29
2.4938614159226217e-15 1.0283285657342043e+06 8.9481044463090439e+04 3.0051191917039884e+16 1.3420434214692624e+29
2.4369065272807395e-15 1.0271092773348901e+06 8.8195428048343456e+04 2.9455524939349936e+16 1.3393391423149535e+29
2.3812523762498158e-15 1.0258956564799987e+06 8.6925442725546920e+04 2.8870968579294884e+16 1.3357082737603072e+29
2.3268692565417277e-15 1.0246880961863011e+06 8.5671055501659226e+04 2.8297382012134652e+16 1.3335251320419993e+29
2.2737281403015041e-15 1.0234865390454549e+06 8.4431895694516148e+04 2.7734467867032712e+16 1.3303897645713111e+29
2.2218006626133126e-15 1.0222913792175079e+06 8.3207829968622726e+04 2.7182055318891112e+16 1.3271051409739354e+29
2.1710591063601611e-15 1.0211031409437383e+06 8.1998840968385935e+04 2.6640029693208472e+16 1.3236302294287967e+29
2.1214763874295099e-15 1.0199223509448107e+06 8.0804908052629311e+04 2.6108275547638572e+16 1.3200552794790124e+29
2.0730260402566669e-15 1.0187495671877747e+06 7.9626041385271703e+04 2.5586691596120552e+16 1.3163465452027277e+29
2.0256822036983470e-15 1.0175853139706050e+06 7.8462235310773773e+04 2.5075167691264152e+16 1.3125248647611158e+29
1.9794196072289361e-15 1.0164300673607378e+06 7.7313455098410443e+04 2.4573579915715872e+16 1.3085660203182186e+29
1.9342135574518784e-15 1.0152842831870229e+06 7.6179661723149475e+04 2.4081801881858384e+16 1.3044764739489433e+29
1.8900399249192402e-15 1.0141483021341448e+06 7.5060743713324526e+04 2.3599673695265268e+16 1.3002660819680904e+29
1.8468751312522100e-15 1.0130224012381332e+06 7.3956510113468161e+04 2.3127005211432348e+16 1.2959878130236383e+29
1.8046961365557400e-15 1.0119070532988312e+06 7.2866909216278975e+04 2.2663671809567012e+16 1.2915501907841243e+29
1.7634804271206827e-15 1.0108027113212693e+06 7.1791889662677975e+04 2.2209548815975448e+16 1.2870919240271760e+29
1.7232060034067163e-15 1.0097097940788768e+06 7.0731382542589767e+04 2.1764502950827860e+16 1.2825191203329663e+29
1.6838513682997199e-15 1.0086284990480014e+06 6.9685182572374077e+04 2.1328343753580972e+16 1.2778075076802473e+29
1.6453955156373893e-15 1.0075592732880986e+06 6.8653190980014508e+04 2.0900932163798892e+16 1.2730506029387400e+29
1.6078179189968424e-15 1.0065025505152600e+06 6.7635346045826664e+04 2.0482145563600352e+16 1.2682476070595766e+29
1.5710985207382948e-15 1.0054587402031793e+06 6.6631582991221410e+04 2.0071859471585784e+16 1.2632953794430541e+29
1.5352177212990160e-15 1.0044281376641239e+06 6.5641732499369056e+04 1.9669904192452320e+16 1.2583732819381859e+29
1.5001563687317299e-15 1.0034107978830638e+06 6.4665565269297025e+04 1.9276091572458804e+16 1.2533009674466786e+29
1.4658957484819409e-15 1.0024073213013740e+06 6.3703009595035117e+04 1.8890302522988652e+16 1.2481944797769639e+29
1.4324175733987857e-15 1.0014180551404726e+06 6.2753993204403858e+04 1.8512417217192764e+16 1.2430283766964916e+29
1.3997039739739272e-15 1.0004433131468949e+06 6.1818422075997798e+04 1.8142304522671248e+16 1.2378215950944496e+29
1.3677374888034679e-15 9.9948296268855315e+05 6.0895857661906346e+04 1.7779695067183918e+16 1.2325256467638944e+29
1.3365010552676013e-15 9.9853732336325373e+05 5.9986087596807520e+04 1.7424425557295630e+16 1.2272087560988952e+29
1.3059780004232072e-15 9.9760689655532793e+05 5.9089037373712919e+04 1.7076390932872582e+16 1.2218880271145360e+29
1.2761520321043861e-15 9.9669217965573992e+05 5.8204630852766430e+04 1.6735486077834926e+16 1.2164758562114518e+29
1.2470072302262402e-15 9.9579364863562258e+05 5.7332781677875682e+04 1.6401602161076894e+16 1.2110666316478891e+29
1.2185280382873081e-15 9.9491173408604413e+05 5.6473373864972898e+04 1.6074619948039240e+16 1.2056147978933874e+29
1.1906992550660171e-15 9.9404692259090708e+05 5.5626322889958014e+04 1.5754434255793686e+16 1.2001529832172533e+29
1.1635060265067758e-15 9.9319968434169912e+05 5.4791545778352942e+04 1.5440940824311848e+16 1.1946811002602005e+29
1.1369338377914151e-15 9.9237047557864059e+05 5.3968959738097226e+04 1.5134036014515398e+16 1.1891996176186462e+29
1.1109685055916584e-15 9.9155967927713122e+05 5.3158443639762991e+04 1.4833601144988696e+16 1.1836977907613572e+29
1.0855961704985305e-15 9.9076763978053257e+05 5.2359834486993030e+04 1.4539504328639568e+16 1.1781793008413114e+29
1.0608032896247057e-15 9.8999480674278899e+05 5.1573043561394836e+04 1.4251643881874590e+16 1.1727051606591227e+29
1.0365766293757621e-15 9.8924160119092895e+05 5.0797983917861086e+04 1.3969918774164448e+16 1.1672086855999956e+29
1.0129032583865274e-15 9.8850838519990095e+05 5.0034566574127181e+04 1.3694225983881650e+16 1.1617480658080032e+29
9.8977054061878349e-16 9.8779518211929628e+05 4.9282494896538316e+04 1.3424383124210938e+16 1.1562814909601461e+29
9.6716612861656596e-16 9.8710206284735887e+05 4.8541345273150240e+04 1.3160173340941476e+16 1.1507728070026288e+29
9.4507795691550233e-16 9.8642960043305170e+05 4.7811029625145653e+04 1.2901510725293796e+16 1.1453541824427043e+29
9.2349423560270548e-16 9.8577839042773447e+05 4.7091463793657604e+04 1.2648311800657166e+16 1.1399851829013406e+29
9.0240344402369017e-16 9.8514903647373000e+05 4.6382563358417094e+04 1.2400494375842184e+16 1.1345799395881879e+29
8.8179432463306952e-16 9.8454224026574986e+05 4.5684300902679999e+04 1.2157998503082584e+16 1.1292673423335745e+29
8.6165587698563285e-16 9.8395867786037188e+05 4.4996694922899223e+04 1.1920777966127934e+16 1.1239339827233897e+29
8.4197735186470735e-16 9.8339886998952634e+05 4.4319659005637033e+04 1.1688747863539922e+16 1.1187300586585090e+29
8.2274824554458266e-16 9.8286329686522170e+05 4.3653084303263822e+04 1.1461815920190276e+16 1.1135074323586982e+29
8.0395829418396960e-16 9.8235245759636059e+05 4.2996873807636730e+04 1.1239895467324444e+16 1.1083568060525500e+29
