3.2190201293313868e-13 7.9295543924249057e+05 2.1365659030830985e+05 5.6367819781256672e+16 5.6660011299841171e+27
3.1455040422579523e-13 7.9471359350168379e+05 2.1439058327901462e+05 5.6940416891862696e+16 5.7400449081147975e+27
3.0736669179873227e-13 7.9649287724100868e+05 2.1512708779428041e+05 5.7520924733774336e+16 5.8164808454625880e+27
3.0034704123120306e-13 7.9829304345091339e+05 2.1586592833474200e+05 5.8109330024169704e+16 5.8953736218754564e+27
2.9348770567309088e-13 8.0011383937897347e+05 2.1660692838085556e+05 5.8705616746961072e+16 5.9767745115416117e+27
2.8678502384496474e-13 8.0195500226194796e+05 2.1734990179527027e+05 5.9309761417894776e+16 6.0607318139677773e+27
2.8023541808380952e-13 8.0381626693588973e+05 2.1809466751920659e+05 5.9921740908724680e+16 6.1473203916259502e+27
2.7383539243339982e-13 8.0569736116695171e+05 2.1884103605372214e+05 6.0541525271687760e+16 6.2366339077337951e+27
2.6758153077826833e-13 8.0759800423612364e+05 2.1958881517718409e+05 6.1169080127487728e+16 6.3287190910452785e+27
2.6147049502030802e-13 8.0951790838893491e+05 2.2033780916948168e+05 6.1804366339344648e+16 6.4236277622041326e+27
2.5549902329700563e-13 8.1145678069817589e+05 2.2108781903039763e+05 6.2447340272105256e+16 6.5212846067091489e+27
2.4966392824036748e-13 8.1341431932152167e+05 2.2183864134684385e+05 6.3097952501471896e+16 6.6222631617400658e+27
2.4396209527561776e-13 8.1539021785395464e+05 2.2259007018439999e+05 6.3756149256750856e+16 6.7261853532573220e+27
2.3839048095874118e-13 8.1738416114547593e+05 2.2334189526077863e+05 6.4421870763758168e+16 6.8330452230153438e+27
2.3294611135199348e-13 8.1939582523064199e+05 2.2409390172072334e+05 6.5095050991543440e+16 6.9434123734461456e+27
2.2762608043652196e-13 8.2142488220472797e+05 2.2484587180419840e+05 6.5775618957101112e+16 7.0570617686019610e+27
2.2242754856122370e-13 8.2347099391096213e+05 2.2559758391297259e+05 6.6463497259701088e+16 7.1739688175233051e+27
2.1734774092704342e-13 8.2553381642041414e+05 2.2634881194060732e+05 6.7158602200637728e+16 7.2944177357686854e+27
2.1238394610587749e-13 8.2761299653829925e+05 2.2709932614885402e+05 6.7860843580582488e+16 7.4185735151843628e+27
2.0753351459330338e-13 8.2970817527180933e+05 2.2784889239278121e+05 6.8570124595786816e+16 7.5461629067456003e+27
2.0279385739436994e-13 8.3181898368599860e+05 2.2859727252855606e+05 6.9286341287617664e+16 7.6778401853150011e+27
1.9816244464167733e-13 8.3394504768595868e+05 2.2934422508197807e+05 7.0009383510321232e+16 7.8131192706692840e+27
1.9363680424501784e-13 8.3608598126810871e+05 2.3008950279469049e+05 7.0739132373305632e+16 7.9526158127796961e+27
1.8921452057186395e-13 8.3824139289224357e+05 2.3083285565805159e+05 7.1475462651882520e+16 8.0960789211771581e+27
1.8489323315797983e-13 8.4041088270401373e+05 2.3157402882312390e+05 7.2218241128158624e+16 8.2437280772425147e+27
1.8067063544749140e-13 8.4259403993020067e+05 2.3231276237197811e+05 7.2967325814738224e+16 8.3956793378331628e+27
1.7654447356172308e-13 8.4479045070833177e+05 2.3304879413403865e+05 7.3722568605446384e+16 8.5519083569736725e+27
1.7251254509615205e-13 8.4699968417575059e+05 2.3378185436234379e+05 7.4483809995236400e+16 8.7130200666820166e+27
1.6857269794484432e-13 8.4922130990018381e+05 2.3451167295802123e+05 7.5250885600160992e+16 8.8786045697582649e+27
1.6472282915173154e-13 8.5145488118625316e+05 2.3523797109847772e+05 7.6023618721708464e+16 9.0489505243533779e+27
1.6096088378812286e-13 8.5369994571441959e+05 2.3596046830049524e+05 7.6801825823310688e+16 9.2242059598045484e+27
1.5728485385585821e-13 8.5595604428570310e+05 2.3667887973097886e+05 7.7585314630305600e+16 9.4045521127499182e+27
1.5369277721550511e-13 8.5822270177981886e+05 2.3739291350640898e+05 7.8373880971337760e+16 9.5900421785259358e+27
1.5018273653903382e-13 8.6049944114219095e+05 2.3810227590818348e+05 7.9167313882141888e+16 9.7808621956591327e+27
1.4675285828641733e-13 8.6278577113543754e+05 2.3880666688334857e+05 7.9965390827548832e+16 9.9771315320623482e+27
1.4340131170559475e-13 8.6508119319277012e+05 2.3950578338028947e+05 8.0767880565276112e+16 1.0179012960798426e+28
1.4012630785528241e-13 8.6738519821959350e+05 2.4019931586501744e+05 8.1574540536041808e+16 1.0386558736372015e+28
1.3692609865009619e-13 8.6969726786135975e+05 2.4088695166221814e+05 8.2385118769135248e+16 1.0600094509172769e+28
1.3379897592748152e-13 8.7201687087987631e+05 2.4156837230700676e+05 8.3199351544355616e+16 1.0819594541611828e+28
1.3074327053595787e-13 8.7434347231250198e+05 2.4224325624977739e+05 8.4016966489215584e+16 1.1045375650278430e+28
1.2775735144418075e-13 8.7667652366300940e+05 2.4291127647630218e+05 8.4837679274682304e+16 1.1277528135976687e+28
1.2483962487035142e-13 8.7901546311576886e+05 2.4357210079216314e+05 8.5661193706129088e+16 1.1516116267979339e+28
1.2198853343151398e-13 8.8135972317001468e+05 2.4422539309727575e+05 8.6487203646411648e+16 1.1761472092175196e+28
1.1920255531227354e-13 8.8370872511292342e+05 2.4487081225565862e+05 8.7315391295148816e+16 1.2013697086415909e+28
1.1648020345250644e-13 8.8606188026773324e+05 2.4550801518179441e+05 8.8145429042482496e+16 1.2272867779623121e+28
1.1382002475361681e-13 8.8841858412987355e+05 2.4613664930336428e+05 8.8976973845794368e+16 1.2539420299120439e+28
1.1122059930292060e-13 8.9077822826054308e+05 2.4675636114147969e+05 8.9809674427456608e+16 1.2813344311359587e+28
1.0868053961574760e-13 8.9314019316641998e+05 2.4736679262762674e+05 9.0643167650598096e+16 1.3094782116178673e+28
1.0619848989484781e-13 8.9550384304873925e+05 2.4796757979230990e+05 9.1477076617173184e+16 1.3384002591076416e+28
1.0377312530671194e-13 8.9786853404162405e+05 2.4855835494500236e+05 9.2311013413248048e+16 1.3681132869981634e+28
1.0140315127442344e-13 9.0023361195314606e+05 2.4913874585038165e+05 9.3144578265896576e+16 1.3986546623443880e+28
9.9087302786654092e-14 9.0259841525307274e+05 2.4970837792747808e+05 9.3977361209642608e+16 1.4300403835208881e+28
9.6824343722447039e-14 9.0496226756003499e+05 2.5026687053639386e+05 9.4808938480787392e+16 1.4622687506514435e+28
9.4613066191416244e-14 9.0732447704998520e+05 2.5081383790714081e+05 9.5638872744887664e+16 1.4953759914296221e+28
9.2452289889014709e-14 9.0968434693516744e+05 2.5134889230963221e+05 9.6466717170230096e+16 1.5293847189780733e+28
9.0340861466530458e-14 9.1204116742057924e+05 2.5187164138283586e+05 9.7292012195351280e+16 1.5643070331087217e+28
8.8277653915467126e-14 9.1439421908521978e+05 2.5238168924626397e+05 9.8114286847568976e+16 1.6001721646339274e+28
8.6261565965984190e-14 9.1674277085599664e+05 2.5287863602318292e+05 9.8933058054697488e+16 1.6369891720206256e+28
8.4291521499079223e-14 9.1908607818309066e+05 2.5336207784086897e+05 9.9747830324885136e+16 1.6747963008068297e+28
8.2366468972189389e-14 9.2142338634912577e+05 2.5383160845878103e+05 1.0055809737669672e+17 1.7135994844898952e+28
8.0485380857916392e-14 9.2375392768185656e+05 2.5428681649018888e+05 1.0136333997326885e+17 1.7534497352714489e+28
7.8647253095566201e-14 9.2607692508718045e+05 2.5472728858704801e+05 1.0216302872145894e+17 1.7943450645225635e+28
7.6851104555214882e-14 9.2839159153066704e+05 2.5515260852318554e+05 1.0295662342788274e+17 1.8363074196945094e+28
7.5095976514016738e-14 9.3069712661572918e+05 2.5556235623686790e+05 1.0374357194061845e+17 1.8793671345736473e+28
7.3380932144469785e-14 9.3299272100368503e+05 2.5595611043879262e+05 1.0452331282609530e+17 1.9235384391840119e+28
7.1705056014368311e-14 9.3527755131639296e+05 2.5633344523070261e+05 1.0529527227203274e+17 1.9688534298189790e+28
7.0067453598178163e-14 9.3755078621138760e+05 2.5669393450480603e+05 1.0605886833863194e+17 2.0153253703030194e+28
6.8467250799568601e-14 9.3981158011432970e+05 2.5703714795575337e+05 1.0681350730904338e+17 2.0629957336177856e+28
6.6903593484848655e-14 9.4205907919293316e+05 2.5736265513410693e+05 1.0755858768869672e+17 2.1118694472490958e+28
6.5375647027061655e-14 9.4429241840515193e+05 2.5767002376654392e+05 1.0829349879248000e+17 2.1619863224505618e+28
6.3882595860487590e-14 9.4651071838153165e+05 2.5795881774623960e+05 1.0901761896202909e+17 2.2133344201438382e+28
6.2423643045323891e-14 9.4871309377918311e+05 2.5822860253246018e+05 1.0973032113468714e+17 2.2659725203215664e+28
6.0998009842305238e-14 9.5089864613764675e+05 2.5847894075982075e+05 1.1043096877095768e+17 2.3199151342227755e+28
5.9604935297038399e-14 9.5306646828235185e+05 2.5870939578098917e+05 1.1111891940703536e+17 2.3751695196959851e+28
5.8243675833832225e-14 9.5521564191787853e+05 2.5891952925093219e+05 1.1179352288274291e+17 2.4317768279301355e+28
5.6913504858801535e-14 9.5734523892016930e+05 2.5910890345213073e+05 1.1245412350304477e+17 2.4897312209278990e+28
5.5613712372035363e-14 9.5945432223720849e+05 2.5927708134539920e+05 1.1310006066734765e+17 2.5491046235744965e+28
5.4343604588624891e-14 9.6154194357812603e+05 2.5942362515518229e+05 1.1373066778377346e+17 2.6098101995956856e+28
5.3102503568342835e-14 9.6360714734540100e+05 2.5954809892952966e+05 1.1434527524215973e+17 2.6720546359707588e+28
5.1889746853783699e-14 9.6564896621563344e+05 2.5965006715209177e+05 1.1494320907056859e+17 2.7356891141982962e+28
5.0704687116765862e-14 9.6766642562980345e+05 2.5972909629949316e+05 1.1552379327740118e+17 2.8008029614146085e+28
4.9546691812809293e-14 9.6965854259778548e+05 2.5978475505481800e+05 1.1608635036004536e+17 2.8673608208323640e+28
4.8415142843506109e-14 9.7162432620203856e+05 2.5981661372606369e+05 1.1663020147756614e+17 2.9354706277987256e+28
4.7309436226600102e-14 9.7356277759231359e+05 2.5982424559566236e+05 1.1715466790235634e+17 3.0050945370726280e+28
4.6228981773601006e-14 9.7547289017084625e+05 2.5980722763536213e+05 1.1765907207486835e+17 3.0762250075718082e+28
4.5173202774763370e-14 9.7735364936531684e+05 2.5976513966297923e+05 1.1814273750941621e+17 3.1489356043827197e+28
4.4141535691257061e-14 9.7920403351457568e+05 2.5969756534621920e+05 1.1860499035185875e+17 3.2231832761603543e+28
4.3133429854370726e-14 9.8102301463248231e+05 2.5960409329893341e+05 1.1904516083041080e+17 3.2990059344190518e+28
4.2148347171583062e-14 9.8280955811451841e+05 2.5948431698883823e+05 1.1946258379374050e+17 3.3764335157661999e+28
4.1185761839346866e-14 9.8456262372014695e+05 2.5933783494785754e+05 1.1985659964155058e+17 3.4554417187927712e+28
4.0245160062434068e-14 9.8628116497262043e+05 2.5916425264120291e+05 1.2022655627985488e+17 3.5360602759821599e+28
3.9326039779688827e-14 9.8796413248104998e+05 2.5896318151224870e+05 1.2057180961867931e+17 3.6182688296449211e+28
3.8427910396043917e-14 9.8961046972445433e+05 2.5873423957467324e+05 1.2089172405165067e+17 3.7021098555924081e+28
3.7550292520658963e-14 9.9121912550367170e+05 2.5847705131349439e+05 1.2118567611060352e+17 3.7875178118845692e+28
3.6692717711036662e-14 9.9278903664356750e+05 2.5819124803276500e+05 1.2145305080702109e+17 3.8745814443787865e+28
3.5854728222985274e-14 9.9431914256136003e+05 2.5787647432938864e+05 1.2169325032143510e+17 3.9632365459678017e+28
3.5035876766289865e-14 9.9580837006798608e+05 2.5753237860159189e+05 1.2190568465633566e+17 4.0535477313182174e+28
3.4235726265963641e-14 9.9725565021022828e+05 2.5715862307012713e+05 1.2208978325094630e+17 4.1454124860778254e+28
3.3453849628953101e-14 9.9865991107341810e+05 2.5675488005959403e+05 1.2224499140821242e+17 4.2389092901386130e+28
3.2689829516169862e-14 1.0000200950542527e+06 2.5632083051290191e+05 1.2237077499733488e+17 4.3339215253855365e+28
3.1943258119728911e-14 1.0013351330326741e+06 2.5585616148867368e+05 1.2246661227009723e+17 4.4305978838064203e+28
3.1213736945275441e-14 1.0026039536590506e+06 2.5536057885888426e+05 1.2253200503657760e+17 4.5287782878151152e+28
3.0500876599281773e-14 1.0038254864575152e+06 2.5483380218882085e+05 1.2256647716059464e+17 4.6283718257116072e+28
2.9804296581201980e-14 1.0049986643004756e+06 2.5427556692033928e+05 1.2256957727152907e+17 4.7297180528901181e+28
2.9123625080374542e-14 1.0061224391786198e+06 2.5368561121082611e+05 1.2254087593370662e+17 4.8324588644332432e+28
2.8458498777561519e-14 1.0071957549071519e+06 2.5306368698264606e+05 1.2247996511437238e+17 4.9366297611947972e+28
2.7808562651021981e-14 1.0082175515728951e+06 2.5240957081817405e+05 1.2238646686571813e+17 5.0422042740579551e+28
2.7173469787013121e-14 1.0091867785034516e+06 2.5172306021957143e+05 1.2226003535836336e+17 5.1491910674409077e+28
2.6552881194619221e-14 1.0101024045099636e+06 2.5100395799462066e+05 1.2210035105830194e+17 5.2575051786493091e+28
2.5946465624810620e-14 1.0109634026653980e+06 2.5025206932517080e+05 1.2190711493669101e+17 5.3670711509314436e+28
2.5353899393633415e-14 1.0117687369046883e+06 2.4946724061019931e+05 1.2168006865765651e+17 5.4780014437010025e+28
2.4774866209438755e-14 1.0125173884562544e+06 2.4864934606974042e+05 1.2141899463640251e+17 5.5900885894077673e+28
2.4209057004056813e-14 1.0132083660446951e+06 2.4779824477747962e+05 1.2112369392466925e+17 5.7033278157894165e+28
2.3656169767826436e-14 1.0138406677430447e+06 2.4691381888411302e+05 1.2079399792876494e+17 5.8176399813449110e+28
2.3115909388393298e-14 1.0144133014824803e+06 2.4599600286592645e+05 1.2042979245717346e+17 5.9329621557040865e+28
2.2587987493188676e-14 1.0149253056110770e+06 2.4504474277868186e+05 1.2003099987009291e+17 6.0492390721235293e+28
2.2072122295505734e-14 1.0153757242295922e+06 2.4405995244575394e+05 1.1959754627578024e+17 6.1664442228984258e+28
2.1568038444091938e-14 1.0157636012964010e+06 2.4304163060294336e+05 1.1912942865212379e+17 6.2843807555226979e+28
2.1075466876175677e-14 1.0160880207076869e+06 2.4198980551063761e+05 1.1862669453979539e+17 6.4030760572595962e+28
2.0594144673849456e-14 1.0163480698908229e+06 2.4090444031628582e+05 1.1808937653681914e+17 6.5224061716365427e+28
2.0123814923733822e-14 1.0165428408300370e+06 2.3978560340132378e+05 1.1751759086340814e+17 6.6422679949834680e+28
1.9664226579845482e-14 1.0166714785054837e+06 2.3863340174308201e+05 1.1691151324536661e+17 6.7626427723918352e+28
1.9215134329597289e-14 1.0167331099883489e+06 2.3744784943279493e+05 1.1627128328327070e+17 6.8832382411118206e+28
1.8776298462859299e-14 1.0167268943974125e+06 2.3622910765156863e+05 1.1559715462693024e+17 7.0041066564874055e+28
1.8347484744009064e-14 1.0166520450659187e+06 2.3497734171752699e+05 1.1488942095470624e+17 7.1252049895527647e+28
1.7928464286905166e-14 1.0165077274456408e+06 2.3369263018506538e+05 1.1414833480704120e+17 7.2462780858760173e+28
1.7519013432715379e-14 1.0162932022195186e+06 2.3237525905720645e+05 1.1337431233346462e+17 7.3671588501131136e+28
1.7118913630534992e-14 1.0160077196109592e+06 2.3102538049089359e+05 1.1256771436154238e+17 7.4879254021502234e+28
1.6727951320732288e-14 1.0156505263487669e+06 2.2964322445853185e+05 1.1172896287062875e+17 7.6082887265287950e+28
1.6345917820957135e-14 1.0152209944490211e+06 2.2822915307220427e+05 1.1085860775746136e+17 7.7281604196809342e+28
1.5972609214753953e-14 1.0147183739110507e+06 2.2678331314544121e+05 1.0995706738839467e+17 7.8474448268338367e+28
1.5607826242717837e-14 1.0141420938381566e+06 2.2530616603982984e+05 1.0902499753164290e+17 7.9659096371742572e+28
1.5251374196136503e-14 1.0134915062985626e+06 2.2379795124236131e+05 1.0806293330388856e+17 8.0835569149739099e+28
1.4903062813061807e-14 1.0127660157889576e+06 2.2225907239856385e+05 1.0707152705382589e+17 8.2001398410937974e+28
1.4562706176754193e-14 1.0119651484758739e+06 2.2068998970132240e+05 1.0605151212813424e+17 8.3154680505231820e+28
1.4230122616446519e-14 1.0110882578334700e+06 2.1909098685425954e+05 1.0500349683125098e+17 8.4295030947602671e+28
1.3905134610374737e-14 1.0101350237099672e+06 2.1746271325374203e+05 1.0392838269984621e+17 8.5420399618198318e+28
1.3587568691022661e-14 1.0091048023923413e+06 2.1580540965841978e+05 1.0282678738923400e+17 8.6528829139319637e+28
1.3277255352530748e-14 1.0079973792821581e+06 2.1411983558981444e+05 1.0169971956204362e+17 8.7619136162781262e+28
1.2974028960220039e-14 1.0068121624216373e+06 2.1240625695855537e+05 1.0054785049823051e+17 8.8689185297757085e+28
1.2677727662181585e-14 1.0055490125409545e+06 2.1066549272602826e+05 9.9372256015631168e+16 8.9737521627730270e+28
1.2388193302885790e-14 1.0042074123229900e+06 2.0889786374871107e+05 9.8173676580101248e+16 9.0765036023296849e+28
1.2105271338764212e-14 1.0027872942080862e+06 2.0710423331369719e+05 9.6953240767545552e+16 9.1766413657806690e+28
1.1828810755719337e-14 1.0012882095768159e+06 2.0528497264367243e+05 9.5711748203312560e+16 9.2741437803754676e+28
1.1558663988518750e-14 9.9971018994031346e+05 2.0344100615135478e+05 9.4450389033126608e+16 9.3688363272308449e+28
1.1294686842029451e-14 9.9805282082462520e+05 2.0157272336822230e+05 9.3169991483088096e+16 9.4605042249037617e+28
1.1036738414251746e-14 9.9631627791064058e+05 1.9968114369174300e+05 9.1871827447363360e+16 9.5491983101445881e+28
1.0784681021110425e-14 9.9450013386458531e+05 1.9776663424356826e+05 9.0556716974857616e+16 9.6345149800039327e+28
1.0538380122963555e-14 9.9260476452635101e+05 1.9583034372591221e+05 8.9226035073562384e+16 9.7163990003877998e+28
1.0297704252790087e-14 9.9062968513190746e+05 1.9387258943542236e+05 8.7880564821153664e+16 9.7946725690600317e+28
1.0062524946017095e-14 9.8857549736816005e+05 1.9189464889146670e+05 8.6521780797208000e+16 9.8691886433791528e+28
9.8327166719496531e-15 9.8644167932710249e+05 1.8989682161667716e+05 8.5150443364208768e+16 9.9397785753779081e+28
9.6081567667670761e-15 9.8422897917880281e+05 1.8788042621781031e+05 8.3768059524548976e+16 1.0006363594833138e+29
9.3887253680490293e-15 9.8193702000783663e+05 1.8584589932544652e+05 8.2375470974419792e+16 1.0068707491829436e+29
9.1743053507969402e-15 9.7956638689390791e+05 1.8379434907743442e+05 8.0974029797328848e+16 1.0126761701076217e+29
8.9647822649169046e-15 9.7711725689397531e+05 1.8172664498607395e+05 7.9564868639793632e+16 1.0180302511897173e+29
8.7600442741300027e-15 9.7458960092453856e+05 1.7964338350218258e+05 7.8148954797287760e+16 1.0229287157458238e+29
8.5599820962778106e-15 9.7198444063064782e+05 1.7754601178626600e+05 7.6727820532045008e+16 1.0273525145310379e+29
8.3644889449915518e-15 9.6930125285836379e+05 1.7543478171377518e+05 7.5302149610456800e+16 1.0313024960266718e+29
8.1734604726929013e-15 9.6654139762284770e+05 1.7331127137902132e+05 7.3873560013007760e+16 1.0347553330571724e+29
7.9867947148970423e-15 9.6370475762361300e+05 1.7117605417922777e+05 7.2442915725610032e+16 1.0377045570400999e+29
7.8043920357873994e-15 9.6079172975385922e+05 1.6902995173496305e+05 7.1011282694621168e+16 1.0401432893342858e+29
7.6261550750333390e-15 9.5780364031863667e+05 1.6687448715241833e+05 6.9580158186133648e+16 1.0420629630360284e+29
7.4519886958227757e-15 9.5473993044247956e+05 1.6470985941056092e+05 6.8150118651474400e+16 1.0434558408590771e+29
7.2817999340811255e-15 9.5160229956630268e+05 1.6253770193851384e+05 6.6722727044920800e+16 1.0443032206484926e+29
7.1154979488504736e-15 9.4839110538607638e+05 1.6035883542038006e+05 6.5298926049996472e+16 1.0446392456928951e+29
6.9529939738016756e-15 9.4510623997423099e+05 1.5817368926271526e+05 6.3879412936251336e+16 1.0444166407150693e+29
6.7942012698538316e-15 9.4174993720293429e+05 1.5598416167000361e+05 6.2465839412000920e+16 1.0436525469524124e+29
6.6390350788760941e-15 9.3832199496075523e+05 1.5379066345165239e+05 6.1058811269238616e+16 1.0423392941129997e+29
6.4874125784465820e-15 9.3482286814672477e+05 1.5159390665960734e+05 5.9659158316960416e+16 1.0404744483494912e+29
6.3392528376445151e-15 9.3125492275967624e+05 1.4939577234908388e+05 5.8268423859757416e+16 1.0380643761835069e+29
6.1944767738522115e-15 9.2761776101761300e+05 1.4719650777418987e+05 5.6887043566995680e+16 1.0350979904417606e+29
6.0530071105433964e-15 9.2391214537870651e+05 1.4499693718949205e+05 5.5515849339434384e+16 1.0315922634817512e+29
5.9147683360355606e-15 9.2014064857262082e+05 1.4279894343823870e+05 5.4156289881949504e+16 1.0275426183518561e+29
5.7796866631845657e-15 9.1630287690629251e+05 1.4060273686968311e+05 5.2808707664620160e+16 1.0229523400637385e+29
5.6476899899993942e-15 9.1239943119214079e+05 1.3840898857552523e+05 5.1473757758765008e+16 1.0178228374333926e+29
5.5187078611567269e-15 9.0843339233079518e+05 1.3621971886803210e+05 5.0152883246732760e+16 1.0121700108377278e+29
5.3926714303942244e-15 9.0440456520538533e+05 1.3403520532468695e+05 4.8846392271595784e+16 1.0059854154316620e+29
5.2695134237626757e-15 9.0031296113923762e+05 1.3185576504200738e+05 4.7554636043865376e+16 9.9929220811983118e+28
5.1491681037175870e-15 8.9616210347221280e+05 1.2968348106468015e+05 4.6279009142249016e+16 9.9211403228133448e+28
5.0315712340306568e-15 8.9195251308103208e+05 1.2751894497470374e+05 4.5019931069731600e+16 9.8443553310914754e+28
4.9166600455026066e-15 8.8768379351607093e+05 1.2536224584621580e+05 4.3777526206008768e+16 9.7626492641727239e+28
4.8043732024592674e-15 8.8335827873023215e+05 1.2321472387213260e+05 4.2552664038527752e+16 9.6762896450965162e+28
4.6946507700125237e-15 8.7897866362785490e+05 1.2107792978131797e+05 4.1346255640094392e+16 9.5846604364172432e+28
4.5874341820692560e-15 8.7454458966717042e+05 1.1895193647846862e+05 4.0158327939645016e+16 9.4900083279552484e+28
4.4826662100706952e-15 8.7005606263550359e+05 1.1683693499989477e+05 3.8988992456001160e+16 9.3902920580887067e+28
4.3802909324457148e-15 8.6551722830793133e+05 1.1473495687122224e+05 3.7839377261262032e+16 9.2865301514669318e+28
4.2802537047619157e-15 8.6092921376428113e+05 1.1264669688605724e+05 3.6709782359383776e+16 9.1788008987508355e+28
4.1825011305582337e-15 8.5629172141472239e+05 1.1057218503396213e+05 3.5600134656989652e+16 9.0672431448113241e+28
4.0869810328436777e-15 8.5160512614407926e+05 1.0851168868911585e+05 3.4510507120619916e+16 8.9519777900183460e+28
3.9936424262471357e-15 8.4687414457257930e+05 1.0646729379153515e+05 3.3441920399680844e+16 8.8332701025631182e+28
3.9024354898030699e-15 8.4209960700964031e+05 1.0443945690446223e+05 3.2394452199607296e+16 8.7114020839427612e+28
3.8133115403587362e-15 8.3728127511366876e+05 1.0242816332515402e+05 3.1367930574229032e+16 8.5864136530740693e+28
3.7262230065888876e-15 8.3241917880351946e+05 1.0043346632159334e+05 3.0362234275962992e+16 8.4583534050521979e+28
3.6411234036037017e-15 8.2751807447905547e+05 9.8457251255687792e+04 2.9378166381046868e+16 8.3277618798931185e+28
3.5579673081368338e-15 8.2257973349996971e+05 9.6500239717421180e+04 2.8415863250572892e+16 8.1947107597581975e+28
3.4767103342999834e-15 8.1760398108488636e+05 9.4562370805081446e+04 2.7475059505370428e+16 8.0593050354800908e+28
3.3973091098911764e-15 8.1259063012083597e+05 9.2643557883553964e+04 2.6555488121073952e+16 7.9217107918776798e+28
3.3197212532442642e-15 8.0754170753473858e+05 9.0744477228289965e+04 2.5657266072507688e+16 7.7821911273500488e+28
3.2439053506069207e-15 8.0246228817357484e+05 8.8866919610430268e+04 2.4780992397234312e+16 7.6410145550206196e+28
3.1698209340354926e-15 7.9735249555779365e+05 8.7010858601480562e+04 2.3926357648640220e+16 7.4983668500447416e+28
3.0974284597945469e-15 7.9221220149421983e+05 8.5176164431703291e+04 2.3093011477716728e+16 7.3543720389636484e+28
3.0266892872497367e-15 7.8704125671778806e+05 8.3362679916629888e+04 2.2280603538482088e+16 7.2092295853988195e+28
2.9575656582428250e-15 7.8184247396357672e+05 8.1571201364349094e+04 2.1489227229793684e+16 7.0631001714738928e+28
2.8900206769376280e-15 7.7662084108082601e+05 7.9803255652324282e+04 2.0719250088721660e+16 6.9163471587512873e+28
2.8240182901262406e-15 7.7137640286539146e+05 7.8058697006650109e+04 1.9970265445263328e+16 6.7690705162176533e+28
2.7595232679851346e-15 7.6610908120207919e+05 7.6337331123929776e+04 1.9241854833166116e+16 6.6214006688416262e+28
2.6965011852706457e-15 7.6081876235615881e+05 7.4638940177183787e+04 1.8533601640835172e+16 6.4735489133156826e+28
2.6349184029439158e-15 7.5550621515880211e+05 7.2963545549227652e+04 1.7845206752617106e+16 6.3256005758907359e+28
2.5747420502155919e-15 7.5017776940775441e+05 7.1312849952524266e+04 1.7177050599206564e+16 6.1779032533130822e+28
2.5159400070004830e-15 7.4483468699816393e+05 6.9686997781820566e+04 1.6528823380195094e+16 6.0306103591845193e+28
2.4584808867729238e-15 7.3947695265286346e+05 6.8085735873859870e+04 1.5900057877066046e+16 5.8838703169120534e+28
2.4023340198137904e-15 7.3410451011471055e+05 6.6508794208748208e+04 1.5290291652909768e+16 5.7377059974594304e+28
2.3474694368399683e-15 7.2871725849803339e+05 6.4955880982790673e+04 1.4699066931945898e+16 5.5923216771618436e+28
2.2938578530078511e-15 7.2331597699265601e+05 6.3426921233902969e+04 1.4126026211176874e+16 5.4478034811157468e+28
2.2414706522820097e-15 7.1790732591041864e+05 6.1923437581775761e+04 1.3571403137021046e+16 5.3044581871342471e+28
2.1902798721609983e-15 7.1249270046664949e+05 6.0445493382290573e+04 1.3034844229066620e+16 5.1624368546747476e+28
2.1402581887518932e-15 7.0707212194639712e+05 5.8992769822265698e+04 1.2515860616034694e+16 5.0217886618203874e+28
2.0913789021857055e-15 7.0164557033802324e+05 5.7564936089766830e+04 1.2013971386724170e+16 4.8826074743936704e+28
2.0436159223659542e-15 6.9621297921374743e+05 5.6161646874331425e+04 1.1528703406848450e+16 4.7449394064941631e+28
1.9969437550426350e-15 6.9077422689377470e+05 5.4782536019859093e+04 1.1059590746851226e+16 4.6089228554352311e+28
1.9513374882042358e-15 6.8533115291199042e+05 5.3427691555961857e+04 1.0606338964959386e+16 4.4746107307382074e+28
1.9067727787806024e-15 6.7989053088629839e+05 5.2098385837918955e+04 1.0169035076528776e+16 4.3422955338272410e+28
1.8632258396494137e-15 6.7445298198050668e+05 5.0794382601118145e+04 9.7472379276515940e+15 4.2119415346083529e+28
1.8206734269394037e-15 6.6901853867329168e+05 4.9515302944516901e+04 9.3404703655009600e+15 4.0837956266635760e+28
1.7790928276236214e-15 6.6358719441323821e+05 4.8260760891198232e+04 8.9482658006229920e+15 3.9576909221648909e+28
1.7384618473959691e-15 6.5815889895464981e+05 4.7030362135871219e+04 8.5701679887309870e+15 3.8337525496854100e+28
1.6987587988246164e-15 6.5273355033716443e+05 4.5823701263306677e+04 8.2057306078149080e+15 3.7119932774217916e+28
1.6599624897760323e-15 6.4731097846372309e+05 4.4640354070298599e+04 7.8545162583952510e+15 3.5924289802653720e+28
1.6220522121033244e-15 6.4189405455816316e+05 4.3480517363893305e+04 7.5162866956258610e+15 3.4751841559734260e+28
1.5850077305929172e-15 6.3648913310623332e+05 4.2345105640137765e+04 7.1909977730596790e+15 3.3604282696496640e+28
1.5488092721637310e-15 6.3109646055534016e+05 4.1233739815905770e+04 6.8782175358812420e+15 3.2481411519400270e+28
1.5134375153129339e-15 6.2571606129749049e+05 4.0145998337953562e+04 6.5775141590322020e+15 3.1383256840951739e+28
1.4788735798028324e-15 6.2034792598636786e+05 3.9081457661614899e+04 6.2884678205534670e+15 3.0309905683051277e+28
1.4450990165831953e-15 6.1499200813062629e+05 3.8039691771098871e+04 6.0106704255895170e+15 2.9261179568321254e+28
1.4120957979438228e-15 6.0964821916787594e+05 3.7020271230709026e+04 5.7437252750222480e+15 2.8237135345568335e+28
1.3798463078919499e-15 6.0431642031162232e+05 3.6022761204209499e+04 5.4872466083208050e+15 2.7237526345600084e+28
1.3483333327494143e-15 5.9899640609237098e+05 3.5046716580836081e+04 5.2408587988912180e+15 2.6262426526642627e+28
1.3175400519646156e-15 5.9368889427028387e+05 3.4091847244352146e+04 5.0042394612572360e+15 2.5311663386014073e+28
1.2874500291342615e-15 5.8840105797534017e+05 3.3158983338443206e+04 4.7773448737986820e+15 2.4386519465708995e+28
1.2580472032301595e-15 5.8313436411852366e+05 3.2247940076702467e+04 4.5598676114942070e+15 2.3486846356362784e+28
1.2293158800264213e-15 5.7788881556519074e+05 3.1358279320120659e+04 4.3514472890174245e+15 2.2612613127771326e+28
1.2012407237224021e-15 5.7266438930547249e+05 3.0489565462654318e+04 4.1517354686018180e+15 2.1763117201254577e+28
1.1738067487569600e-15 5.6746103509163391e+05 2.9641365400236136e+04 3.9603953484217225e+15 2.0938085257884469e+28
1.1469993118097031e-15 5.6227867309779022e+05 2.8813248357814493e+04 3.7771014317768230e+15 2.0137131341550308e+28
1.1208041039848700e-15 5.5711719111308455e+05 2.8004785572596578e+04 3.6015391899253565e+15 1.9359899874624656e+28
1.0952071431737150e-15 5.5197644007030898e+05 2.7215549678479467e+04 3.4334046939750340e+15 1.8605943669886574e+28
1.0701947665913678e-15 5.4685622761884099e+05 2.6445113567729950e+04 3.2724042012055180e+15 1.7874857766358278e+28
1.0457536234840687e-15 5.4175630542570620e+05 2.5693047963437886e+04 3.1182536039086210e+15 1.7166196592518678e+28
1.0218706680030263e-15 5.3667633760126261e+05 2.4958914434897208e+04 2.9706773782581110e+15 1.6479570332211267e+28
9.9853315224095396e-16 5.3161940722410299e+05 2.4242745981060376e+04 2.8295044239972735e+15 1.5815075729038374e+28
9.7572861942770176e-16 5.2659151426725788e+05 2.3544971306341427e+04 2.6946369060961905e+15 1.5172964604220973e+28
9.5344489728124342e-16 5.2159272124450409e+05 2.2865186248973772e+04 2.5658121958177120e+15 1.4552717754989980e+28
9.3167009151051697e-16 5.1662296029938146e+05 2.2202976473548206e+04 2.4427746569338990e+15 1.3953798693460556e+28
9.1039257946668005e-16 5.1168214542122395e+05 2.1557933444787039e+04 2.3252785189411835e+15 1.3375373334696252e+28
8.8960100393932515e-16 5.0677017196578166e+05 2.0929654424930643e+04 2.2130875509323138e+15 1.2817824885296464e+28
8.6928426709437652e-16 5.0188691581595287e+05 2.0317742427843652e+04 2.1059747376145405e+15 1.2279665816812735e+28
8.4943152455046742e-16 4.9703223230804439e+05 1.9721806140666915e+04 2.0037219610463665e+15 1.1760673964771330e+28
8.3003217959056739e-16 4.9220595494114287e+05 1.9141459804892238e+04 1.9061196880810615e+15 1.1260340360147505e+28
8.1107587750580622e-16 4.8740789348025684e+05 1.8576323019761123e+04 1.8129666581934265e+15 1.0778133672440816e+28
7.9255250006850377e-16 4.8263783166847925e+05 1.8026020483650824e+04 1.7240695781367105e+15 1.0313521619367036e+28
7.7445216013139494e-16 4.7789552289196692e+05 1.7490181481254935e+04 1.6392427948755942e+15 9.8660357830035211e+27
7.5676519635019771e-16 4.7318068498992320e+05 1.6968439200425299e+04 1.5583079753036920e+15 9.4351490465432991e+27
7.3948216802673647e-16 4.6849298965699598e+05 1.6460429315528061e+04 1.4810937226337688e+15 9.0203583576872498e+27
7.2259385006980963e-16 4.6383204029595439e+05 1.5965786816831618e+04 1.4074350523798460e+15 8.6211954250511753e+27
7.0609122807114129e-16 4.5919803329141083e+05 1.5484209377360921e+04 1.3371830662542328e+15 8.2372422813066228e+27
6.8996549349381848e-16 4.5459745360756892e+05 1.5016028604096295e+04 1.2702840198368968e+15 7.8685805112933901e+27
6.7420803897057115e-16 4.5003186432176019e+05 1.4561068602413088e+04 1.2066079372925360e+15 7.5148272792314969e+27
6.5881045370947608e-16 4.4550111341134814e+05 1.4118985121965863e+04 1.1460053195822755e+15 7.1754793514574522e+27
6.4376451900453998e-16 4.4100503897609701e+05 1.3689441029883290e+04 1.0883332240392748e+15 6.8500144326358856e+27
6.2906220384885453e-16 4.3654346926648245e+05 1.3272106240067376e+04 1.0334550020233638e+15 6.5379412471399881e+27
6.1469566064790951e-16 4.3211622261073056e+05 1.2866657630818672e+04 9.8124004430786050e+14 6.2387948865276074e+27
6.0065722103080769e-16 4.2772310746044072e+05 1.2472778967488088e+04 9.3156353679756912e+14 5.9520962907702358e+27
5.8693939175716463e-16 4.2336392222248035e+05 1.2090160806566684e+04 8.8430622246142162e+14 5.6774101014414887e+27
5.7353485071746533e-16 4.1903845511339075e+05 1.1718500403013380e+04 8.3935417287626750e+14 5.4142516108402121e+27
5.6043644302476402e-16 4.1474648398500017e+05 1.1357501608467976e+04 7.9659856726039888e+14 5.1622224216068594e+27
5.4763717719566454e-16 4.1048777601141232e+05 1.1006874760733723e+04 7.5593547888275962e+14 4.9209049740270879e+27
5.3513022141849718e-16 4.0626208731076965e+05 1.0666336568090319e+04 7.1726566932922162e+14 4.6898874536988056e+27
5.2290889990672395e-16 4.0206916242692788e+05 1.0335609982469017e+04 6.8049438960765750e+14 4.4687640611926430e+27
5.1096668933564521e-16 3.9790873375159153e+05 1.0014424064214845e+04 6.4553118859944588e+14 4.2571922721986325e+27
4.9929721536046393e-16 3.9378052057624038e+05 9.7025138280670835e+03 6.1228972730452500e+14 4.0547687142338928e+27
4.8789424921387215e-16 3.8968422730304988e+05 9.3996200283280014e+03 5.8068759446324588e+14 3.8611514149330883e+27
4.7675170438136157e-16 3.8561954540049826e+05 9.1054891790865458e+03 5.5064615845055338e+14 3.6759883792891117e+27
4.6586363335243380e-16 3.8158614422946546e+05 8.8198728689580312e+03 5.2209034576422569e+14 3.4989522928491300e+27
4.5522422444603728e-16 3.7758367494306847e+05 8.5425278869662725e+03 4.9494852592624162e+14 3.3297171899886073e+27
4.4482779870847503e-16 3.7361176178136928e+05 8.2732155340765094e+03 4.6915231548101412e+14 3.1679706223088523e+27
4.3466880688218631e-16 3.6966999699775060e+05 8.0117011092327593e+03 4.4463642223531506e+14 3.0134148810953287e+27
4.2474182644373580e-16 3.6575792047884403e+05 7.7577523036233515e+03 4.2133841197839769e+14 2.8657463968486543e+27
4.1504155870945073e-16 3.6187498015536211e+05 7.5111357489842721e+03 3.9919839918879369e+14 2.7247052466684662e+27
4.0556282600717477e-16 3.5802418758214888e+05 7.2718383558265950e+03 3.7817852464014794e+14 2.5901273171395701e+27
3.9630056891259754e-16 3.5420994843994465e+05 7.0399283731405412e+03 3.5824769934482562e+14 2.4619119089781426e+27
3.8724984354870194e-16 3.5043203361486946e+05 6.8151898239474513e+03 3.3935072335023794e+14 2.3397674549918248e+27
3.7840581894690065e-16 3.4669019258088840e+05 6.5974113359776111e+03 3.2143501923635100e+14 2.2234382552932175e+27
3.6976377446842517e-16 3.4298417235836905e+05 6.3863871949565537e+03 3.0445060841649375e+14 2.1126517385645415e+27
3.6131909728460497e-16 3.3931371769481682e+05 6.1819172240435373e+03 2.8834998820818544e+14 2.0071628453941329e+27
3.5306727991470642e-16 3.3567857119871659e+05 5.9838066630563744e+03 2.7308801420142125e+14 1.9067286347636445e+27
3.4500391781998818e-16 3.3207847345440357e+05 5.7918660487596308e+03 2.5862178785494181e+14 1.8111356384869395e+27
3.3712470705270466e-16 3.2851316313554166e+05 5.6059110958450738e+03 2.4491054906764134e+14 1.7201492881024595e+27
3.2942544195881390e-16 3.2498237716598838e+05 5.4257625810899608e+03 2.3191557376675653e+14 1.6335610110965732e+27
3.2190201293313867e-16 3.2148585081155441e+05 5.2512462263046073e+03 2.1960007586289894e+14 1.5511679142791421e+27
