2.4749787013273704e-13 8.9117093411166943e+05 2.4354281441838422e+05 8.2650084097787424e+16 1.0085482170699178e+28
2.4184550567394530e-13 8.9317268977677391e+05 2.4437503087704789e+05 8.3489560267040640e+16 1.0220532996610809e+28
2.3632223009966846e-13 8.9519747715323861e+05 2.4520971299356769e+05 8.4340259240924400e+16 1.0359731440534982e+28
2.3092509527373495e-13 8.9724499963076948e+05 2.4604665086370078e+05 8.5202145452196064e+16 1.0503478174815140e+28
2.2565122038960640e-13 8.9931495155794080e+05 2.4688562970228749e+05 8.6075176324665120e+16 1.0651687524587214e+28
2.2049779043269841e-13 9.0140702340732887e+05 2.4772643240445972e+05 8.6959304408516384e+16 1.0804552245180125e+28
2.1546205467781912e-13 9.0352089279332513e+05 2.4856883544459383e+05 8.7854473209487632e+16 1.0962209672424370e+28
2.1054132522093221e-13 9.0565623244848440e+05 2.4941261260694271e+05 8.8760620617257728e+16 1.1124719957825518e+28
2.0573297554443817e-13 9.0781270680768928e+05 2.5025753346989839e+05 8.9677677156902032e+16 1.1292311649182705e+28
2.0103443911523503e-13 9.0998996965333377e+05 2.5110336189048339e+05 9.0605564406416720e+16 1.1465001798332420e+28
1.9644320801478774e-13 9.1218766993454657e+05 2.5194985913621495e+05 9.1544197802804512e+16 1.1642951282218593e+28
1.9195683160048442e-13 9.1440544480589067e+05 2.5279678049842699e+05 9.2493482990438080e+16 1.1826334021074916e+28
1.8757291519757178e-13 9.1664292496201384e+05 2.5364387719843996e+05 9.3453317791762688e+16 1.2015262920818928e+28
1.8328911882095686e-13 9.1889973170017428e+05 2.5449089608309249e+05 9.4423591247737904e+16 1.2209906421582859e+28
1.7910315592620064e-13 9.2117547722553194e+05 2.5533757950142495e+05 9.5404183353863952e+16 1.2410384522354110e+28
1.7501279218904374e-13 9.2346976559633180e+05 2.5618366460052450e+05 9.6394964525911808e+16 1.2616899604753724e+28
1.7101584431279451e-13 9.2578219017855078e+05 2.5702888389795375e+05 9.7395795289856304e+16 1.2829585201090744e+28
1.6711017886296467e-13 9.2811233811267652e+05 2.5787296560983916e+05 9.8406527059080816e+16 1.3048564664547863e+28
1.6329371112851266e-13 9.3045978302781109e+05 2.5871563183009980e+05 9.9426999354588272e+16 1.3274028920024723e+28
1.5956440400909383e-13 9.3282409364608699e+05 2.5955660142757965e+05 1.0045704308055627e+17 1.3506198976969021e+28
1.5592026692772996e-13 9.3520482514161337e+05 2.6039558665419708e+05 1.0149647633121995e+17 1.3745175043170766e+28
1.5235935476830490e-13 9.3760152618123661e+05 2.6123229589949510e+05 1.0254510744647482e+17 1.3991251787119613e+28
1.4887976683732619e-13 9.4001373331683537e+05 2.6206643186941283e+05 1.0360273234080798e+17 1.4244515266621418e+28
1.4547964584940403e-13 9.4244097566977690e+05 2.6289769310328900e+05 1.0466913621743835e+17 1.4505132536301013e+28
1.4215717693589069e-13 9.4488276881253603e+05 2.6372577091372036e+05 1.0574409012721294e+17 1.4773334769370231e+28
1.3891058667616983e-13 9.4733861983526824e+05 2.6455035268654313e+05 1.0682735378057922e+17 1.5049404362327090e+28
1.3573814215106321e-13 9.4980802782523911e+05 2.6537112177648116e+05 1.0791867553676016e+17 1.5333521944219616e+28
1.3263815001785574e-13 9.5229047691460315e+05 2.6618775418747769e+05 1.0901778825446653e+17 1.5625752602056531e+28
1.2960895560645040e-13 9.5478544473543845e+05 2.6699992148424743e+05 1.1012441300120349e+17 1.5926494268023814e+28
1.2664894203615992e-13 9.5729239529215323e+05 2.6780729000877443e+05 1.1123825657474301e+17 1.6235923003050553e+28
1.2375652935266963e-13 9.5981078191048838e+05 2.6860951975935261e+05 1.1235901122368261e+17 1.6554050177889825e+28
1.2093017368471464e-13 9.6234005076264194e+05 2.6940626740233629e+05 1.1348635725827493e+17 1.6881395526393248e+28
1.1816836642001261e-13 9.6487963024249824e+05 2.7019718172507617e+05 1.1461995720118182e+17 1.7218435197293159e+28
1.1546963340001637e-13 9.6742894403591589e+05 2.7098190769667836e+05 1.1575946145692480e+17 1.7564902088296989e+28
1.1283253413306183e-13 9.6998740124406223e+05 2.7176008481418283e+05 1.1690450461360838e+17 1.7921130449993450e+28
1.1025566102547883e-13 9.7255439710822515e+05 2.7253134525770368e+05 1.1805470403351667e+17 1.8287694800423641e+28
1.0773763863026883e-13 9.7512932208588230e+05 2.7329531872361497e+05 1.1920966522624518e+17 1.8664502426660805e+28
1.0527712291293692e-13 9.7771154854262678e+05 2.7405162689942704e+05 1.2036897460815936e+17 1.9051996226318508e+28
1.0287280053409062e-13 9.8030043831712776e+05 2.7479988715272845e+05 1.2153220360843072e+17 1.9450399063234563e+28
1.0052338814842681e-13 9.8289534349750786e+05 2.7553971081423067e+05 1.2269890756285630e+17 1.9860116411683181e+28
9.8227631719724358e-14 9.8549560538226680e+05 2.7627070558949071e+05 1.2386862691618587e+17 2.0281331155951637e+28
9.5984305851481201e-14 9.8810054428595153e+05 2.7699247016755660e+05 1.2504088071275461e+17 2.0714290593888604e+28
9.3792213132842292e-14 9.9070947868876357e+05 2.7770460153269843e+05 1.2621517636679334e+17 2.1159291776721595e+28
9.1650183499459297e-14 9.9332171199686604e+05 2.7840668996999756e+05 1.2739100268822074e+17 2.1616828172573064e+28
8.9557073608952961e-14 9.9593653066556482e+05 2.7909831975873106e+05 1.2856782973035518e+17 2.2086918224659204e+28
8.7511766230634664e-14 9.9855321036004613e+05 2.7977907015644974e+05 1.2974511084177640e+17 2.2570268435985659e+28
8.5513169649165728e-14 1.0011710174137139e+06 2.8044851598438714e+05 1.3092228346970779e+17 2.3066824001690249e+28
8.3560217081839212e-14 1.0037892056504904e+06 2.8110622701220016e+05 1.3209876775657750e+17 2.3577202774650169e+28
8.1651866109166525e-14 1.0064070115422067e+06 2.8175176711331814e+05 1.3327396452953674e+17 2.4101493089953279e+28
7.9787098118468466e-14 1.0090236583694343e+06 2.8238469463536871e+05 1.3444725662067429e+17 2.4640173202661985e+28
7.7964917760176857e-14 1.0116383613705392e+06 2.8300456501000351e+05 1.3561801208127627e+17 2.5193530384472066e+28
7.6184352416548253e-14 1.0142503215737859e+06 2.8361092749544664e+05 1.3678558011081123e+17 2.5761948077479966e+28
7.4444451682516027e-14 1.0168587274169000e+06 2.8420332705603249e+05 1.3794929287086906e+17 2.6345727524202452e+28
7.2744286858395548e-14 1.0194627509551457e+06 2.8478130416774319e+05 1.3910846429474005e+17 2.6945270829095598e+28
7.1082950454175077e-14 1.0220615504247097e+06 2.8534439352885145e+05 1.4026238982762802e+17 2.7560998635688731e+28
6.9459555705130375e-14 1.0246542767623360e+06 2.8589212792220066e+05 1.4141035117712851e+17 2.8193201366543349e+28
6.7873236098498955e-14 1.0272400644000979e+06 2.8642403432639246e+05 1.4255161096033646e+17 2.8842121067835594e+28
6.6323144910964372e-14 1.0298180356304302e+06 2.8693963578657003e+05 1.4368541543820654e+17 2.9508514715381168e+28
6.4808454756706043e-14 1.0323873015928412e+06 2.8743845276191959e+05 1.4481099563366605e+17 3.0192246646630378e+28
6.3328357145766796e-14 1.0349469570129184e+06 2.8792000071366975e+05 1.4592756467237392e+17 3.0894281205538223e+28
6.1882062052510335e-14 1.0374960813777848e+06 2.8838379120509973e+05 1.4703431878040960e+17 3.1614556375815142e+28
6.0468797493931702e-14 1.0400337471028497e+06 2.8882933503851166e+05 1.4813044220268147e+17 3.2353505223355651e+28
5.9087809117598336e-14 1.0425590099002438e+06 2.8925613681986445e+05 1.4921510061831187e+17 3.3111774650441411e+28
5.7738359799003953e-14 1.0450709153677222e+06 2.8966370036114182e+05 1.5028744734235613e+17 3.3889301174288194e+28
5.6419729248115857e-14 1.0475684956123143e+06 2.9005152688112448e+05 1.5134662143274342e+17 3.4686939414730850e+28
5.5131213624907990e-14 1.0500507700473242e+06 2.9041911443777231e+05 1.5239174757765514e+17 3.5504708522422452e+28
5.3872125163676563e-14 1.0525167452326147e+06 2.9076595950261957e+05 1.5342193780424317e+17 3.6343204367042780e+28
5.2641791805933398e-14 1.0549654162977103e+06 2.9109155690783157e+05 1.5443629207756285e+17 3.7202827543728398e+28
5.1439556841683439e-14 1.0573957651108848e+06 2.9139539933912212e+05 1.5543389788315040e+17 3.8083685098788318e+28
5.0264778558896835e-14 1.0598067627810012e+06 2.9167697975377471e+05 1.5641383329748317e+17 3.8986617277732558e+28
4.9116829900983258e-14 1.0621973672423132e+06 2.9193578857777489e+05 1.5737516446281869e+17 3.9911712658108092e+28
4.7995098132091903e-14 1.0645665256377729e+06 2.9217131670628587e+05 1.5831694926121219e+17 4.0859227837393798e+28
4.6898984510053399e-14 1.0669131740694186e+06 2.9238305507896421e+05 1.5923823746469120e+17 4.1829569975739467e+28
4.5827903966791030e-14 1.0692362370439153e+06 2.9257049412348878e+05 1.6013807053327878e+17 4.2823179556320299e+28
4.4781284796032574e-14 1.0715346281532662e+06 2.9273312552580051e+05 1.6101548410383702e+17 4.3840664114848635e+28
4.3758568348152319e-14 1.0738072504884873e+06 2.9287044162298314e+05 1.6186950809646077e+17 4.4882301019685244e+28
4.2759208731982478e-14 1.0760529976984160e+06 2.9298193662325898e+05 1.6269916868445526e+17 4.5947818229632150e+28
4.1782672523436320e-14 1.0782707513756191e+06 2.9306710499596578e+05 1.6350348701094733e+17 4.7037893441315322e+28
4.0828438480783173e-14 1.0804593888146465e+06 2.9312544880815415e+05 1.6428148830174432e+17 4.8152853810791629e+28
3.9895997266428582e-14 1.0826177708983654e+06 2.9315646518542635e+05 1.6503218841560528e+17 4.9293585243137416e+28
3.8984851175046738e-14 1.0847447542700898e+06 2.9315965961337119e+05 1.6575460959612509e+17 5.0458174880118322e+28
3.8094513867921883e-14 1.0868391860956734e+06 2.9313454025035887e+05 1.6644777486064922e+17 5.1650533212442820e+28
3.7224510113358221e-14 1.0888999053938303e+06 2.9308061900521751e+05 1.6711071011353712e+17 5.2867005279899058e+28
3.6374375533016989e-14 1.0909257436150564e+06 2.9299741355255136e+05 1.6774244706590733e+17 5.4111812677151820e+28
3.5543656354046672e-14 1.0929155249890042e+06 2.9288444599034928e+05 1.6834202291010278e+17 5.5381679284921283e+28
3.4731909166875583e-14 1.0948680667818782e+06 2.9274124466787133e+05 1.6890848299959443e+17 5.6678260127602477e+28
3.3938700688533757e-14 1.0967821794536859e+06 2.9256734418168996e+05 1.6944088177655261e+17 5.8001478361295208e+28
3.3163607531382324e-14 1.0986566706947230e+06 2.9236228797743120e+05 1.6993828724852842e+17 5.9351507937519798e+28
3.2406215977123145e-14 1.1004903384596775e+06 2.9212562493193970e+05 1.7039977686881027e+17 6.0728476132694070e+28
3.1666121755969719e-14 1.1022819786931393e+06 2.9185691353781748e+05 1.7082444468830730e+17 6.2132542204062328e+28
3.0942929830862562e-14 1.1040303941724501e+06 2.9155572047990747e+05 1.7121140351339395e+17 6.3563325079155749e+28
3.0236254186611476e-14 1.1057343713132185e+06 2.9122162033971527e+05 1.7155977937413642e+17 6.5021116838757690e+28
2.9545717623853436e-14 1.1073926975438383e+06 2.9085419979165384e+05 1.7186872015307907e+17 6.6506284098778474e+28
2.8870951557717314e-14 1.1090041565920536e+06 2.9045305645271722e+05 1.7213739505599795e+17 6.8017894341179658e+28
2.8211595821084839e-14 1.1105675314230232e+06 2.9001780034922360e+05 1.7236499750972874e+17 6.9556698216075284e+28
2.7567298472346544e-14 1.1120816038251908e+06 2.8954805474141723e+05 1.7255074695172912e+17 7.1121878597935901e+28
2.6937715607546942e-14 1.1135451627411677e+06 2.8904345408707223e+05 1.7269389106502992e+17 7.2713295978372044e+28
2.6322511176820014e-14 1.1149570030234409e+06 2.8850364042080345e+05 1.7279370370611130e+17 7.4331036029675255e+28
2.5721356805017905e-14 1.1163159083996937e+06 2.8792827545883611e+05 1.7284948918150381e+17 7.5974717476164193e+28
2.5133931616435126e-14 1.1176206662710316e+06 2.8731703840154590e+05 1.7286058676701613e+17 7.7643534211541404e+28
2.4559922063535753e-14 1.1188700673798532e+06 2.8666962648114318e+05 1.7282637220578502e+17 7.9337808990638919e+28
2.3999021759593047e-14 1.1200629154827944e+06 2.8598575129449775e+05 1.7274625921555907e+17 8.1056627179097071e+28
2.3450931315150364e-14 1.1211980275668495e+06 2.8526512646456400e+05 1.7261969111142694e+17 8.2799509722496849e+28
2.2915358178216977e-14 1.1222742075772164e+06 2.8450749725407787e+05 1.7244615473272928e+17 8.4565920317209866e+28
2.2392016478114480e-14 1.1232902683587475e+06 2.8371263374908693e+05 1.7222518417872061e+17 8.6354143434071509e+28
2.1880626872888007e-14 1.1242450378533506e+06 2.8288032860580710e+05 1.7195636218179760e+17 8.8166645239438014e+28
2.1380916400203673e-14 1.1251373691800395e+06 2.8201036377394322e+05 1.7163929935203670e+17 8.9999564414499470e+28
2.0892618331650307e-14 1.1259661005614300e+06 2.8110255970654479e+05 1.7127365722958893e+17 9.1852937437589278e+28
2.0415472030368659e-14 1.1267300833946113e+06 2.8015677524097409e+05 1.7085915943499750e+17 9.3726142537182815e+28
1.9949222811932948e-14 1.1274281964710995e+06 2.7917288947521412e+05 1.7039558368770598e+17 9.5617909744683244e+28
1.9493621808408303e-14 1.1280593339612493e+06 2.7815075588564348e+05 1.6988272371690355e+17 9.7527622340834114e+28
1.9048425835514150e-14 1.1286223810987421e+06 2.7709029712670681e+05 1.6932045126489578e+17 9.9453804484056676e+28
1.8613397262820464e-14 1.1291162552359079e+06 2.7599148219323688e+05 1.6870871467738064e+17 1.0139472309928757e+29
1.8188303886908533e-14 1.1295399032619309e+06 2.7485424066809542e+05 1.6804747524210525e+17 1.0335075530506659e+29
1.7772918807429149e-14 1.1298922587087485e+06 2.7367854524888203e+05 1.6733675172330438e+17 1.0531938408703947e+29
1.7367020305990698e-14 1.1301722932055674e+06 2.7246445434460766e+05 1.6657667081420461e+17 1.0729875935645087e+29
1.6970391727813243e-14 1.1303790124535181e+06 2.7121198760948295e+05 1.6576737551476499e+17 1.0928803612955436e+29
1.6582821366086009e-14 1.1305114034608223e+06 2.6992117303367227e+05 1.6490903913901821e+17 1.1128589095034282e+29
1.6204102348965293e-14 1.1305685112465273e+06 2.6859217132186849e+05 1.6400198295101155e+17 1.1328944824685801e+29
1.5834032529153134e-14 1.1305494046221571e+06 2.6722506925497187e+05 1.6304651615578992e+17 1.1529898754238907e+29
1.5472414375998374e-14 1.1304531312835917e+06 2.6581998187337758e+05 1.6204299096088170e+17 1.1731136781041429e+29
1.5119054870061324e-14 1.1302788358920759e+06 2.6437718199119734e+05 1.6099193659317085e+17 1.1932441697759376e+29
1.4773765400086393e-14 1.1300256325222023e+06 2.6289678462244931e+05 1.5989379224525984e+17 1.2133670643071318e+29
1.4436361662328268e-14 1.1296926647664818e+06 2.6137905064767704e+05 1.5874913797238429e+17 1.2334632651246286e+29
1.4106663562176356e-14 1.1292791841633597e+06 2.5982432901205812e+05 1.5755868314736394e+17 1.2535106137400268e+29
1.3784495118026859e-14 1.1287843320019902e+06 2.5823277358715195e+05 1.5632299281328845e+17 1.2734866956608442e+29
1.3469684367349601e-14 1.1282074247977783e+06 2.5660485601796969e+05 1.5504293746892966e+17 1.2933657866366904e+29
1.3162063274900131e-14 1.1275477243699620e+06 2.5494084401465947e+05 1.5371925886805453e+17 1.3131270008665600e+29
1.2861467643028632e-14 1.1268045130163652e+06 2.5324112888847757e+05 1.5235281286093571e+17 1.3327502660124417e+29
1.2567737024036370e-14 1.1259772460954925e+06 2.5150624329029041e+05 1.5094463560222666e+17 1.3521961669783899e+29
1.2280714634534571e-14 1.1250651636688078e+06 2.4973644797908934e+05 1.4949553170329699e+17 1.3714742403440733e+29
1.2000247271758616e-14 1.1240678570624171e+06 2.4793245629089919e+05 1.4800674530173005e+17 1.3905251221585405e+29
1.1726185231793494e-14 1.1229846241364342e+06 2.4609454349213740e+05 1.4647915698054304e+17 1.4093326742956138e+29
1.1458382229667251e-14 1.1218151061431989e+06 2.4422347084915880e+05 1.4491409431797837e+17 1.4278788038765099e+29
1.1196695321268907e-14 1.1205587419934955e+06 2.4231964024693027e+05 1.4331260710549392e+17 1.4461244629970105e+29
1.0940984827049631e-14 1.1192151616218281e+06 2.4038377260621212e+05 1.4167602333614707e+17 1.4640500532549535e+29
1.0691114257466839e-14 1.1177839963962259e+06 2.3841645592451212e+05 1.4000560575109675e+17 1.4816286004118314e+29
1.0446950240130581e-14 1.1162648404783397e+06 2.3641833762627444e+05 1.3830264931377872e+17 1.4988271947150467e+29
1.0208362448613788e-14 1.1146575254648291e+06 2.3439019097471450e+05 1.3656861875233976e+17 1.5156225595452878e+29
9.9752235328887650e-15 1.1129616290976773e+06 2.3233261427349842e+05 1.3480479239839859e+17 1.5319880061810623e+29
9.7474090513517563e-15 1.1111771494136073e+06 2.3024651355064349e+05 1.3301278104872083e+17 1.5478732774965002e+29
9.5247974044005463e-15 1.1093037007681578e+06 2.2813250032267853e+05 1.3119389441928640e+17 1.5633116273005529e+29
9.3072697695286094e-15 1.1073413911988300e+06 2.2599154212032023e+05 1.2934981709451875e+17 1.5782063606638275e+29
9.0947100379016030e-15 1.1052899509274326e+06 2.2382434121981627e+05 1.2748195128250947e+17 1.5925768990392735e+29
8.8870047523826914e-15 1.1031494961563151e+06 2.2163182481647213e+05 1.2559195476076789e+17 1.6063734710537227e+29
8.6840430469726990e-15 1.1009200059756495e+06 2.1941489728059687e+05 1.2368141479272802e+17 1.6195708136378460e+29
8.4857165876338748e-15 1.0986014496362137e+06 2.1717431771916343e+05 1.2175183559665984e+17 1.6321449642048033e+29
8.2919195144647651e-15 1.0961942138411701e+06 2.1491130020758341e+05 1.1980508176028846e+17 1.6440760994733187e+29
8.1025483851957095e-15 1.0936979987020798e+06 2.1262636387394613e+05 1.1784242426942774e+17 1.6553445578216865e+29
7.9175021199750919e-15 1.0911136689056833e+06 2.1032104239663621e+05 1.1586601156778645e+17 1.6659050224719862e+29
7.7366819474162484e-15 1.0884406808296901e+06 2.0799567525974044e+05 1.1387692017108037e+17 1.6757641261124517e+29
7.5599913518765863e-15 1.0856802241921637e+06 2.0565194851589529e+05 1.1187742881920603e+17 1.6848704020363750e+29
7.3873360219410102e-15 1.0828318692441138e+06 2.0329032165267991e+05 1.0986867587794168e+17 1.6932051809207587e+29
7.2186238000816075e-15 1.0798965208405235e+06 2.0091215862918971e+05 1.0785263756691142e+17 1.7007792100054867e+29
7.0537646334670165e-15 1.0768746157871061e+06 1.9851856411009550e+05 1.0583098098368254e+17 1.7075396891345688e+29
6.8926705258954730e-15 1.0737660436519762e+06 1.9611012245593197e+05 1.0380494774095621e+17 1.7134828634222456e+29
6.7352554908253478e-15 1.0705724349107041e+06 1.9368870538964903e+05 1.0177685597670147e+17 1.7185409591104242e+29
6.5814355054783810e-15 1.0672932156231867e+06 1.9125460977426695e+05 9.9747618336419984e+16 1.7228442323280063e+29
6.4311284659913815e-15 1.0639298763813814e+06 1.8880946913044722e+05 9.7719325515864416e+16 1.7262312132661733e+29
6.2842541435917669e-15 1.0604830383562122e+06 1.8635440556902721e+05 9.5693533893891168e+16 1.7287321035621477e+29
6.1407341417743682e-15 1.0569524870432417e+06 1.8388987750590377e+05 9.3671255005871520e+16 1.7303707343147603e+29
6.0004918544559639e-15 1.0533405246146906e+06 1.8141799151387188e+05 9.1654860290726000e+16 1.7310650493691060e+29
5.8634524250854973e-15 1.0496469047858636e+06 1.7893923063670535e+05 8.9645277780702992e+16 1.7309022304621866e+29
5.7295427066883697e-15 1.0458722977310512e+06 1.7645454409108713e+05 8.7643860889662416e+16 1.7298300875409793e+29
5.5986912228228883e-15 1.0420189830245709e+06 1.7396593478729657e+05 8.5652754144464880e+16 1.7278055480110432e+29
5.4708281294287465e-15 1.0380864012417551e+06 1.7147363418815684e+05 8.3672596006404592e+16 1.7248500676297927e+29
5.3458851775465707e-15 1.0340760022973076e+06 1.6897897945525858e+05 8.1704957490744368e+16 1.7210609752760458e+29
5.2237956768888882e-15 1.0299898837803049e+06 1.6648375684053078e+05 7.9751668668948928e+16 1.7163019332221570e+29
5.1044944602432621e-15 1.0258274519676040e+06 1.6398813371713084e+05 7.7813225769901184e+16 1.7106179707024722e+29
4.9879178486881839e-15 1.0215904606558267e+06 1.6149352328465547e+05 7.5891142153881744e+16 1.7040451208149820e+29
4.8740036176033775e-15 1.0172812395811919e+06 1.5900172323262249e+05 7.3987125102466640e+16 1.6965594111963285e+29
4.7626909634565423e-15 1.0128992450906085e+06 1.5651289166841141e+05 7.2101559848836288e+16 1.6881817740143479e+29
4.6539204713484374e-15 1.0084458169270750e+06 1.5402811689468808e+05 7.0235580824963216e+16 1.6789124574461159e+29
4.5476340832991782e-15 1.0039241610506298e+06 1.5154952459692996e+05 6.8391022863490416e+16 1.6687790882171457e+29
4.4437750672590009e-15 9.9933389034693316e+05 1.4907731763161244e+05 6.6568192167693624e+16 1.6577864977313556e+29
4.3422879868264759e-15 9.9467532618266705e+05 1.4661198750318607e+05 6.4767640525815472e+16 1.6459428922466127e+29
4.2431186716585805e-15 9.8995260664127802e+05 1.4415594925370259e+05 6.2991301742101744e+16 1.6332833254953839e+29
4.1462141885563562e-15 9.8516607635629585e+05 1.4170972649166425e+05 6.1239605834321136e+16 1.6198179439999282e+29
4.0515228132109237e-15 9.8031533868469438e+05 1.3927342474784621e+05 5.9512686189474488e+16 1.6055538647668134e+29
3.9589940025949163e-15 9.7540327930686704e+05 1.3684865372075388e+05 5.7811773009602384e+16 1.5905235525423759e+29
3.8685783679842763e-15 9.7043286657454842e+05 1.3443710255158297e+05 5.6138036912637048e+16 1.5747567778754844e+29
3.7802276485961959e-15 9.6540374303798191e+05 1.3203885541685042e+05 5.4491468390831688e+16 1.5582759539181031e+29
3.6938946858292692e-15 9.6031585074402695e+05 1.2965408196898703e+05 5.2872140341305408e+16 1.5410903835577987e+29
3.6095333980917095e-15 9.5517381328354159e+05 1.2728501640130450e+05 5.1281530742067168e+16 1.5232367701982518e+29
3.5270987562046777e-15 9.4997924085022986e+05 1.2493256785687519e+05 4.9720092893541368e+16 1.5047647914019735e+29
3.4465467593671933e-15 9.4473184905533574e+05 1.2259677233770936e+05 4.8187674758031288e+16 1.4856686825977690e+29
3.3678344116699670e-15 9.3943169287073484e+05 1.2027776212365383e+05 4.6684210332019632e+16 1.4659855785031267e+29
3.2909196991457353e-15 9.3408386672695249e+05 1.1797775197168715e+05 4.5210982479925192e+16 1.4457646517940717e+29
3.2157615673435931e-15 9.2869010548789799e+05 1.1569756413016490e+05 4.3768253407096872e+16 1.4250274398142379e+29
3.1423198994154897e-15 9.2325019563389500e+05 1.1343718273978490e+05 4.2355731743743208e+16 1.4038069692318586e+29
3.0705554947033023e-15 9.1776392900489946e+05 1.1119656169030964e+05 4.0973124529959416e+16 1.3821172774553283e+29
3.0004300478148207e-15 9.1223514672106528e+05 1.0897718632606973e+05 3.9621104159026472e+16 1.3600077079216766e+29
2.9319061281775986e-15 9.0666777506896423e+05 1.0678059025407808e+05 3.8300271446310280e+16 1.3375233792753445e+29
2.8649471600598776e-15 9.0106168048977735e+05 1.0460670384432445e+05 3.7010206128587688e+16 1.3146858038112878e+29
2.7995174030476097e-15 8.9541670413413807e+05 1.0245543037699835e+05 3.5750484505172252e+16 1.2915190977091203e+29
2.7355819329675293e-15 8.8973321560358908e+05 1.0032682363043856e+05 3.4520794366613292e+16 1.2680523165479940e+29
2.6731066232457812e-15 8.8401735225467430e+05 9.8222993709967763e+04 3.3322002327158520e+16 1.2443453947413977e+29
2.6120581266922881e-15 8.7827088218310720e+05 9.6144473020412639e+04 3.2153967608385100e+16 1.2204237622793714e+29
2.5524038577012348e-15 8.7249372949165257e+05 9.4091113355784866e+04 3.1016154969983124e+16 1.1963139687962039e+29
2.4941119748578960e-15 8.6668578356728388e+05 9.2062740142067516e+04 2.9908028846295804e+16 1.1720410254253298e+29
2.4371513639428494e-15 8.6084723306481342e+05 9.0059244783164642e+04 2.8829112499925236e+16 1.1476292191551514e+29
2.3814916213242325e-15 8.5498431468830176e+05 8.8082490370193860e+04 2.7779991653862836e+16 1.1231402090794362e+29
2.3271030377292948e-15 8.4909950626617530e+05 8.6133091222346731e+04 2.6760494443928376e+16 1.0985993408782458e+29
2.2739565823866575e-15 8.4319279666682845e+05 8.4210824841204347e+04 2.5769996494766504e+16 1.0740296559791878e+29
2.2220238875306483e-15 8.3726413216826145e+05 8.2315446872981804e+04 2.4807877011897036e+16 1.0494585016784814e+29
2.1712772332595288e-15 8.3131341616855760e+05 8.0446684766289371e+04 2.3873519015865876e+16 1.0248976738134177e+29
2.1216895327396102e-15 8.2534247949494224e+05 7.8604808188432144e+04 2.2966601468087448e+16 1.0003910070410515e+29
2.0732343177471990e-15 8.1935832832113211e+05 7.6791625644597298e+04 2.2087529243499024e+16 9.7594793563741619e+28
2.0258857245407333e-15 8.1336165499886125e+05 7.5007036068562331e+04 2.1235713123373196e+16 9.5168686730249924e+28
1.9796184800556548e-15 8.0735248171513446e+05 7.3250731747545098e+04 2.0410475688585104e+16 9.2753541669509633e+28
1.9344078884144789e-15 8.0133078405484627e+05 7.1522387005370430e+04 1.9611147785594152e+16 9.0353708657030871e+28
1.8902298177449563e-15 7.9529648557498318e+05 6.9821653288012065e+04 1.8837068269544040e+16 8.7970983844446124e+28
1.8470606872993571e-15 7.8924998425404972e+05 6.8148285956504929e+04 1.8087647532967752e+16 8.5607378204623123e+28
1.8048774548678089e-15 7.8319844656835403e+05 6.6503831703265387e+04 1.7363098890260106e+16 8.3267408596542405e+28
1.7636576044792133e-15 7.7714424600352289e+05 6.4888536954286581e+04 1.6662998747495026e+16 8.0953319584499663e+28
1.7233791343829267e-15 7.7108745127927035e+05 6.3302023375647921e+04 1.5986652376054304e+16 7.8666391916197507e+28
1.6840205453050288e-15 7.6502808655574464e+05 6.1743900884719711e+04 1.5333377675543832e+16 7.6407499789771593e+28
1.6455608289727206e-15 7.5896612681656436e+05 6.0213765992761138e+04 1.4702505045565990e+16 7.4178092257008871e+28
1.6079794569008040e-15 7.5290148949263641e+05 5.8711197700375677e+04 1.4093376846210302e+16 7.1978788144641923e+28
1.5712563694343186e-15 7.4683408556302951e+05 5.7235760381407177e+04 1.3505352217493124e+16 6.9810934315205785e+28
1.5353719650413600e-15 7.4077004501168558e+05 5.5788457555302848e+04 1.2938377572187668e+16 6.7677741895787941e+28
1.5003070898504316e-15 7.3471352343463234e+05 5.4369812187131873e+04 1.2392166531797592e+16 6.5581128652505965e+28
1.4660430274268005e-15 7.2866460519584443e+05 5.2979382266566325e+04 1.1866053044204430e+16 6.3521967605653616e+28
1.4325614887822820e-15 7.2262333589187742e+05 5.1616720052391378e+04 1.1359387103683926e+16 6.1500529741794100e+28
1.3998446026131848e-15 7.1658971836381941e+05 5.0281371431932675e+04 1.0871534469804490e+16 5.9517257119218544e+28
1.3678749057612539e-15 7.1056370745804498e+05 4.8972874691592129e+04 1.0401876311511184e+16 5.7572250580919514e+28
1.3366353338924131e-15 7.0454520087065874e+05 4.7690757760480337e+04 9.9498085901592060e+15 5.5666055247237305e+28
1.3061092123883906e-15 6.9853402084191015e+05 4.6434531005468729e+04 9.5147407914759900e+15 5.3798805585614274e+28
1.2762802474464088e-15 6.9253234709210484e+05 4.5204162560344106e+04 9.0962620238570400e+15 5.1971658272821728e+28
1.2471325173820903e-15 6.8654779850543034e+05 4.4000696149947005e+04 8.6943163858415920e+15 5.0186923449886169e+28
1.2186504641309921e-15 6.8058100520803849e+05 4.2823759239120191e+04 8.3083501606280560e+15 4.8444495871098017e+28
1.1908188849442759e-15 6.7463201062814915e+05 4.1672866117082332e+04 7.9377878415667400e+15 4.6744506090343573e+28
1.1636229242739595e-15 6.6870082438572519e+05 4.0547530726816316e+04 7.5820710898819940e+15 4.5086424252696946e+28
1.1370480658435703e-15 6.6278741950853949e+05 3.9447266445451118e+04 7.2406583412319710e+15 4.3470029705819072e+28
1.1110801248998153e-15 6.5689172845771338e+05 3.8371585556292870e+04 6.9130243617938520e+15 4.1895033460324693e+28
1.0857052406412744e-15 6.5101363760882814e+05 3.7319998255349696e+04 6.5986597498256810e+15 4.0361056799529267e+28
1.0609098688199640e-15 6.4515297743830329e+05 3.6292010511248656e+04 6.2970702615912950e+15 3.8867181203399581e+28
1.0366807745118665e-15 6.3930950281717267e+05 3.5287118870026105e+04 6.0077757091345630e+15 3.7414445519762313e+28
1.0130050250526048e-15 6.3348396980343934e+05 3.4304979312983625e+04 5.7303600118814160e+15 3.6001304152212343e+28
9.8986998313441422e-16 6.2768419781721942e+05 3.3346397560294266e+04 5.4647344966769920e+15 3.4629665416020905e+28
9.6726330006076602e-16 6.2191177867749217e+05 3.2411140245782404e+04 5.2105043838708970e+15 3.3299193398306224e+28
9.4517290915507909e-16 6.1616670677657577e+05 3.1498716057226738e+04 4.9672151846593690e+15 3.2009244000565228e+28
9.2358701931992699e-16 6.1044895130410476e+05 3.0608638061352318e+04 4.7344284312146080e+15 3.0758980335909330e+28
9.0249410874334088e-16 6.0475845506441756e+05 2.9740423716981601e+04 4.5117212162030170e+15 2.9547627259902464e+28
8.8188291874888190e-16 5.9909513294449588e+05 2.8893594828477642e+04 4.2986857331462775e+15 2.8374527364920995e+28
8.6174244778613201e-16 5.9345886992634204e+05 2.8067677405760514e+04 4.0949288130855520e+15 2.7238797900335980e+28
8.4206194555843125e-16 5.8784951819473726e+05 2.7262201376571051e+04 3.9000714491128150e+15 2.6139713172138143e+28
8.2283090728476052e-16 5.8226689321300900e+05 2.6476700090531798e+04 3.7137483081266370e+15 2.5076407191001471e+28
8.0403906809261974e-16 5.7671076731940242e+05 2.5710709393905923e+04 3.5356071952832910e+15 2.4048165309989779e+28
7.8567639753901631e-16 5.7118085918756819e+05 2.4963765864593046e+04 3.3653084315914630e+15 2.3054124714471655e+28
7.6773309425653024e-16 5.6567681059852662e+05 2.4235402571925082e+04 3.2025239274943910e+15 2.2093510533624136e+28
7.5019958072170076e-16 5.6019903156320762e+05 2.3525250490733288e+04 3.0469604776385485e+15 2.1165673344897610e+28
7.3306649814286133e-16 5.5475496681118966e+05 2.2833823559033150e+04 2.8985225625770590e+15 2.0271190034940235e+28
7.1632470146472677e-16 5.4934631875797117e+05 2.2160897587794432e+04 2.7569474274463725e+15 1.9409362962642899e+28
6.9996525448709287e-16 5.4397298936188431e+05 2.1506026794498950e+04 2.6219334219189250e+15 1.8579265522155931e+28
6.8397942509498805e-16 5.3863486417748465e+05 2.0868772785551348e+04 2.4931911606180580e+15 1.7779983208507036e+28
6.6835868059775957e-16 5.3333181213907176e+05 2.0248704544703243e+04 2.3704430864579520e+15 1.7010623356761001e+28
6.5309468317463175e-16 5.2806368512119586e+05 1.9645398394304622e+04 2.2534230419186880e+15 1.6270208389163150e+28
6.3817928542425253e-16 5.2283031758088904e+05 1.9058437951127191e+04 2.1418758542850235e+15 1.5557922017617122e+28
6.2360452601588047e-16 5.1763152585439774e+05 1.8487414050746753e+04 2.0355569281539358e+15 1.4872892279773849e+28
6.0936262543991423e-16 5.1246710744009807e+05 1.7931924656241317e+04 1.9342318503139145e+15 1.4214235620492443e+28
5.9544598185544727e-16 5.0733683989352616e+05 1.7391574729314289e+04 1.8376760019903250e+15 1.3581135239191564e+28
5.8184716703265710e-16 5.0224047950725345e+05 1.6865976070186898e+04 1.7456741816222460e+15 1.2972754123350755e+28
5.6855892238788414e-16 4.9717775933780993e+05 1.6354747091893329e+04 1.6580202322264972e+15 1.2388285299319076e+28
5.5557415510924009e-16 4.9214838668960752e+05 1.5857512524258080e+04 1.5745166761845985e+15 1.1826918811376490e+28
5.4288593437069999e-16 4.8715203920652199e+05 1.5373902972546655e+04 1.4949743473116825e+15 1.1287951724548862e+28
5.3048748763267903e-16 4.8218835895732621e+05 1.4903554241547523e+04 1.4192120146232368e+15 1.0770573897570580e+28
5.1837219702706485e-16 4.7725694216066704e+05 1.4446106152902039e+04 1.3470559714694088e+15 1.0274053665331789e+28
5.0653359582484185e-16 4.7235731795016985e+05 1.4001200035166854e+04 1.2783395136011378e+15 9.7976792369448506e+27
4.9496536498435509e-16 4.6748908881424466e+05 1.3568488310151048e+04 1.2129046057342450e+15 9.3407596450962600e+27
4.8366132977843600e-16 4.6265817167231027e+05 1.3148168334565225e+04 1.1506800240742028e+15 8.9032249459908794e+27
4.7261545649853704e-16 4.5786742021227389e+05 1.2740164397013041e+04 1.0915512976692746e+15 8.4846043171506480e+27
4.6182184923413818e-16 4.5311661600280128e+05 1.2344139423152688e+04 1.0353691390547994e+15 8.0841782928080362e+27
4.5127474672572254e-16 4.4840553273120685e+05 1.1959764115705797e+04 9.8199114372074900e+14 7.7012479944572035e+27
4.4096851928960661e-16 4.4373393620705639e+05 1.1586716836431777e+04 9.3128149355948812e+14 7.3350989403934162e+27
4.3089766581300166e-16 4.3910158448475692e+05 1.1224683492398794e+04 8.8311067281106900e+14 6.9851035197118892e+27
4.2105681081771834e-16 4.3450822796812322e+05 1.0873357419288761e+04 8.3735519473105600e+14 6.6505975631881019e+27
4.1144070159091394e-16 4.2995360949219932e+05 1.0532439262798154e+04 7.9389733881446238e+14 6.3309572099795251e+27
4.0204420538136855e-16 4.2543746428905398e+05 1.0201636852185791e+04 7.5262489729494812e+14 6.0255869629106489e+27
3.9286230665980769e-16 4.2095952003456606e+05 9.8806650785405182e+03 7.1343093265474612e+14 5.7339050904509094e+27
3.8389010444177850e-16 4.1651949686181959e+05 9.5692457689395669e+03 6.7621354431652912e+14 5.4553584470360597e+27
3.7512280967166668e-16 4.1211710725049005e+05 9.2671075563856630e+03 6.4087564424732875e+14 5.1894004257292741e+27
3.6655574266647313e-16 4.0775205599897337e+05 8.9739857522441998e+03 6.0732474216890212e+14 4.9355042308727661e+27
3.5818433061794605e-16 4.0342404003235465e+05 8.6896222116233766e+03 5.7547273865943825e+14 4.6931757280636492e+27
3.5000410515178420e-16 3.9913274831190833e+05 8.4137652041169185e+03 5.4523572764100856e+14 4.4619238241825013e+27
3.4201069994255903e-16 3.9487786151325639e+05 8.1461692742457280e+03 5.1653380577506131e+14 4.2412829687627588e+27
3.3419984838312940e-16 3.9065905178001750e+05 7.8865951058755036e+03 4.8929089050394306e+14 4.0308006274961946e+27
3.2656738130726753e-16 3.8647598229034129e+05 7.6348093799472963e+03 4.6343454504089469e+14 3.8300561696818692e+27
3.1910922476429641e-16 3.8232830682427128e+05 7.3905846324651638e+03 4.3889581100486762e+14 3.6386182071424133e+27
3.1182139784456197e-16 3.7821566908823099e+05 7.1536991034236125e+03 4.1560904735107131e+14 3.4560891046493685e+27
3.0470001055455507e-16 3.7413770195832179e+05 6.9239365832418698e+03 3.9351177628032575e+14 3.2820909300837749e+27
2.9774126174056183e-16 3.7009402646968607e+05 6.7010862486479182e+03 3.7254453506906156e+14 3.1162427978853490e+27
2.9094143705974510e-16 3.6608425052107096e+05 6.4849424878932350e+03 3.5265073382612175e+14 2.9581929131912300e+27
2.8429690699755089e-16 3.6210796714143240e+05 6.2753047061717207e+03 3.3377651830076681e+14 2.8075998819220639e+27
2.7780412493039397e-16 3.5816475223092193e+05 6.0719771074204446e+03 3.1587063767158525e+14 2.6641344333812268e+27
2.7145962523259800e-16 3.5425416127726837e+05 5.8747684281385464e+03 2.9888431549567069e+14 2.5274804832391453e+27
2.6526002142655924e-16 3.5037572466978483e+05 5.6834916000056728e+03 2.8277112293836725e+14 2.3973343865497888e+27
2.5920200437515717e-16 3.4652894022063259e+05 5.4979632696979625e+03 2.6748685026539622e+14 2.2734079443684503e+27
2.5328234051545623e-16 3.4271326015560969e+05 5.3180030185480655e+03 2.5298936874932856e+14 2.1554193297538605e+27
2.4749787013273706e-16 3.3892806330785766e+05 5.1434317537893057e+03 2.3923845556693978e+14 2.0431021881266075e+27
