2.9606901526202620e-13 8.9542898019903176e+05 3.1032215325068147e+05 1.3441003787600488e+17 3.5235598823019295e+27
2.8930738140101954e-13 8.9726836673745920e+05 3.1066649768431112e+05 1.3503913703612405e+17 3.6012323222069491e+27
2.8270016995544257e-13 8.9911052988684014e+05 3.1099978129944863e+05 1.3566107292289760e+17 3.6812526804752322e+27
2.7624385422111508e-13 9.0095533397073951e+05 3.1132176151780237e+05 1.3627556900574155e+17 3.7636058235421207e+27
2.6993498803684587e-13 9.0280278688610578e+05 3.1163223727276979e+05 1.3688239907672984e+17 3.8484822193834634e+27
2.6377020394498571e-13 9.0465280529264337e+05 3.1193109543062374e+05 1.3748141939553046e+17 3.9358641608877630e+27
2.5774621139399007e-13 9.0650384852469515e+05 3.1221807852873247e+05 1.3807209960271339e+17 4.0259091618295719e+27
2.5185979498204274e-13 9.0835524995236855e+05 3.1249282015834824e+05 1.3865393841060947e+17 4.1184816687072399e+27
2.4610781274077509e-13 9.1020673661851895e+05 3.1275497950048430e+05 1.3922652645307022e+17 4.2138075504677599e+27
2.4048719445819809e-13 9.1205806387104106e+05 3.1300421685682103e+05 1.3978945661081728e+17 4.3119304155909554e+27
2.3499494003992453e-13 9.1390897255424678e+05 3.1324019505956199e+05 1.4034232608510238e+17 4.4128447844769897e+27
2.2962811790781818e-13 9.1575925947982108e+05 3.1346258156217937e+05 1.4088473935363781e+17 4.5167489374013469e+27
2.2438386343522296e-13 9.1760871360552404e+05 3.1367105112477043e+05 1.4141631188186026e+17 4.6237009303029996e+27
2.1925937741792028e-13 9.1945714853631181e+05 3.1386528944626369e+05 1.4193667501167032e+17 4.7338124792372706e+27
2.1425192458000621e-13 9.2130442448519554e+05 3.1404499871847034e+05 1.4244548327185371e+17 4.8472477126499623e+27
2.0935883211390118e-13 9.2315043889606674e+05 3.1420990647412732e+05 1.4294242570090059e+17 4.9639922753163388e+27
2.0457748825368895e-13 9.2499514622464636e+05 3.1435978147100116e+05 1.4342724576354013e+17 5.0842454435059475e+27
1.9990534088105149e-13 9.2683861473209993e+05 3.1449447192800761e+05 1.4389978827963901e+17 5.2081161017701685e+27
1.9533989616303230e-13 9.2868042592970235e+05 3.1461401772736048e+05 1.4436000284397270e+17 5.3356073665163723e+27
1.9087871722091118e-13 9.3051859233942605e+05 3.1471828610408655e+05 1.4480736666608467e+17 5.4667283466551140e+27
1.8651942282948635e-13 9.3235261099408811e+05 3.1480690522167657e+05 1.4524140212499786e+17 5.6016747346051755e+27
1.8225968614605498e-13 9.3418215695766720e+05 3.1487950069440907e+05 1.4566165348762467e+17 5.7404224260803653e+27
1.7809723346842188e-13 9.3600687563997123e+05 3.1493569767257775e+05 1.4606766694371811e+17 5.8830773769580109e+27
1.7402984302127996e-13 9.3782650547218509e+05 3.1497512381804863e+05 1.4645899507923766e+17 6.0298420818051515e+27
1.7005534377029642e-13 9.3964068234861374e+05 3.1499740928554651e+05 1.4683519702534074e+17 6.1806800790826640e+27
1.6617161426329371e-13 9.4144913833168277e+05 3.1500218981521245e+05 1.4719584300388266e+17 6.3359217816170269e+27
1.6237658149788855e-13 9.4325157066265109e+05 3.1498910952330526e+05 1.4754051834174285e+17 6.4955998623435888e+27
1.5866821981499193e-13 9.4504784990308271e+05 3.1495782537788450e+05 1.4786882967544739e+17 6.6597370914057345e+27
1.5504454981758541e-13 9.4683766859685630e+05 3.1490801401378674e+05 1.4818041414248947e+17 6.8286898666556484e+27
1.5150363731418440e-13 9.4862092165072740e+05 3.1483938346391532e+05 1.4847495475448723e+17 7.0024441304962899e+27
1.4804359228643085e-13 9.5039755698902882e+05 3.1475169797424454e+05 1.4875221216166368e+17 7.1811879389788826e+27
1.4466256788026972e-13 9.5216757998702943e+05 3.1464488238778390e+05 1.4901212462600816e+17 7.3651050942947993e+27
1.4135875942015935e-13 9.5392947805896460e+05 3.1451915176602133e+05 1.4925460174532720e+17 7.5540324077018894e+27
1.3813040344579529e-13 9.5568237136832858e+05 3.1437423234045226e+05 1.4947919979957840e+17 7.7482870983646887e+27
1.3497577677083964e-13 9.5742586904907727e+05 3.1420973674010375e+05 1.4968546379530717e+17 7.9483865385617311e+27
1.3189319556313823e-13 9.5915957128658472e+05 3.1402527820942574e+05 1.4987294465863619e+17 8.1526094972016488e+27
1.2888101444595237e-13 9.6088311002513196e+05 3.1382047197446530e+05 1.5004120153874003e+17 8.3629993015291143e+27
1.2593762561971114e-13 9.6259612002263730e+05 3.1359493661528523e+05 1.5018980409391459e+17 8.5791929312738289e+27
1.2306145800382135e-13 9.6429825230516412e+05 3.1334829612787667e+05 1.5031833573014845e+17 8.8011732400503955e+27
1.2025097639808132e-13 9.6598919854898402e+05 3.1308018255573703e+05 1.5042639757966691e+17 9.0293397421190136e+27
1.1750468066324181e-13 9.6766864962724538e+05 3.1279024007078091e+05 1.5051361441386589e+17 9.2635522352694663e+27
1.1482110492028138e-13 9.6933635900818917e+05 3.1247813056535029e+05 1.5057964245158832e+17 9.5041869974605080e+27
1.1219881676797363e-13 9.7099212792308431e+05 3.1214354355251952e+05 1.5062418279213731e+17 9.7512063455821160e+27
1.0963641651831630e-13 9.7263584220925358e+05 3.1178621500455111e+05 1.5064700624792253e+17 1.0004917630572091e+28
1.0713253644942901e-13 9.7426753352950560e+05 3.1140598102917708e+05 1.5064802259792960e+17 1.0265339980676700e+28
1.0468584007550834e-13 9.7588648080665548e+05 3.1100322540866456e+05 1.5062750388384976e+17 1.0533082079370316e+28
1.0229502143345614e-13 9.7749142144858895e+05 3.1057806956299779e+05 1.5058534244445210e+17 1.0807255478346413e+28
9.9958804385803557e-14 9.7908192426619888e+05 3.1013014836904354e+05 1.5052115336384634e+17 1.1088647556673236e+28
9.7675941939550944e-14 9.8065757735108538e+05 3.0965909900294006e+05 1.5043456256160045e+17 1.1377174770213570e+28
9.5445215580564401e-14 9.8221798118721670e+05 3.0916456212457345e+05 1.5032520888237050e+17 1.1673161805074600e+28
9.3265434623177312e-14 9.8376274126636423e+05 3.0864618328326067e+05 1.5019274650412189e+17 1.1976058474453559e+28
9.1135435574639717e-14 9.8529149449841946e+05 3.0810361474678823e+05 1.5003684791618582e+17 1.2286905713010198e+28
8.9054081514088308e-14 9.8680391033193376e+05 3.0753651800245000e+05 1.4985720781256458e+17 1.2605476703435238e+28
8.7020261485695640e-14 9.8829967429410026e+05 3.0694456729297986e+05 1.4965354833299981e+17 1.2931817042273445e+28
8.5032889905678769e-14 9.8977852320944774e+05 3.0632745473510039e+05 1.4942562638423059e+17 1.3266300892747851e+28
8.3090905982853752e-14 9.9124024773403688e+05 3.0568489861312887e+05 1.4917324509039971e+17 1.3608872759790630e+28
8.1193273152420426e-14 9.9268472449049749e+05 3.0501665861575957e+05 1.4889627423378342e+17 1.3960212359206095e+28
7.9338978522678448e-14 9.9411195480146294e+05 3.0432257170916279e+05 1.4859469730864592e+17 1.4319917583570538e+28
7.7527032334382616e-14 9.9552188845790969e+05 3.0360292774925224e+05 1.4826891410330000e+17 1.4688669820919102e+28
7.5756467432440455e-14 9.9691332009593176e+05 3.0285859045202826e+05 1.4791956700669024e+17 1.5065397834314448e+28
7.4026338749680132e-14 9.9828571695171832e+05 3.0208935451593751e+05 1.4754647722873296e+17 1.5451271530479048e+28
7.2335722802404749e-14 9.9963868793045043e+05 3.0129493407903099e+05 1.4714942810459587e+17 1.5845501589025958e+28
7.0683717197467461e-14 1.0009718497852086e+06 3.0047504825926851e+05 1.4672821941026288e+17 1.6248482273725051e+28
6.9069440150606499e-14 1.0022848620604788e+06 2.9962942517872277e+05 1.4628267341597728e+17 1.6661143898646850e+28
6.7492030015777936e-14 1.0035773722220702e+06 2.9875780092745152e+05 1.4581263378865824e+17 1.7082398031825006e+28
6.5950644825237550e-14 1.0048490984095114e+06 2.9785992332660838e+05 1.4531797122688349e+17 1.7512824502942771e+28
6.4444461840128861e-14 1.0060997703603052e+06 2.9693555430609523e+05 1.4479858704909734e+17 1.7952519305030670e+28
6.2972677111332280e-14 1.0073291697065263e+06 2.9598447506582265e+05 1.4425442056151901e+17 1.8401947473199953e+28
6.1534505050343785e-14 1.0085371434480420e+06 2.9500649221557548e+05 1.4368545756942978e+17 1.8860984078931555e+28
6.0129178009956309e-14 1.0097236014078208e+06 2.9400144964282919e+05 1.4309174640521259e+17 1.9329273167767649e+28
5.8755945874513843e-14 1.0108886216679178e+06 2.9296925159140752e+05 1.4247342839733758e+17 1.9807921563053318e+28
5.7414075659527043e-14 1.0120324636303475e+06 2.9190993603206711e+05 1.4183083136275176e+17 2.0296486454595227e+28
5.6102851120430257e-14 1.0131549053093594e+06 2.9082489756269369e+05 1.4116533900276971e+17 2.0794825801181713e+28
5.4821572370274018e-14 1.0142551286367769e+06 2.8971501605702232e+05 1.4047772565077558e+17 2.1303205394663562e+28
5.3569555506150591e-14 1.0153328174721198e+06 2.8858015286772163e+05 1.3976799787489779e+17 2.1820758533584340e+28
5.2346132244149227e-14 1.0163876700140873e+06 2.8742017806304572e+05 1.3903618212140813e+17 2.2348038987869364e+28
5.1150649562648343e-14 1.0174194277505645e+06 2.8623497138734878e+05 1.3828232628051155e+17 2.2884727217638010e+28
4.9982469353756395e-14 1.0184278373578507e+06 2.8502442361145740e+05 1.3750650179866739e+17 2.3431697262974421e+28
4.8840968082709901e-14 1.0194126940071072e+06 2.8378843822409242e+05 1.3670880621811530e+17 2.3988274699357446e+28
4.7725536455053338e-14 1.0203738277479574e+06 2.8252693366737128e+05 1.3588936644560202e+17 2.4555388748024966e+28
4.6635579091417895e-14 1.0213111118333241e+06 2.8123984646469820e+05 1.3504834316674254e+17 2.5130074872094147e+28
4.5570514209727687e-14 1.0222244887053210e+06 2.7992713570956769e+05 1.3418593702521646e+17 2.5716139731539482e+28
4.4529773314665505e-14 1.0231139591379599e+06 2.7858879003817483e+05 1.3330239799658248e+17 2.6311401349905970e+28
4.3512800894228782e-14 1.0239796471999743e+06 2.7722483950738556e+05 1.3239804107773096e+17 2.6916838407657638e+28
4.2519054123215704e-14 1.0248217988902979e+06 2.7583537844537734e+05 1.3147327604651536e+17 2.7532328590661875e+28
4.1548002573484918e-14 1.0256409735040771e+06 2.7442063406577741e+05 1.3052869594276038e+17 2.8157578227228533e+28
4.0599127930829594e-14 1.0264376219915248e+06 2.7298261916851590e+05 1.2956631526742422e+17 2.8793092652929629e+28
3.9671923718320266e-14 1.0272112622588183e+06 2.7152333161542873e+05 1.2858786369944259e+17 2.9436680282998028e+28
3.8765895025964135e-14 1.0279617410554379e+06 2.7004286513542919e+05 1.2759359243818613e+17 3.0090024281763465e+28
3.7880558246538545e-14 1.0286888938159157e+06 2.6854132059605926e+05 1.2658376584672200e+17 3.0751521323121069e+28
3.7015440817458883e-14 1.0293925859513743e+06 2.6701880926927528e+05 1.2555866422039589e+17 3.1421711444099415e+28
3.6170080968540319e-14 1.0300727272141984e+06 2.6547545342611818e+05 1.2451858464498776e+17 3.2100486689545235e+28
3.5344027475520164e-14 1.0307292401832506e+06 2.6391138720808813e+05 1.2346384220124880e+17 3.2787367567938481e+28
3.4536839419210793e-14 1.0313620926043224e+06 2.6232675770775980e+05 1.2239477144422614e+17 3.3482173223499530e+28
3.3748085950150843e-14 1.0319712894447449e+06 2.6072172655854403e+05 1.2131172856076077e+17 3.4185661641343910e+28
3.2977346058633494e-14 1.0325568775997614e+06 2.5909647213824975e+05 1.2021509430145248e+17 3.4896023255075082e+28
3.2224208349985360e-14 1.0331189768018585e+06 2.5745119283112593e+05 1.1910527826515331e+17 3.5614243552107497e+28
3.1488270824977686e-14 1.0336577601310149e+06 2.5578611209882898e+05 1.1798272551987243e+17 3.6339589910695720e+28
3.0769140665253654e-14 1.0341735136998956e+06 2.5410148733875944e+05 1.1684792803907075e+17 3.7072704817816525e+28
3.0066434023654931e-14 1.0346666489718200e+06 2.5239762763005050e+05 1.1570144746700190e+17 3.7812953921229243e+28
2.9379775819336773e-14 1.0351378512400342e+06 2.5067494444892104e+05 1.1454397985278154e+17 3.8559654186306832e+28
2.8708799537563420e-14 1.0355880902947449e+06 2.4893567060827403e+05 1.1337761217170318e+17 3.9314185602081589e+28
2.8053147034074631e-14 1.0360174890763396e+06 2.4718237418540020e+05 1.1220442895870774e+17 4.0073080167530855e+28
2.7412468343920166e-14 1.0364260632072492e+06 2.4541539696105666e+05 1.1102483125132682e+17 4.0837858729556532e+28
2.6786421494661216e-14 1.0368138473102069e+06 2.4363507788449977e+05 1.0983921765848397e+17 4.1607490060292892e+28
2.6174672323836286e-14 1.0371808946132680e+06 2.4184176299818014e+05 1.0864799115277773e+17 4.2381027176418308e+28
2.5576894300597440e-14 1.0375272926529857e+06 2.4003580549247217e+05 1.0745155916032726e+17 4.3158615747508817e+28
2.4992768351418932e-14 1.0378531170574012e+06 2.3821756570504981e+05 1.0625033356838090e+17 4.3940621548422753e+28
2.4421982689786322e-14 1.0381585083364453e+06 2.3638741119195364e+05 1.0504473086410742e+17 4.4725949889187863e+28
2.3864232649776215e-14 1.0384435955042727e+06 2.3454571694686671e+05 1.0383517243774605e+17 4.5514652886306978e+28
2.3319220523435130e-14 1.0387085440002213e+06 2.3269286582026992e+05 1.0262208517907178e+17 4.6305533040569306e+28
2.2786655401873879e-14 1.0389535636970333e+06 2.3082925009900393e+05 1.0140590329811582e+17 4.7097895483015300e+28
2.2266253019989996e-14 1.0391788979849549e+06 2.2895526770759464e+05 1.0018706484449658e+17 4.7891376140117825e+28
2.1757735604736457e-14 1.0393848254078429e+06 2.2707133392968381e+05 9.8966024143697712e+16 4.8687297865700982e+28
2.1260831726856449e-14 1.0395716890011320e+06 2.2517787507410799e+05 9.7743246409406416e+16 4.9484063874914070e+28
2.0775276156003403e-14 1.0397399146293012e+06 2.2327534097681416e+05 9.6519222453023664e+16 5.0280963657976487e+28
2.0300809719169833e-14 1.0398904739543557e+06 2.2136422760273123e+05 9.5294497725796896e+16 5.1089061570374161e+28
1.9837179162350140e-14 1.0400230387143088e+06 2.1944624171963576e+05 9.4070457059947184e+16 5.1875413700895838e+28
1.9384137015361979e-14 1.0401392185801936e+06 2.1752298175331193e+05 9.2848283464734848e+16 5.2670850870642700e+28
1.8941441459754896e-14 1.0402388461971455e+06 2.1559490724665188e+05 9.1628354297788288e+16 5.3465020294441293e+28
1.8508856199736365e-14 1.0403221408078400e+06 2.1366247895435561e+05 9.0411041820483072e+16 5.4255883467800021e+28
1.8086150336044892e-14 1.0403893447971620e+06 2.1172615843379273e+05 8.9196712815666736e+16 5.5043947823295505e+28
1.7673098242703656e-14 1.0404407962160149e+06 2.0978640767729512e+05 8.7985728261475200e+16 5.5829656545556131e+28
1.7269479446589571e-14 1.0404765011228975e+06 2.0784368878559931e+05 8.6778443076586032e+16 5.6610565221596619e+28
1.6875078509751667e-14 1.0404969890370929e+06 2.0589846346517827e+05 8.5575205645508864e+16 5.7386741946518876e+28
1.6489684914418163e-14 1.0405024567507999e+06 2.0395119271118825e+05 8.4376357577270352e+16 5.8159196472601622e+28
1.6113092950629029e-14 1.0404932735695649e+06 2.0200233634229156e+05 8.3182233300827104e+16 5.8925282830227314e+28
1.5745101606434846e-14 1.0404695151801836e+06 2.0005235254187614e+05 8.1993159662873088e+16 5.9684544810378960e+28
1.5385514460603931e-14 1.0404317175214363e+06 1.9810169750077534e+05 8.0809455629978672e+16 6.0437216059528370e+28
1.5034139577778864e-14 1.0403801325561991e+06 1.9615082453780374e+05 7.9631431470590800e+16 6.1183988770110562e+28
1.4690789406028391e-14 1.0403150613876791e+06 1.9420018379889111e+05 7.8459388374786384e+16 6.1920697854560162e+28
1.4355280676738400e-14 1.0402368451557740e+06 1.9225022071520975e+05 7.7293616874079232e+16 6.2650743312087461e+28
1.4027434306789200e-14 1.0401457998659154e+06 1.9030137317944894e+05 7.6134393414715696e+16 6.3373481802819799e+28
1.3707075302967439e-14 1.0400421825667747e+06 1.8835389600211396e+05 7.4981871950499392e+16 6.4082254224281014e+28
1.3394032668560488e-14 1.0399263397854131e+06 1.8640806531420437e+05 7.3836228687795120e+16 6.4783192889403560e+28
1.3088139312084073e-14 1.0397986904811359e+06 1.8446431284107434e+05 7.2697733922990016e+16 6.5477119509816822e+28
1.2789231958094873e-14 1.0396596324215921e+06 1.8252306620065629e+05 7.1566649338944416e+16 6.6154084188077740e+28
1.2497151060039483e-14 1.0395095731176800e+06 1.8058474842921740e+05 7.0443227650525984e+16 6.6827029467278101e+28
1.2211740715093750e-14 1.0393489653719797e+06 1.7864977775799151e+05 6.9327712511014888e+16 6.7476276166725762e+28
1.1932848580947527e-14 1.0391782371650385e+06 1.7671856716985776e+05 6.8220338183335840e+16 6.8118644666224851e+28
1.1660325794489134e-14 1.0389978269999636e+06 1.7479152400329261e+05 6.7121329254096752e+16 6.8748502162535060e+28
1.1394026892347652e-14 1.0388081908582220e+06 1.7286904952525947e+05 6.6030900285036864e+16 6.9364862219490138e+28
1.1133809733249388e-14 1.0386097694530017e+06 1.7095153843128553e+05 6.4949255391102648e+16 6.9964331585855650e+28
1.0879535422147571e-14 1.0384030159694238e+06 1.6903937817930445e+05 6.3876587568752704e+16 7.0553115165095614e+28
1.0631068236085240e-14 1.0381883696466333e+06 1.6713294802914414e+05 6.2813077669153640e+16 7.1124076561912249e+28
1.0388275551750580e-14 1.0379662778182195e+06 1.6523261792059991e+05 6.1758893056959488e+16 7.1678754034067885e+28
1.0151027774687455e-14 1.0377371237485061e+06 1.6333874578967498e+05 6.0714184313877128e+16 7.2218397874232665e+28
9.9191982701221467e-15 1.0375012775707192e+06 1.6145167145205560e+05 5.9679077358550584e+16 7.2740035573151985e+28
9.6926632953699318e-15 1.0372588190901187e+06 1.5957127175722705e+05 5.8653410872984344e+16 7.3244870161266863e+28
9.4713019337856823e-15 1.0370098658531859e+06 1.5769664808874216e+05 5.7636627155603944e+16 7.3732562509089192e+28
9.2549960302225754e-15 1.0367550683509196e+06 1.5582805432844497e+05 5.6628856707837792e+16 7.4201714446622421e+28
9.0436301279647797e-15 1.0364950996438806e+06 1.5396581169535028e+05 5.5630264563117840e+16 7.4649851769112315e+28
8.8370914071008351e-15 1.0362306726319829e+06 1.5211023488186995e+05 5.4641008476112816e+16 7.5084492206819738e+28
8.6352696243041068e-15 1.0359625270771747e+06 1.5026163186826935e+05 5.3661238941225048e+16 7.5496924887010251e+28
8.4380570539885606e-15 1.0356914006995497e+06 1.4842030391502427e+05 5.2691099395135856e+16 7.5893036023777701e+28
8.2453484308087237e-15 1.0354181268183215e+06 1.4658654542290315e+05 5.1730726299490024e+16 7.6266198236910046e+28
8.0570408934725281e-15 1.0351434743963336e+06 1.4476064397107434e+05 5.0780249407365472e+16 7.6618762797502516e+28
7.8730339298373623e-15 1.0348683037230625e+06 1.4294288025306995e+05 4.9839791963848088e+16 7.6954465597272093e+28
7.6932293232603455e-15 1.0345935019140984e+06 1.4113352820638157e+05 4.8909471119346936e+16 7.7268977979707597e+28
7.5175311001733761e-15 1.0343199860666163e+06 1.3933285518910564e+05 4.7989398465829528e+16 7.7562401526393251e+28
7.3458454788559388e-15 1.0340487251303833e+06 1.3754112243031888e+05 4.7079680968276256e+16 7.7835645081425511e+28
7.1780808193775137e-15 1.0337807396234736e+06 1.3575858628578379e+05 4.6180423035255024e+16 7.8088813231006362e+28
7.0141475746832300e-15 1.0335171687825744e+06 1.3398554507376431e+05 4.5291755223117776e+16 7.8322506829422140e+28
6.8539582427968994e-15 1.0332593411320082e+06 1.3222287207143754e+05 4.4414097725058496e+16 7.8534363584575982e+28
6.6974273201152204e-15 1.0330083194529538e+06 1.3047100658773936e+05 4.3547616221235480e+16 7.8724386077254028e+28
6.5444712557690615e-15 1.0327651246058734e+06 1.2873017383954579e+05 4.2692360818210792e+16 7.8898387420302941e+28
6.3950084070267778e-15 1.0325308059375153e+06 1.2700059103008955e+05 4.1848375229862040e+16 7.9055055349962308e+28
6.2489589957160205e-15 1.0323064554825381e+06 1.2528246756688083e+05 4.1015697219173672e+16 7.9179921609054339e+28
6.1062450656410318e-15 1.0320932013042470e+06 1.2357600488802075e+05 4.0194358648513120e+16 7.9289469135919192e+28
5.9667904409722008e-15 1.0318922120055845e+06 1.2188139662475183e+05 3.9384385894476704e+16 7.9380988458762841e+28
5.8305206855859365e-15 1.0317047038761270e+06 1.2019882871274710e+05 3.8585800235638384e+16 7.9451616998297609e+28
5.6973630633333454e-15 1.0315319405235198e+06 1.1852847949557664e+05 3.7798618278960952e+16 7.9510595618122348e+28
5.5672464992160810e-15 1.0313752487303134e+06 1.1687051993640432e+05 3.7022852578847544e+16 7.9534940953165050e+28
5.4401015414488692e-15 1.0312360061673117e+06 1.1522511399716843e+05 3.6258512547952064e+16 7.9546254881242702e+28
5.3158603243886702e-15 1.0311156941181461e+06 1.1359241924231619e+05 3.5505605864106960e+16 7.9539833097837980e+28
5.1944565323101329e-15 1.0310158851034006e+06 1.1197258810140588e+05 3.4764141197706808e+16 7.9514561034126582e+28
5.0758253640086783e-15 1.0309383275635708e+06 1.1036577190295256e+05 3.4034136045006172e+16 7.9472000535156049e+28
4.9599034982117558e-15 1.0308852066469635e+06 1.0877316171373781e+05 3.3316103881455456e+16 7.9409684452895253e+28
4.8466290597800504e-15 1.0308582371644048e+06 1.0719619204926069e+05 3.2610604795873656e+16 7.9336431655116759e+28
4.7359415866807643e-15 1.0308586948957422e+06 1.0563498480008397e+05 3.1917563731610236e+16 7.9243332358570844e+28
4.6277819977149816e-15 1.0308879162281584e+06 1.0408964968488371e+05 3.1236899212807836e+16 7.9135793577186124e+28
4.5220925609820857e-15 1.0309472259471870e+06 1.0256028819598748e+05 3.0568525154074160e+16 7.9016419831310188e+28
4.4188168630645701e-15 1.0310380038654129e+06 1.0104699393143275e+05 2.9912351263271920e+16 7.8871427705158439e+28
4.3178997789163294e-15 1.0311616437338103e+06 9.9549852664530277e+04 2.9268283218669392e+16 7.8718895697212853e+28
4.2192874424389209e-15 1.0313195650183312e+06 9.8068942488023764e+04 2.8636222897227492e+16 7.8551662343382350e+28
4.1229272177296203e-15 1.0315132248357477e+06 9.6604333912592221e+04 2.8016068577847600e+16 7.8369228363638304e+28
4.0287676709861209e-15 1.0317441081304101e+06 9.5156090080233698e+04 2.7407715231020876e+16 7.8174785526998685e+28
3.9367585430530274e-15 1.0320137292091370e+06 9.3724266862951612e+04 2.6811054740015832e+16 7.7967276622196494e+28
3.8468507225951801e-15 1.0323236385044808e+06 9.2308913053530574e+04 2.6225976212339012e+16 7.7746722828065140e+28
3.7589962198836505e-15 1.0326754285896330e+06 9.0910070556619161e+04 2.5652366355727204e+16 7.7515063777719600e+28
3.6731481411805584e-15 1.0330707315898640e+06 8.9527774659199204e+04 2.5090110063936836e+16 7.7272579543662904e+28
3.5892606637087429e-15 1.0335112433911391e+06 8.8162054534215145e+04 2.4539091765193320e+16 7.7018931610637759e+28
3.5072890111930835e-15 1.0339986878120973e+06 8.6813149388963648e+04 2.3999285170882920e+16 7.6756611491188085e+28
3.4271894299605543e-15 1.0345346619493972e+06 8.5481348001844657e+04 2.3470672808111440e+16 7.6476497578769901e+28
3.3489191655858899e-15 1.0351207603163108e+06 8.4166657847934111e+04 2.2953117347878520e+16 7.6193205983688157e+28
3.2724364400708293e-15 1.0357585701734722e+06 8.2869079195178856e+04 2.2446479090349872e+16 7.5896299998947058e+28
3.1977004295444042e-15 1.0364498194024668e+06 8.1588606262237678e+04 2.1950616506104456e+16 7.5598989499092629e+28
3.1246712424725067e-15 1.0371960700047341e+06 8.0325227379207558e+04 2.1465386361873464e+16 7.5291516118828023e+28
3.0533098983652427e-15 1.0379990211192957e+06 7.9078925144558147e+04 2.0990643827671640e+16 7.4974699375159299e+28
2.9835783069703724e-15 1.0388603534308473e+06 7.7849676606791603e+04 2.0526242581146648e+16 7.4652100400648386e+28
2.9154392479421199e-15 1.0397817591960049e+06 7.6637453401660910e+04 2.0072034854860932e+16 7.4323677560504211e+28
2.8488563509741838e-15 1.0407649331669341e+06 7.5442221933557565e+04 1.9627871486759684e+16 7.3987730234271667e+28
2.7837940763864734e-15 1.0418115825940287e+06 7.4263943493999293e+04 1.9193601858970352e+16 7.3646900997520695e+28
2.7202176961553107e-15 1.0429233926380629e+06 7.3102574454438683e+04 1.8769073812764764e+16 7.3306279678491807e+28
2.6580932753767572e-15 1.0441020443695033e+06 7.1958066333845229e+04 1.8354133283279748e+16 7.2950161387513870e+28
2.5973876541532898e-15 1.0453491614549053e+06 7.0830365876704600e+04 1.7948623532461622e+16 7.2595798155325426e+28
2.5380684298942419e-15 1.0466662799130547e+06 6.9719414873720991e+04 1.7552382643163606e+16 7.2235863006292130e+28
2.4801039400203734e-15 1.0480553882416215e+06 6.8624567823361722e+04 1.7165029591112630e+16 7.1872845182424169e+28
2.4234632450634342e-15 1.0495193402845268e+06 6.7544976927236465e+04 1.6786140174870330e+16 7.1505888494627075e+28
2.3681161121517935e-15 1.0510605063103160e+06 6.6480580184307735e+04 1.6415588989628918e+16 7.1134458471245088e+28
2.3140329988731308e-15 1.0526812860608189e+06 6.5431316551396769e+04 1.6053252082902842e+16 7.0761654220836912e+28
2.2611850375056779e-15 1.0543841363540597e+06 6.4397121443817319e+04 1.5699005318132352e+16 7.0385900357040262e+28
2.2095440196096780e-15 1.0561715713206630e+06 6.3377927151869124e+04 1.5352724610841308e+16 7.0009059402061934e+28
2.1590823809706085e-15 1.0580461558967573e+06 6.2373662706485360e+04 1.5014285832483450e+16 6.9625229165213195e+28
2.1097731868864151e-15 1.0600105104870785e+06 6.1384254177554067e+04 1.4683564958302652e+16 6.9242956613163946e+28
2.0615901177906172e-15 1.0620673075799118e+06 6.0409624743336513e+04 1.4360438063973500e+16 6.8860602401666725e+28
2.0145074552038793e-15 1.0642192781576195e+06 5.9449694856068942e+04 1.4044781355945202e+16 6.8477447811531470e+28
1.9685000680063386e-15 1.0664691924277211e+06 5.8504382367010163e+04 1.3736471142874736e+16 6.8096600333872044e+28
1.9235433990234473e-15 1.0688198575905440e+06 5.7573602689885556e+04 1.3435383747887424e+16 6.7712337670322807e+28
1.8796134519182359e-15 1.0712741431418168e+06 5.6657268845621264e+04 1.3141395208848248e+16 6.7331297580035491e+28
1.8366867783828652e-15 1.0738348847945745e+06 5.5755291789780880e+04 1.2854380507451716e+16 6.6951869957037932e+28
1.7947404656226940e-15 1.0765054499593268e+06 5.4867369935642164e+04 1.2574143773706292e+16 6.6574352063629815e+28
1.7537521241262584e-15 1.0792902457572760e+06 5.3993008005720643e+04 1.2300438464217432e+16 6.6196063240271129e+28
1.7136998757144897e-15 1.0821929054617272e+06 5.3132107061054950e+04 1.2033154115240278e+16 6.5823217363406154e+28
1.6745623418628675e-15 1.0852171722527368e+06 5.2284577357575414e+04 1.1772184615328030e+16 6.5451474495913593e+28
1.6363186322903352e-15 1.0883668745094677e+06 5.1450327355420028e+04 1.1517424553484720e+16 6.5082673244735472e+28
1.5989483338087581e-15 1.0916459716933256e+06 5.0629263983694938e+04 1.1268769350591834e+16 6.4717780308827013e+28
1.5624314994270410e-15 1.0950585339569706e+06 4.9821292859390007e+04 1.1026115348657414e+16 6.4355647267130410e+28
1.5267486377041437e-15 1.0986087514586714e+06 4.9026318117751827e+04 1.0789359741094666e+16 6.4000403186090190e+28
1.4918807023451935e-15 1.1023009468716159e+06 4.8244242827860697e+04 1.0558400764108214e+16 6.3648618065891700e+28
1.4578090820352060e-15 1.1061395649036325e+06 4.7474968861232664e+04 1.0333137634551316e+16 6.3303421696873273e+28
1.4245155905050409e-15 1.1101291804795177e+06 4.6718397094640575e+04 1.0113470646772960e+16 6.2963441842204644e+28
1.3919824568241447e-15 1.1142745204512919e+06 4.5974427402277557e+04 9.8993011997573960e+15 6.2637807092822130e+28
1.3601923159150803e-15 1.1185804435150467e+06 4.5242958857546437e+04 9.6905319181079660e+15 6.2303320921218900e+28
1.3291281992845952e-15 1.1230519789534810e+06 4.4523891543618018e+04 9.4870673703836140e+15 6.1985740616273518e+28
1.2987735259664575e-15 1.1276938970994151e+06 4.3817176509127785e+04 9.2888281715061700e+15 6.1673672257797396e+28
1.2691120936710848e-15 1.1325113085061300e+06 4.3122734327055965e+04 9.0957258850240520e+15 6.1371294975924220e+28
1.2401280701372985e-15 1.1375094900561359e+06 4.2440460228268603e+04 8.9076658499801970e+15 6.1077300072341121e+28
1.2118059846816351e-15 1.1426939261694355e+06 4.1770248948455883e+04 8.7245545875006910e+15 6.0793167787906876e+28
1.1841307199406057e-15 1.1480701843408237e+06 4.1111994794858561e+04 8.5462998107477020e+15 6.0519039608727683e+28
1.1570875038015492e-15 1.1536440292715754e+06 4.0465591722361001e+04 8.3728104459312960e+15 6.0255832510941521e+28
1.1306619015178113e-15 1.1594213356998360e+06 3.9830933383760756e+04 8.2039966263896970e+15 6.0000178133831287e+28
1.1048398080039540e-15 1.1654081318760384e+06 3.9207913160959681e+04 8.0397696817066150e+15 5.9757333630615162e+28
1.0796074403069287e-15 1.1716105682007745e+06 3.8596424233076148e+04 7.8800421452481540e+15 5.9526534496657432e+28
1.0549513302492332e-15 1.1780349589945856e+06 3.7996359624561635e+04 7.7247277368673960e+15 5.9306756275235391e+28
1.0308583172400434e-15 1.1846876954628909e+06 3.7407612233580643e+04 7.5737413404728670e+15 5.9100074149174122e+28
1.0073155412505269e-15 1.1915754667066673e+06 3.6830074843917741e+04 7.4269989498815970e+15 5.8906122402922036e+28
9.8431043594962714e-16 1.1987048346453565e+06 3.6263640198104586e+04 7.2844175885023730e+15 5.8726159590890420e+28
9.6183072199655110e-16 1.2060828109707504e+06 3.5708185685011529e+04 7.1459111261479550e+15 5.8558202883351088e+28
9.3986440048650911e-16 1.2137171601244314e+06 3.5163551017910475e+04 7.0113857396982340e+15 5.8404512078492622e+28
9.1839974654607561e-16 1.2216149864407775e+06 3.4629625776911889e+04 6.8807625021649680e+15 5.8266380836479315e+28
8.9742530307488014e-16 1.2297838546724503e+06 3.4106304165047710e+04 6.7539647664253380e+15 5.8142885557199799e+28
8.7692987463018492e-16 1.2382311829115914e+06 3.3593480429707415e+04 6.6309169501039430e+15 5.8035235361747234e+28
8.5690252145112938e-16 1.2469645385153163e+06 3.3091048794100381e+04 6.5115444629862920e+15 5.7943236184851109e+28
8.3733255361948008e-16 1.2559915900048611e+06 3.2598903479795652e+04 6.3957736730681120e+15 5.7867671332269353e+28
8.1820952535370583e-16 1.2653200644709156e+06 3.2116938654247217e+04 6.2835318236514860e+15 5.7808190529569277e+28
7.9952322943336608e-16 1.2749577294500379e+06 3.1645048374585327e+04 6.1747469348629930e+15 5.7765662259862689e+28
7.8126369175086467e-16 1.2849123887627393e+06 3.1183126596477799e+04 6.0693477275432380e+15 5.7740642357678320e+28
7.6342116598760107e-16 1.2951918286758400e+06 3.0731067011467283e+04 5.9672634041976410e+15 5.7736652046047480e+28
7.4598612841170837e-16 1.3058037582627977e+06 3.0288762989777060e+04 5.8684234157280390e+15 5.7746564161724287e+28
7.2894927279462947e-16 1.3167557661163113e+06 2.9856107399770572e+04 5.7727569519437850e+15 5.7777647945004936e+28
7.1230150544375919e-16 1.3280554439011938e+06 2.9432979048462308e+04 5.6801883529479990e+15 5.7825893558058065e+28
6.9603394034853292e-16 1.3397199644026281e+06 2.9018907825272676e+04 5.5905639206062030e+15 5.7893727548504372e+28
6.8013789443739508e-16 1.3517633439574377e+06 2.8613634563217962e+04 5.5037889676553720e+15 5.7981920904452601e+28
6.6460488294306225e-16 1.3641954864817781e+06 2.8217067052092065e+04 5.4198086497071360e+15 5.8089156196812915e+28
6.4942661487363563e-16 1.3770265014297948e+06 2.7829112838770463e+04 5.3385685424322880e+15 5.8217222379349573e+28
6.3459498858717173e-16 1.3902663765719864e+06 2.7449679034647899e+04 5.2600144999267160e+15 5.8366462266137321e+28
6.2010208746728039e-16 1.4039251089839041e+06 2.7078672427024769e+04 5.1840926298203730e+15 5.8537793233010001e+28
6.0594017569752581e-16 1.4180126127362498e+06 2.6715999089007837e+04 5.1107490262060290e+15 5.8730547739109685e+28
5.9210169413229115e-16 1.4325386206837185e+06 2.6361564300966322e+04 5.0399296121287860e+15 5.8946150551885913e+28
5.7857925626198217e-16 1.4475127040516876e+06 2.6015272332766377e+04 4.9715798701276340e+15 5.9184411000570570e+28
5.6536564427035223e-16 1.4629441026138482e+06 2.5677025914006801e+04 4.9056443364641430e+15 5.9446246133453215e+28
5.5245380518187133e-16 1.4788416259163688e+06 2.5346725997153157e+04 4.8420660256348240e+15 5.9738488272627255e+28
5.3983684709710269e-16 1.4952133891756078e+06 2.5024270435284790e+04 4.7807847803921500e+15 6.0040939666256389e+28
5.2750803551403402e-16 1.5120725750535810e+06 2.4709428995572773e+04 4.7217081743098360e+15 6.0373424476216680e+28
5.1546078973342403e-16 1.5294722800537529e+06 2.4401291066314545e+04 4.6646180514135210e+15 6.0731782985244307e+28
5.0368867934626253e-16 1.5474369956457280e+06 2.4099639143863194e+04 4.6094532795409360e+15 6.1115547650489275e+28
4.9218542080143086e-16 1.5659838536859220e+06 2.3804409035349254e+04 4.5561839632404140e+15 6.1524865034563889e+28
4.8094487405175004e-16 1.5851302640445365e+06 2.3515535821665511e+04 4.5047799449448720e+15 6.1961861908644712e+28
4.6996103927664577e-16 1.6048938146317510e+06 2.3232953762182697e+04 4.4552106887100785e+15 6.2427657522810100e+28
4.5922805367964241e-16 1.6252922721032451e+06 2.2956596019655415e+04 4.4074450523625765e+15 6.2923412869256206e+28
4.4874018835899630e-16 1.6463434914868292e+06 2.2686394326871468e+04 4.3614509855068720e+15 6.3448931421735297e+28
4.3849184524981673e-16 1.6680653282084377e+06 2.2422278641113833e+04 4.3171951605798770e+15 6.4005939468600486e+28
4.2847755413599502e-16 1.6904754999271659e+06 2.2164176348102887e+04 4.2746422247779020e+15 6.4593601239356250e+28
4.1869196973040407e-16 1.7135913671750810e+06 2.1912011040043737e+04 4.2337534702017120e+15 6.5217345980562286e+28
4.0912986882175220e-16 1.7374304621751290e+06 2.1665685482378001e+04 4.1944800709307155e+15 6.5875099328799546e+28
3.9978614748662337e-16 1.7620767177269130e+06 2.1424438952114702e+04 4.1566579835901300e+15 6.6564450157710648e+28
3.9065581836517140e-16 1.7875997477017127e+06 2.1187840271118650e+04 4.1202069336609355e+15 6.7296377147526336e+28
3.8173400799903273e-16 1.8140354799988887e+06 2.0955854396733557e+04 4.0851192368419645e+15 6.8068944606100884e+28
3.7301595423005024e-16 1.8414213938834444e+06 2.0728445814965282e+04 4.0513871946851980e+15 6.8888561624449061e+28
3.6449700365839047e-16 1.8697965150685988e+06 2.0505578384537828e+04 4.0190029825232295e+15 6.9750242852327008e+28
3.5617260915871332e-16 1.8992015115177606e+06 2.0287215149918688e+04 3.9879585024337535e+15 7.0662471276641640e+28
3.4803832745308041e-16 1.9296786383126751e+06 2.0073317983683668e+04 3.9582450966588080e+15 7.1627192342277082e+28
3.4008981673928033e-16 1.9612719066608988e+06 1.9863847093000371e+04 3.9298531275614940e+15 7.2649490226114262e+28
3.3232283437331837e-16 1.9940268226886746e+06 1.9658759910386550e+04 3.9027709800856155e+15 7.3731864663816784e+28
3.2473323460484662e-16 2.0279924591399787e+06 1.9457993734456195e+04 3.8769798946510675e+15 7.4874912789284416e+28
3.1731696636429899e-16 2.0632911102987234e+06 1.9261086302161690e+04 3.8524048481178550e+15 7.6091846661874459e+28
3.1007007110056506e-16 2.1000236607213686e+06 1.9067825240983726e+04 3.8290263863600635e+15 7.7382882836007156e+28
3.0298868066805791e-16 2.1382647692632619e+06 1.8878195456609279e+04 3.8068568102080685e+15 7.8760523350338895e+28
2.9606901526202619e-16 2.1780937680304241e+06 1.8692182080838655e+04 3.7859096680827960e+15 8.0230361379088110e+28
